#!ascii label  , from subject sub-01 vox2ras=TkReg
1242
57119  -46.127  -38.662  29.657 0.0000000000
44310  -35.148  -50.268  34.481 0.0000000000
66064  -53.734  -30.227  24.199 0.0000000000
59192  -40.503  -37.008  21.035 0.0000000000
64905  -48.286  -31.469  27.206 0.0000000000
47628  -43.177  -47.577  30.118 0.0000000000
47698  -32.726  -47.326  24.585 0.0000000000
51981  -38.845  -43.162  21.083 0.0000000000
46435  -27.098  -48.585  38.571 0.0000000000
74736  -53.513  -21.620  21.393 0.0000000000
44387  -26.646  -50.079  28.387 0.0000000000
58161  -41.725  -38.052  26.058 0.0000000000
62600  -44.229  -34.134  24.645 0.0000000000
61435  -47.577  -34.642  28.725 0.0000000000
51862  -44.921  -43.728  29.464 0.0000000000
48728  -40.699  -45.426  25.805 0.0000000000
52940  -41.095  -42.643  25.409 0.0000000000
55046  -41.496  -41.441  20.713 0.0000000000
74816  -55.796  -22.929  17.828 0.0000000000
45359  -30.824  -48.890  36.170 0.0000000000
45409  -26.871  -49.537  33.125 0.0000000000
46536  -30.691  -48.883  31.071 0.0000000000
68032  -50.541  -28.350  25.239 0.0000000000
44346  -39.370  -50.046  32.209 0.0000000000
45509  -35.164  -48.914  29.265 0.0000000000
46626  -38.328  -48.072  27.335 0.0000000000
49806  -35.974  -45.668  23.076 0.0000000000
42141  -25.258  -52.247  39.746 0.0000000000
71222  -50.515  -25.133  30.175 0.0000000000
71263  -53.528  -25.443  26.883 0.0000000000
76904  -52.892  -20.428  25.661 0.0000000000
71302  -53.296  -25.686  23.406 0.0000000000
70175  -50.770  -26.591  19.701 0.0000000000
41070  -26.908  -53.335  35.649 0.0000000000
46633  -30.308  -48.848  26.583 0.0000000000
58137  -43.873  -38.129  28.206 0.0000000000
59128  -44.538  -36.414  27.598 0.0000000000
59109  -46.742  -36.847  29.234 0.0000000000
54925  -45.377  -41.003  29.903 0.0000000000
52896  -43.194  -42.653  27.874 0.0000000000
54958  -42.662  -40.565  27.857 0.0000000000
56145  -41.254  -39.758  25.905 0.0000000000
64966  -54.063  -31.628  23.432 0.0000000000
67103  -54.714  -29.570  23.341 0.0000000000
45376  -33.323  -49.922  35.658 0.0000000000
45413  -30.721  -49.297  33.775 0.0000000000
45432  -32.474  -49.494  32.850 0.0000000000
61557  -41.397  -34.884  21.042 0.0000000000
62590  -47.013  -32.778  25.358 0.0000000000
63735  -46.158  -32.566  23.980 0.0000000000
64946  -47.799  -31.629  24.642 0.0000000000
67098  -48.560  -29.765  23.828 0.0000000000
67076  -48.899  -29.263  25.669 0.0000000000
45485  -41.654  -49.145  30.806 0.0000000000
45503  -39.866  -50.108  29.984 0.0000000000
46607  -41.543  -48.362  28.984 0.0000000000
50859  -40.377  -44.674  23.696 0.0000000000
48748  -38.473  -45.896  24.638 0.0000000000
49822  -37.447  -44.518  22.697 0.0000000000
57258  -40.068  -38.907  20.944 0.0000000000
71245  -52.123  -24.943  28.657 0.0000000000
74704  -53.242  -23.006  24.933 0.0000000000
73668  -51.477  -23.276  22.466 0.0000000000
71334  -51.974  -26.270  22.190 0.0000000000
73685  -51.649  -23.439  20.118 0.0000000000
72629  -53.200  -24.154  15.509 0.0000000000
43235  -25.826  -51.340  38.884 0.0000000000
41051  -26.723  -53.709  37.790 0.0000000000
43264  -25.864  -51.519  36.329 0.0000000000
45473  -26.441  -50.148  30.142 0.0000000000
42249  -26.038  -52.303  31.658 0.0000000000
43331  -27.228  -52.266  29.475 0.0000000000
46637  -34.412  -48.551  26.602 0.0000000000
46620  -32.244  -48.574  27.447 0.0000000000
46646  -31.528  -48.304  25.590 0.0000000000
58180  -41.129  -37.539  23.712 0.0000000000
60342  -42.018  -35.229  23.134 0.0000000000
60294  -43.209  -35.596  25.605 0.0000000000
61467  -45.345  -34.388  26.647 0.0000000000
62568  -48.017  -32.711  27.452 0.0000000000
48689  -44.299  -46.113  29.675 0.0000000000
47666  -42.476  -46.528  27.927 0.0000000000
49763  -42.787  -45.181  27.616 0.0000000000
50849  -41.397  -44.100  25.380 0.0000000000
51952  -41.424  -43.534  23.031 0.0000000000
53009  -40.721  -42.922  20.262 0.0000000000
53946  -40.496  -41.766  22.814 0.0000000000
56169  -39.829  -39.905  23.446 0.0000000000
74771  -54.384  -22.421  19.739 0.0000000000
75859  -57.612  -21.154  19.537 0.0000000000
46471  -28.412  -48.484  36.977 0.0000000000
44285  -26.035  -49.611  35.675 0.0000000000
45392  -28.890  -49.079  34.521 0.0000000000
45428  -28.415  -49.206  32.525 0.0000000000
46572  -28.013  -48.728  29.464 0.0000000000
62623  -43.337  -33.833  22.959 0.0000000000
67111  -50.000  -29.031  22.888 0.0000000000
68034  -52.452  -28.911  25.027 0.0000000000
44328  -37.286  -50.476  33.434 0.0000000000
45457  -35.637  -49.843  31.968 0.0000000000
45482  -38.230  -50.013  31.099 0.0000000000
46603  -37.042  -48.694  28.261 0.0000000000
46651  -36.408  -47.879  25.887 0.0000000000
47671  -39.277  -47.041  26.576 0.0000000000
47703  -37.523  -46.947  24.849 0.0000000000
48744  -34.762  -46.824  24.206 0.0000000000
59091  -47.697  -36.466  31.166 0.0000000000
46494  -37.145  -48.678  35.034 0.0000000000
47606  -39.727  -47.569  31.275 0.0000000000
48674  -41.678  -46.596  30.638 0.0000000000
61390  -48.462  -34.359  30.921 0.0000000000
63665  -49.413  -32.393  30.170 0.0000000000
66001  -49.119  -30.922  29.281 0.0000000000
68972  -49.513  -27.397  30.995 0.0000000000
68990  -48.653  -28.649  28.541 0.0000000000
70080  -50.499  -26.614  27.692 0.0000000000
69019  -52.396  -27.589  26.440 0.0000000000
69021  -53.688  -27.466  25.984 0.0000000000
75740  -53.957  -22.207  26.845 0.0000000000
72468  -54.822  -24.607  25.127 0.0000000000
69037  -54.539  -27.684  23.783 0.0000000000
69067  -54.028  -27.617  22.127 0.0000000000
72590  -52.019  -23.974  18.018 0.0000000000
37793  -25.936  -56.092  37.775 0.0000000000
40017  -28.643  -55.480  34.454 0.0000000000
43289  -25.811  -51.653  34.162 0.0000000000
41085  -26.818  -53.452  33.353 0.0000000000
45477  -33.173  -48.975  30.641 0.0000000000
46596  -30.166  -48.600  28.485 0.0000000000
45519  -28.026  -48.975  27.347 0.0000000000
44411  -27.953  -49.964  25.246 0.0000000000
57132  -44.892  -38.504  28.838 0.0000000000
58139  -45.272  -37.626  28.715 0.0000000000
57134  -46.248  -38.133  29.411 0.0000000000
54943  -45.245  -40.028  29.359 0.0000000000
54942  -44.549  -40.819  28.990 0.0000000000
56082  -44.651  -39.488  28.987 0.0000000000
56107  -43.292  -39.438  28.167 0.0000000000
66063  -53.137  -30.151  24.135 0.0000000000
66082  -53.544  -30.758  23.744 0.0000000000
66084  -54.544  -30.565  23.529 0.0000000000
66065  -54.199  -30.180  24.104 0.0000000000
44297  -34.214  -50.052  35.308 0.0000000000
45415  -32.975  -49.963  33.958 0.0000000000
45416  -34.116  -50.110  33.673 0.0000000000
59206  -40.518  -36.799  20.105 0.0000000000
59193  -40.847  -36.231  21.304 0.0000000000
63714  -47.815  -31.984  26.022 0.0000000000
63724  -47.580  -32.378  25.009 0.0000000000
64931  -47.981  -31.557  25.439 0.0000000000
66061  -47.996  -31.031  24.918 0.0000000000
67075  -48.355  -29.994  26.053 0.0000000000
46559  -42.313  -48.557  30.362 0.0000000000
45505  -41.679  -49.336  30.233 0.0000000000
46584  -42.256  -48.625  29.653 0.0000000000
50898  -39.969  -44.378  22.346 0.0000000000
50878  -38.294  -44.479  22.943 0.0000000000
50896  -37.971  -43.902  22.349 0.0000000000
50911  -36.352  -43.883  21.550 0.0000000000
58210  -40.195  -37.899  21.559 0.0000000000
57267  -40.785  -38.742  19.414 0.0000000000
58230  -40.527  -37.821  19.668 0.0000000000
75812  -52.003  -21.866  23.236 0.0000000000
74724  -51.993  -22.062  22.473 0.0000000000
73676  -51.349  -23.546  21.251 0.0000000000
74746  -52.453  -22.642  20.533 0.0000000000
45333  -26.085  -49.420  38.382 0.0000000000
43244  -25.697  -51.269  37.997 0.0000000000
45344  -25.778  -49.849  37.762 0.0000000000
45494  -26.495  -50.124  29.168 0.0000000000
44381  -26.425  -51.061  29.564 0.0000000000
43333  -26.946  -51.661  28.805 0.0000000000
42266  -27.487  -52.538  28.552 0.0000000000
42273  -26.944  -52.333  27.627 0.0000000000
46648  -33.591  -48.444  25.860 0.0000000000
46647  -32.655  -48.429  25.873 0.0000000000
47675  -32.746  -48.026  25.315 0.0000000000
58170  -41.523  -37.623  24.943 0.0000000000
59157  -42.215  -36.166  24.492 0.0000000000
59147  -42.961  -36.174  25.989 0.0000000000
60266  -46.205  -35.196  27.899 0.0000000000
61452  -45.451  -35.011  27.417 0.0000000000
60267  -46.657  -34.661  27.857 0.0000000000
62566  -46.713  -33.484  26.899 0.0000000000
61436  -48.031  -33.879  28.454 0.0000000000
50801  -44.962  -44.762  29.966 0.0000000000
49749  -44.043  -45.693  29.189 0.0000000000
50815  -43.702  -44.430  28.693 0.0000000000
52915  -42.016  -42.693  26.721 0.0000000000
51918  -42.200  -43.768  26.574 0.0000000000
51917  -41.505  -43.415  25.920 0.0000000000
50882  -41.303  -44.140  23.603 0.0000000000
51937  -41.072  -43.499  23.884 0.0000000000
52985  -41.426  -42.793  22.359 0.0000000000
53931  -40.587  -41.761  24.425 0.0000000000
57160  -41.827  -38.877  26.463 0.0000000000
56161  -40.753  -39.724  24.938 0.0000000000
57198  -40.883  -38.517  24.396 0.0000000000
57212  -40.794  -38.170  23.815 0.0000000000
45358  -29.820  -48.978  36.373 0.0000000000
46490  -28.323  -48.628  36.184 0.0000000000
45372  -29.210  -49.019  35.613 0.0000000000
45430  -30.371  -49.232  32.787 0.0000000000
45429  -29.377  -49.151  32.656 0.0000000000
45452  -30.059  -49.132  31.825 0.0000000000
45476  -28.574  -49.049  31.002 0.0000000000
46554  -29.435  -48.662  30.178 0.0000000000
61507  -43.090  -34.245  23.756 0.0000000000
61522  -42.450  -34.560  22.896 0.0000000000
62613  -43.864  -33.887  24.118 0.0000000000
63762  -46.220  -31.860  22.930 0.0000000000
63747  -44.958  -32.492  22.952 0.0000000000
64982  -45.809  -31.569  21.725 0.0000000000
67087  -49.059  -29.138  24.661 0.0000000000
67099  -49.384  -28.967  23.695 0.0000000000
68055  -50.365  -28.812  23.711 0.0000000000
68056  -51.224  -29.177  23.676 0.0000000000
68033  -51.497  -28.569  25.175 0.0000000000
44345  -38.532  -50.108  32.461 0.0000000000
44361  -37.669  -50.236  32.225 0.0000000000
44362  -38.535  -50.281  31.816 0.0000000000
46605  -39.350  -48.420  28.613 0.0000000000
46580  -38.350  -49.256  29.468 0.0000000000
46625  -37.259  -48.281  27.379 0.0000000000
46639  -36.379  -48.196  26.545 0.0000000000
46640  -37.370  -47.980  26.364 0.0000000000
48715  -41.809  -46.059  27.305 0.0000000000
48714  -40.858  -46.476  27.278 0.0000000000
48721  -39.990  -46.380  26.614 0.0000000000
48761  -37.303  -45.758  23.551 0.0000000000
47704  -38.210  -46.576  24.872 0.0000000000
48746  -36.649  -46.573  24.156 0.0000000000
48745  -35.702  -46.664  24.196 0.0000000000
53990  -41.566  -41.881  20.402 0.0000000000
47625  -40.311  -47.164  30.709 0.0000000000
50763  -44.702  -44.415  31.256 0.0000000000
59092  -47.885  -35.935  30.697 0.0000000000
63649  -48.740  -32.260  31.694 0.0000000000
64842  -48.982  -31.416  31.325 0.0000000000
64874  -49.370  -31.630  29.670 0.0000000000
67026  -49.217  -29.526  31.247 0.0000000000
68973  -49.771  -26.439  30.955 0.0000000000
68982  -49.335  -27.596  30.071 0.0000000000
70053  -49.648  -26.622  29.342 0.0000000000
69001  -49.290  -27.537  27.490 0.0000000000
70063  -50.659  -25.941  28.677 0.0000000000
71262  -52.803  -25.139  27.594 0.0000000000
70082  -52.288  -25.975  27.601 0.0000000000
70083  -53.117  -26.216  27.087 0.0000000000
69020  -53.078  -27.618  26.352 0.0000000000
70084  -53.695  -26.453  26.479 0.0000000000
75759  -53.471  -21.402  26.415 0.0000000000
72481  -53.027  -24.356  24.435 0.0000000000
73652  -54.531  -23.673  24.951 0.0000000000
72500  -54.278  -25.251  24.180 0.0000000000
70104  -54.527  -26.055  24.583 0.0000000000
71319  -54.081  -26.546  23.095 0.0000000000
69054  -54.276  -27.604  22.599 0.0000000000
71336  -53.473  -26.719  22.616 0.0000000000
70157  -51.189  -26.415  20.698 0.0000000000
69064  -52.126  -27.477  21.403 0.0000000000
69075  -51.422  -27.621  20.671 0.0000000000
74796  -54.876  -22.655  18.769 0.0000000000
74795  -53.732  -22.750  18.986 0.0000000000
73706  -54.238  -22.962  18.167 0.0000000000
41060  -26.847  -53.438  36.695 0.0000000000
39992  -27.317  -54.935  37.228 0.0000000000
40007  -27.824  -54.932  35.790 0.0000000000
38916  -28.229  -55.551  35.817 0.0000000000
40016  -28.029  -54.785  34.710 0.0000000000
45390  -26.876  -49.256  34.064 0.0000000000
44306  -25.754  -50.583  34.470 0.0000000000
44322  -25.780  -50.649  33.360 0.0000000000
42240  -26.278  -52.885  31.912 0.0000000000
40059  -28.689  -54.215  30.666 0.0000000000
45479  -35.066  -49.270  30.846 0.0000000000
45456  -34.378  -49.537  31.755 0.0000000000
45497  -34.126  -48.980  29.905 0.0000000000
46619  -31.248  -48.647  27.481 0.0000000000
46598  -32.024  -48.607  28.395 0.0000000000
46618  -30.347  -48.698  27.586 0.0000000000
46617  -29.551  -48.617  27.708 0.0000000000
46632  -29.552  -48.802  26.944 0.0000000000
44401  -27.416  -50.593  25.603 0.0000000000
58146  -42.843  -38.186  27.433 0.0000000000
58156  -43.031  -37.021  27.118 0.0000000000
58148  -44.169  -37.176  27.860 0.0000000000
60249  -45.780  -36.198  28.411 0.0000000000
60237  -47.272  -35.562  29.162 0.0000000000
53863  -45.592  -42.233  29.846 0.0000000000
51881  -43.793  -43.287  28.411 0.0000000000
53876  -44.402  -41.730  28.871 0.0000000000
53883  -43.071  -41.902  28.061 0.0000000000
54967  -41.988  -40.887  26.906 0.0000000000
54966  -41.421  -40.620  26.230 0.0000000000
56127  -42.351  -39.647  27.118 0.0000000000
57161  -42.361  -38.805  26.980 0.0000000000
67127  -55.075  -29.535  21.797 0.0000000000
45360  -31.888  -48.974  36.010 0.0000000000
45394  -31.109  -49.340  34.721 0.0000000000
45395  -32.149  -49.737  34.817 0.0000000000
45414  -31.798  -49.557  33.869 0.0000000000
45454  -31.984  -49.121  31.967 0.0000000000
62588  -45.719  -33.601  25.188 0.0000000000
62602  -45.589  -33.237  24.465 0.0000000000
62603  -46.569  -32.834  24.628 0.0000000000
63736  -46.908  -32.371  24.184 0.0000000000
64963  -47.403  -31.529  23.656 0.0000000000
66097  -47.619  -30.977  23.115 0.0000000000
66079  -47.935  -30.892  23.953 0.0000000000
67086  -48.331  -30.092  24.942 0.0000000000
68031  -49.610  -28.579  25.424 0.0000000000
44376  -40.732  -50.228  31.420 0.0000000000
44383  -40.161  -50.651  30.619 0.0000000000
45504  -40.813  -49.980  30.198 0.0000000000
46582  -40.227  -49.256  29.485 0.0000000000
47654  -39.851  -48.021  28.279 0.0000000000
49774  -40.359  -45.301  25.175 0.0000000000
49773  -39.412  -45.525  24.997 0.0000000000
49791  -38.987  -45.186  24.293 0.0000000000
49808  -37.539  -45.081  23.237 0.0000000000
49821  -36.679  -44.873  22.578 0.0000000000
49820  -35.640  -45.217  22.324 0.0000000000
50894  -36.027  -44.562  21.879 0.0000000000
55056  -41.141  -40.546  20.418 0.0000000000
56223  -41.055  -39.831  19.539 0.0000000000
72396  -51.109  -24.016  30.600 0.0000000000
71244  -51.405  -25.164  29.068 0.0000000000
72410  -51.561  -23.965  29.740 0.0000000000
72412  -52.691  -23.592  28.739 0.0000000000
73605  -53.491  -23.401  27.840 0.0000000000
76915  -52.627  -20.847  23.958 0.0000000000
75776  -52.929  -21.275  25.488 0.0000000000
74703  -52.368  -22.548  24.563 0.0000000000
73648  -51.999  -23.276  24.289 0.0000000000
72513  -52.365  -25.174  23.250 0.0000000000
71316  -52.526  -25.874  22.799 0.0000000000
71315  -51.664  -25.377  22.512 0.0000000000
72555  -51.067  -24.488  20.728 0.0000000000
72575  -51.286  -24.466  19.598 0.0000000000
73720  -55.922  -23.592  17.372 0.0000000000
73733  -54.984  -23.544  16.720 0.0000000000
72615  -55.291  -23.860  16.496 0.0000000000
43234  -25.702  -51.586  39.473 0.0000000000
41040  -26.116  -53.371  38.738 0.0000000000
42156  -26.107  -52.412  38.179 0.0000000000
42170  -26.441  -52.690  37.180 0.0000000000
42183  -26.267  -52.544  36.138 0.0000000000
45426  -26.767  -49.824  32.283 0.0000000000
44340  -26.105  -50.399  32.374 0.0000000000
44372  -26.067  -50.961  30.666 0.0000000000
43325  -26.397  -51.842  30.320 0.0000000000
42256  -27.445  -52.716  30.000 0.0000000000
41117  -28.448  -53.723  30.081 0.0000000000
42262  -27.949  -53.104  29.240 0.0000000000
46601  -35.035  -48.822  28.378 0.0000000000
46600  -34.007  -48.680  28.319 0.0000000000
46621  -33.251  -48.618  27.432 0.0000000000
46635  -32.430  -48.547  26.575 0.0000000000
46645  -30.307  -48.661  25.637 0.0000000000
58196  -41.106  -37.037  22.777 0.0000000000
59180  -41.201  -36.213  22.269 0.0000000000
59168  -41.655  -36.290  23.293 0.0000000000
60307  -42.710  -35.513  24.815 0.0000000000
61491  -43.704  -34.736  24.872 0.0000000000
60279  -44.247  -35.895  26.841 0.0000000000
61479  -43.879  -35.054  26.106 0.0000000000
61481  -45.363  -33.961  25.696 0.0000000000
62577  -46.481  -33.198  25.998 0.0000000000
62578  -47.112  -32.813  26.324 0.0000000000
63702  -47.996  -32.031  26.935 0.0000000000
47629  -43.855  -46.853  30.165 0.0000000000
46609  -43.166  -47.552  29.139 0.0000000000
47658  -43.674  -46.972  28.975 0.0000000000
48716  -42.689  -45.947  27.686 0.0000000000
49762  -42.228  -45.422  27.093 0.0000000000
51902  -43.211  -43.791  27.853 0.0000000000
50844  -42.239  -44.457  26.600 0.0000000000
49776  -41.423  -44.670  25.764 0.0000000000
50860  -40.844  -44.582  24.024 0.0000000000
50881  -40.935  -44.531  23.263 0.0000000000
50914  -40.533  -44.227  21.788 0.0000000000
51998  -39.914  -43.204  20.657 0.0000000000
51984  -41.416  -43.519  21.412 0.0000000000
53967  -41.478  -42.387  21.766 0.0000000000
53983  -41.290  -41.635  21.387 0.0000000000
54993  -40.502  -40.952  24.604 0.0000000000
55005  -39.853  -40.996  23.144 0.0000000000
55025  -39.836  -40.437  22.485 0.0000000000
57230  -40.083  -39.051  22.861 0.0000000000
58195  -40.480  -37.975  22.777 0.0000000000
74747  -53.781  -22.032  20.754 0.0000000000
75856  -55.652  -21.546  20.714 0.0000000000
74750  -56.491  -21.826  19.929 0.0000000000
74773  -56.582  -22.070  19.406 0.0000000000
74799  -57.513  -22.344  18.481 0.0000000000
74818  -58.005  -22.405  17.940 0.0000000000
46451  -27.701  -48.417  37.691 0.0000000000
46469  -26.670  -48.907  37.057 0.0000000000
46470  -27.382  -48.622  36.737 0.0000000000
45371  -28.019  -48.763  35.372 0.0000000000
45391  -27.817  -48.993  34.310 0.0000000000
45393  -30.002  -49.187  34.655 0.0000000000
45411  -28.644  -49.127  33.494 0.0000000000
45427  -27.542  -49.440  32.399 0.0000000000
45449  -27.283  -49.501  31.490 0.0000000000
45496  -27.494  -49.098  29.958 0.0000000000
46571  -27.348  -49.114  29.252 0.0000000000
61521  -41.976  -34.867  22.460 0.0000000000
61539  -42.281  -34.209  21.786 0.0000000000
62614  -44.535  -33.221  23.622 0.0000000000
67088  -52.128  -29.544  24.137 0.0000000000
67078  -52.967  -29.174  24.782 0.0000000000
44312  -36.776  -50.473  34.145 0.0000000000
44326  -35.431  -50.361  33.621 0.0000000000
44342  -36.111  -50.286  32.766 0.0000000000
45458  -36.613  -49.785  31.701 0.0000000000
45500  -36.561  -49.280  29.991 0.0000000000
45502  -38.929  -49.989  30.306 0.0000000000
45501  -37.691  -49.484  29.966 0.0000000000
45510  -35.881  -49.103  29.125 0.0000000000
46623  -35.237  -48.676  27.412 0.0000000000
46638  -35.392  -48.418  26.583 0.0000000000
47677  -34.669  -47.913  25.224 0.0000000000
47656  -41.682  -47.582  28.471 0.0000000000
47655  -40.667  -47.869  28.373 0.0000000000
47663  -39.569  -47.520  27.538 0.0000000000
48726  -38.858  -46.196  25.400 0.0000000000
47681  -38.473  -47.053  25.629 0.0000000000
47669  -37.856  -47.895  26.213 0.0000000000
47679  -36.479  -47.527  25.439 0.0000000000
47701  -35.650  -47.145  24.864 0.0000000000
53023  -39.219  -42.308  19.561 0.0000000000
56064  -46.721  -38.912  30.084 0.0000000000
57121  -47.373  -38.075  29.849 0.0000000000
44244  -26.047  -50.075  39.884 0.0000000000
46436  -27.987  -48.286  38.350 0.0000000000
46437  -28.743  -48.048  38.435 0.0000000000
46453  -29.528  -48.175  37.718 0.0000000000
45361  -32.804  -49.361  36.162 0.0000000000
45362  -33.636  -49.425  36.108 0.0000000000
45378  -34.605  -49.641  35.482 0.0000000000
45398  -36.272  -50.069  34.626 0.0000000000
45399  -37.042  -49.875  34.485 0.0000000000
45418  -38.207  -49.466  33.592 0.0000000000
46522  -38.789  -49.008  32.597 0.0000000000
46523  -38.979  -48.426  32.561 0.0000000000
45462  -40.144  -49.477  31.874 0.0000000000
46540  -40.454  -48.636  31.410 0.0000000000
47608  -41.742  -47.637  30.977 0.0000000000
48659  -42.321  -46.973  30.852 0.0000000000
48661  -43.639  -46.182  30.712 0.0000000000
49702  -44.025  -45.301  30.906 0.0000000000
49704  -45.036  -44.783  30.487 0.0000000000
56045  -46.028  -40.378  30.513 0.0000000000
58130  -47.426  -37.361  29.715 0.0000000000
59111  -47.580  -35.984  29.673 0.0000000000
61420  -47.736  -34.938  29.250 0.0000000000
62520  -48.445  -33.192  32.162 0.0000000000
62529  -48.825  -33.749  30.328 0.0000000000
62539  -48.725  -33.751  29.612 0.0000000000
62558  -48.710  -33.110  28.774 0.0000000000
64891  -48.955  -31.644  28.765 0.0000000000
66013  -48.668  -30.799  28.411 0.0000000000
67987  -49.342  -28.580  30.701 0.0000000000
67050  -48.740  -29.515  29.003 0.0000000000
67060  -48.341  -30.126  27.961 0.0000000000
68017  -48.507  -28.958  27.012 0.0000000000
68018  -49.210  -28.439  26.506 0.0000000000
69017  -50.710  -27.579  26.589 0.0000000000
70064  -51.700  -25.614  28.328 0.0000000000
69003  -51.095  -27.027  27.106 0.0000000000
68020  -51.115  -27.980  25.902 0.0000000000
68021  -52.001  -28.207  25.908 0.0000000000
68035  -53.154  -28.689  25.313 0.0000000000
68036  -53.763  -28.452  25.225 0.0000000000
75739  -53.538  -21.963  27.514 0.0000000000
73606  -53.985  -23.657  26.926 0.0000000000
75778  -53.996  -22.417  25.800 0.0000000000
73624  -55.000  -23.956  26.076 0.0000000000
72456  -54.439  -24.926  26.138 0.0000000000
71280  -54.383  -25.975  25.554 0.0000000000
69036  -54.487  -27.744  24.441 0.0000000000
68049  -54.581  -28.617  23.896 0.0000000000
68059  -54.607  -28.499  23.001 0.0000000000
68069  -54.812  -28.887  22.212 0.0000000000
67126  -54.809  -29.219  21.544 0.0000000000
70143  -53.164  -27.223  22.134 0.0000000000
69077  -53.090  -28.255  21.089 0.0000000000
68087  -53.602  -28.818  20.702 0.0000000000
74769  -52.648  -22.878  19.797 0.0000000000
73697  -51.853  -23.704  19.012 0.0000000000
71397  -51.197  -25.300  18.177 0.0000000000
73717  -53.162  -23.534  16.965 0.0000000000
71415  -51.281  -25.323  17.232 0.0000000000
71396  -50.671  -25.978  17.763 0.0000000000
39991  -26.821  -54.782  37.850 0.0000000000
44284  -25.717  -50.247  36.500 0.0000000000
43276  -25.825  -51.506  35.238 0.0000000000
42198  -26.332  -52.626  35.016 0.0000000000
43302  -25.744  -51.539  33.248 0.0000000000
42214  -26.255  -52.537  33.896 0.0000000000
41078  -26.883  -53.350  34.527 0.0000000000
40024  -28.255  -54.896  33.406 0.0000000000
45434  -34.879  -50.066  32.885 0.0000000000
45455  -33.052  -49.184  31.542 0.0000000000
46537  -31.621  -48.855  31.191 0.0000000000
46577  -32.723  -48.651  29.347 0.0000000000
46576  -31.723  -48.665  29.378 0.0000000000
46555  -30.313  -48.681  30.210 0.0000000000
46574  -29.833  -48.586  29.360 0.0000000000
46594  -28.399  -48.577  28.587 0.0000000000
45518  -27.442  -49.414  27.720 0.0000000000
46668  -30.489  -48.194  24.750 0.0000000000
46644  -29.681  -48.754  25.360 0.0000000000
45527  -28.556  -49.387  25.641 0.0000000000
44402  -27.867  -49.788  26.060 0.0000000000
44397  -27.124  -50.270  26.772 0.0000000000
43342  -26.618  -51.538  26.978 0.0000000000
57133  -45.711  -38.259  29.186 0.0000000000
56063  -45.868  -39.637  30.002 0.0000000000
56083  -45.430  -39.104  29.327 0.0000000000
44309  -34.416  -50.217  34.825 0.0000000000
44325  -34.626  -50.270  34.161 0.0000000000
59207  -40.673  -36.361  20.668 0.0000000000
64918  -48.063  -31.474  26.299 0.0000000000
66050  -48.136  -30.850  25.689 0.0000000000
66039  -48.285  -30.769  26.624 0.0000000000
47627  -42.714  -47.978  30.215 0.0000000000
46560  -42.718  -48.158  29.985 0.0000000000
51968  -39.580  -44.127  21.937 0.0000000000
50897  -39.025  -44.118  22.462 0.0000000000
58222  -40.268  -37.854  20.546 0.0000000000
75831  -53.445  -21.160  21.831 0.0000000000
74725  -52.493  -21.590  22.307 0.0000000000
74735  -52.756  -21.826  21.602 0.0000000000
74734  -51.821  -22.657  21.498 0.0000000000
45332  -25.757  -50.054  38.210 0.0000000000
45507  -26.575  -50.081  28.653 0.0000000000
44386  -26.550  -50.670  28.479 0.0000000000
42265  -26.899  -52.069  28.283 0.0000000000
43340  -26.614  -51.538  27.963 0.0000000000
47676  -33.694  -47.980  25.222 0.0000000000
58162  -42.138  -37.208  25.759 0.0000000000
60251  -46.898  -35.038  28.355 0.0000000000
61454  -47.197  -34.056  27.843 0.0000000000
50800  -44.595  -44.423  29.470 0.0000000000
50816  -44.217  -44.274  29.114 0.0000000000
52914  -41.447  -42.672  26.081 0.0000000000
51930  -41.135  -43.435  24.886 0.0000000000
52956  -40.734  -42.527  24.207 0.0000000000
53911  -40.816  -41.763  25.072 0.0000000000
57180  -41.298  -38.741  25.461 0.0000000000
45373  -30.404  -49.152  35.529 0.0000000000
45453  -31.024  -49.156  31.940 0.0000000000
46535  -29.791  -48.820  30.969 0.0000000000
64962  -46.746  -31.633  23.044 0.0000000000
68044  -49.938  -28.585  24.491 0.0000000000
68045  -50.921  -28.702  24.425 0.0000000000
44363  -39.416  -50.373  31.806 0.0000000000
46604  -38.176  -48.678  28.501 0.0000000000
48722  -40.877  -45.801  26.535 0.0000000000
48760  -36.651  -46.038  23.547 0.0000000000
48759  -35.681  -46.099  23.463 0.0000000000
54001  -41.326  -41.674  19.569 0.0000000000
65968  -49.242  -30.565  30.919 0.0000000000
71207  -50.239  -24.912  30.836 0.0000000000
70042  -50.055  -25.772  30.589 0.0000000000
70041  -49.735  -26.579  30.349 0.0000000000
70054  -50.213  -25.835  29.785 0.0000000000
72445  -53.401  -24.375  27.328 0.0000000000
78011  -52.773  -20.376  25.620 0.0000000000
77993  -52.984  -20.269  26.114 0.0000000000
76893  -53.056  -20.895  26.134 0.0000000000
72498  -53.191  -25.118  23.804 0.0000000000
72499  -53.935  -25.182  24.059 0.0000000000
71303  -53.633  -25.745  23.509 0.0000000000
71304  -54.168  -25.953  23.664 0.0000000000
71318  -53.769  -26.336  23.107 0.0000000000
70174  -50.491  -26.688  18.952 0.0000000000
74797  -55.932  -22.458  18.547 0.0000000000
73707  -54.896  -22.797  18.132 0.0000000000
39975  -25.226  -53.914  39.229 0.0000000000
41071  -27.379  -54.098  36.200 0.0000000000
41079  -27.417  -54.100  35.163 0.0000000000
44307  -26.156  -49.797  33.766 0.0000000000
44323  -26.297  -49.979  32.969 0.0000000000
45499  -35.580  -49.184  29.984 0.0000000000
45498  -34.615  -49.007  29.838 0.0000000000
45523  -29.322  -48.923  26.140 0.0000000000
58147  -43.435  -37.908  27.739 0.0000000000
58138  -44.318  -37.837  28.335 0.0000000000
59119  -46.231  -36.775  28.895 0.0000000000
59118  -45.643  -36.681  28.529 0.0000000000
60250  -46.274  -36.000  28.729 0.0000000000
60236  -46.852  -36.202  29.235 0.0000000000
53862  -44.914  -41.791  29.314 0.0000000000
54941  -43.377  -40.545  28.370 0.0000000000
53874  -42.990  -41.245  28.182 0.0000000000
53882  -42.525  -41.826  27.510 0.0000000000
57145  -43.378  -38.700  27.969 0.0000000000
57144  -42.843  -38.778  27.520 0.0000000000
64965  -53.356  -31.210  23.207 0.0000000000
67114  -54.966  -29.569  22.556 0.0000000000
45375  -32.475  -49.632  35.529 0.0000000000
45431  -31.388  -49.332  32.873 0.0000000000
60372  -41.076  -35.560  20.194 0.0000000000
62589  -46.283  -33.266  25.199 0.0000000000
63738  -47.756  -32.072  24.811 0.0000000000
62604  -47.173  -32.513  24.699 0.0000000000
63737  -47.493  -32.052  24.385 0.0000000000
63750  -47.174  -32.048  23.918 0.0000000000
64964  -47.690  -31.440  24.140 0.0000000000
66078  -47.677  -31.145  23.559 0.0000000000
45463  -41.031  -49.430  31.344 0.0000000000
44384  -40.701  -50.445  30.919 0.0000000000
45484  -41.120  -49.823  30.836 0.0000000000
46583  -41.281  -49.172  29.504 0.0000000000
46606  -40.531  -48.539  28.893 0.0000000000
49792  -40.086  -44.985  24.382 0.0000000000
49810  -39.603  -44.729  23.730 0.0000000000
49809  -38.592  -44.862  23.604 0.0000000000
50895  -36.912  -44.213  22.186 0.0000000000
56215  -40.709  -39.886  20.391 0.0000000000
56216  -41.171  -40.300  20.131 0.0000000000
73544  -51.250  -23.284  30.865 0.0000000000
74626  -52.192  -22.579  29.294 0.0000000000
73562  -52.522  -23.165  29.037 0.0000000000
74627  -52.854  -22.502  28.836 0.0000000000
73583  -53.086  -23.197  28.594 0.0000000000
76931  -52.862  -20.727  23.012 0.0000000000
78025  -53.129  -20.350  22.854 0.0000000000
76916  -52.965  -20.461  23.129 0.0000000000
75789  -52.700  -21.569  24.915 0.0000000000
75802  -52.166  -21.794  23.839 0.0000000000
74715  -51.800  -22.434  23.398 0.0000000000
74702  -51.797  -22.786  24.034 0.0000000000
73662  -51.720  -23.546  23.630 0.0000000000
72497  -52.310  -24.310  23.892 0.0000000000
72512  -51.646  -24.359  23.059 0.0000000000
71355  -51.034  -25.483  20.208 0.0000000000
73721  -56.654  -23.524  17.307 0.0000000000
72604  -55.913  -23.928  17.129 0.0000000000
43226  -25.817  -50.834  39.454 0.0000000000
42142  -25.817  -52.395  39.118 0.0000000000
43253  -25.687  -51.058  37.206 0.0000000000
43254  -26.065  -51.863  37.307 0.0000000000
43265  -26.217  -52.160  36.764 0.0000000000
45448  -26.449  -50.135  31.323 0.0000000000
43330  -26.909  -51.965  29.594 0.0000000000
42255  -26.953  -52.430  30.175 0.0000000000
42260  -27.208  -52.392  29.720 0.0000000000
42257  -27.827  -53.019  29.817 0.0000000000
42261  -27.511  -52.567  29.437 0.0000000000
42274  -27.597  -52.897  27.637 0.0000000000
42275  -28.100  -52.989  28.025 0.0000000000
46622  -34.240  -48.664  27.438 0.0000000000
46634  -31.360  -48.592  26.548 0.0000000000
59156  -41.781  -36.770  24.198 0.0000000000
60293  -42.775  -35.722  25.300 0.0000000000
61490  -43.127  -35.122  24.686 0.0000000000
60308  -43.196  -35.253  24.978 0.0000000000
59138  -44.057  -36.390  27.035 0.0000000000
59137  -43.470  -36.274  26.576 0.0000000000
61466  -44.595  -35.103  26.875 0.0000000000
61480  -44.530  -34.472  25.931 0.0000000000
61468  -46.058  -33.850  26.363 0.0000000000
62567  -47.398  -33.074  27.224 0.0000000000
62579  -47.626  -32.450  26.629 0.0000000000
48676  -44.345  -46.175  30.079 0.0000000000
47643  -44.056  -46.722  29.636 0.0000000000
47659  -44.050  -46.465  29.293 0.0000000000
49764  -43.220  -45.129  28.291 0.0000000000
48717  -43.271  -45.780  28.214 0.0000000000
50843  -41.792  -44.245  26.091 0.0000000000
49794  -41.192  -44.555  25.163 0.0000000000
50900  -41.389  -44.164  22.877 0.0000000000
50899  -40.928  -44.409  22.422 0.0000000000
51969  -41.170  -44.053  21.774 0.0000000000
51983  -40.918  -43.873  21.283 0.0000000000
51970  -41.462  -43.672  22.193 0.0000000000
52984  -41.009  -42.340  22.727 0.0000000000
53966  -41.153  -41.846  21.941 0.0000000000
54978  -41.031  -40.763  25.478 0.0000000000
57197  -40.486  -39.388  24.130 0.0000000000
56160  -40.284  -40.128  24.267 0.0000000000
55004  -39.805  -40.643  22.700 0.0000000000
56184  -39.696  -40.261  22.800 0.0000000000
56185  -39.791  -39.904  22.419 0.0000000000
58179  -40.700  -38.053  23.493 0.0000000000
75857  -56.475  -21.508  20.285 0.0000000000
75858  -57.040  -21.309  19.814 0.0000000000
75884  -57.288  -21.656  19.453 0.0000000000
74775  -57.868  -22.047  18.805 0.0000000000
75907  -58.281  -21.847  18.594 0.0000000000
74817  -57.691  -22.441  18.157 0.0000000000
46452  -28.625  -48.324  37.735 0.0000000000
45412  -29.671  -49.156  33.648 0.0000000000
45410  -27.693  -49.258  33.321 0.0000000000
45450  -28.136  -49.219  31.630 0.0000000000
46553  -28.565  -48.797  30.253 0.0000000000
45475  -27.883  -49.176  30.708 0.0000000000
46552  -27.988  -48.910  30.106 0.0000000000
60324  -41.876  -35.594  23.206 0.0000000000
60341  -41.744  -35.348  22.601 0.0000000000
62622  -42.835  -34.086  22.701 0.0000000000
62638  -42.725  -33.874  22.265 0.0000000000
62615  -45.404  -32.739  23.671 0.0000000000
63760  -44.672  -32.357  22.011 0.0000000000
66098  -48.129  -30.265  22.933 0.0000000000
67112  -51.063  -29.341  22.984 0.0000000000
68046  -51.858  -29.234  24.357 0.0000000000
68057  -51.671  -29.383  23.909 0.0000000000
68047  -52.325  -29.257  24.587 0.0000000000
67089  -52.586  -29.601  24.307 0.0000000000
67077  -52.688  -29.218  24.708 0.0000000000
44327  -36.444  -50.519  33.548 0.0000000000
44343  -37.061  -50.379  32.855 0.0000000000
45460  -38.012  -50.165  31.739 0.0000000000
45459  -37.467  -49.946  31.704 0.0000000000
45481  -37.151  -49.570  30.921 0.0000000000
45480  -36.115  -49.454  30.908 0.0000000000
44382  -39.602  -50.490  30.459 0.0000000000
45512  -37.636  -49.061  29.025 0.0000000000
45511  -36.830  -49.070  29.085 0.0000000000
46602  -36.058  -48.854  28.244 0.0000000000
46624  -36.239  -48.530  27.375 0.0000000000
46650  -35.502  -48.095  25.877 0.0000000000
46649  -34.554  -48.329  25.840 0.0000000000
47657  -42.704  -47.191  28.508 0.0000000000
46608  -42.469  -47.957  29.039 0.0000000000
48713  -40.011  -46.838  27.256 0.0000000000
47664  -40.735  -47.139  27.886 0.0000000000
47670  -38.470  -47.692  26.544 0.0000000000
47680  -37.503  -47.617  25.647 0.0000000000
47702  -36.607  -47.058  24.895 0.0000000000
47700  -34.735  -47.365  24.766 0.0000000000
51997  -39.329  -42.922  20.547 0.0000000000
53008  -39.815  -42.721  20.047 0.0000000000
43225  -25.585  -50.957  39.943 0.0000000000
46475  -32.298  -48.606  36.639 0.0000000000
45380  -36.513  -49.394  34.890 0.0000000000
45381  -36.992  -49.322  34.708 0.0000000000
45436  -38.629  -49.555  32.695 0.0000000000
47594  -39.141  -47.477  32.303 0.0000000000
46539  -39.568  -48.514  31.815 0.0000000000
45461  -39.460  -49.057  32.018 0.0000000000
48673  -40.768  -46.637  30.340 0.0000000000
47626  -41.076  -47.227  30.710 0.0000000000
48660  -42.953  -46.496  30.847 0.0000000000
49701  -43.335  -45.332  30.987 0.0000000000
50764  -45.259  -44.412  30.902 0.0000000000
50782  -45.284  -44.436  30.413 0.0000000000
56046  -46.627  -39.687  30.560 0.0000000000
58120  -47.743  -37.351  30.535 0.0000000000
60226  -48.228  -35.293  30.455 0.0000000000
59101  -47.837  -36.068  30.125 0.0000000000
60238  -47.980  -35.278  29.685 0.0000000000
61405  -48.545  -34.525  30.027 0.0000000000
63659  -49.072  -32.286  30.938 0.0000000000
62521  -48.796  -33.024  31.312 0.0000000000
62530  -49.091  -33.062  30.605 0.0000000000
62540  -49.227  -33.172  29.861 0.0000000000
62549  -48.519  -33.554  28.936 0.0000000000
62550  -48.908  -33.122  29.209 0.0000000000
65984  -49.386  -30.719  30.024 0.0000000000
66014  -48.931  -30.991  28.863 0.0000000000
68958  -49.558  -26.623  31.379 0.0000000000
67977  -49.242  -28.456  31.464 0.0000000000
68991  -48.986  -27.794  28.860 0.0000000000
67992  -49.120  -28.765  29.788 0.0000000000
67998  -48.837  -28.976  29.079 0.0000000000
67049  -48.584  -29.936  28.723 0.0000000000
68007  -48.339  -29.130  27.947 0.0000000000
69000  -48.626  -28.199  28.043 0.0000000000
70079  -49.916  -26.958  27.597 0.0000000000
69002  -50.235  -27.181  27.154 0.0000000000
69016  -49.890  -27.656  26.695 0.0000000000
69004  -51.947  -26.862  26.971 0.0000000000
69018  -51.587  -27.562  26.515 0.0000000000
68023  -53.326  -28.129  25.811 0.0000000000
76859  -53.555  -21.599  27.113 0.0000000000
76858  -53.229  -21.378  27.480 0.0000000000
74662  -53.846  -22.729  27.396 0.0000000000
74663  -54.322  -22.926  26.797 0.0000000000
75790  -53.104  -22.251  25.100 0.0000000000
74692  -53.671  -22.589  25.359 0.0000000000
72483  -54.445  -24.468  24.576 0.0000000000
73636  -54.748  -23.789  25.232 0.0000000000
72457  -54.757  -24.746  25.758 0.0000000000
71272  -54.510  -25.355  25.770 0.0000000000
71281  -54.639  -25.545  25.149 0.0000000000
70114  -54.531  -26.622  23.963 0.0000000000
70113  -54.558  -27.182  24.252 0.0000000000
68068  -54.521  -28.305  22.507 0.0000000000
68078  -54.435  -28.522  21.733 0.0000000000
68079  -54.832  -29.026  21.793 0.0000000000
71335  -52.827  -26.544  22.490 0.0000000000
70142  -52.424  -27.019  21.934 0.0000000000
69076  -52.375  -28.131  21.050 0.0000000000
69065  -52.838  -27.677  21.552 0.0000000000
74748  -55.040  -22.046  20.389 0.0000000000
74770  -53.305  -22.572  19.839 0.0000000000
73705  -52.766  -23.232  18.222 0.0000000000
74794  -52.919  -22.872  19.230 0.0000000000
73704  -51.996  -23.798  18.424 0.0000000000
72589  -51.606  -24.470  18.571 0.0000000000
73732  -54.071  -23.550  16.572 0.0000000000
73731  -53.473  -23.775  16.171 0.0000000000
72613  -51.853  -24.621  16.745 0.0000000000
39984  -26.204  -54.425  38.513 0.0000000000
38899  -27.023  -55.643  37.462 0.0000000000
38908  -28.422  -56.643  36.228 0.0000000000
40008  -28.352  -55.350  35.295 0.0000000000
38917  -28.816  -56.126  35.470 0.0000000000
38927  -29.342  -55.959  34.354 0.0000000000
45355  -26.415  -49.181  36.435 0.0000000000
44294  -25.772  -50.503  35.504 0.0000000000
42197  -26.027  -52.174  35.428 0.0000000000
43290  -26.080  -52.228  34.497 0.0000000000
44357  -25.707  -51.364  32.217 0.0000000000
44339  -25.717  -51.076  32.586 0.0000000000
43313  -25.731  -51.702  32.584 0.0000000000
41094  -26.716  -53.526  32.212 0.0000000000
42227  -26.170  -52.915  32.821 0.0000000000
41086  -27.515  -54.089  33.977 0.0000000000
41125  -28.447  -53.649  28.974 0.0000000000
41126  -29.032  -54.216  29.297 0.0000000000
45435  -35.549  -50.110  32.675 0.0000000000
45478  -33.936  -49.113  30.488 0.0000000000
46538  -32.288  -48.915  31.312 0.0000000000
46557  -32.413  -48.743  30.483 0.0000000000
46599  -33.032  -48.562  28.372 0.0000000000
46597  -31.065  -48.679  28.436 0.0000000000
46575  -30.744  -48.710  29.355 0.0000000000
46556  -31.266  -48.736  30.282 0.0000000000
46616  -28.679  -48.623  27.669 0.0000000000
46615  -27.950  -48.733  27.931 0.0000000000
46667  -29.517  -48.669  24.802 0.0000000000
45544  -28.297  -49.420  24.454 0.0000000000
43353  -27.139  -51.501  24.975 0.0000000000
43347  -26.772  -51.405  26.091 0.0000000000
43343  -26.665  -50.980  26.630 0.0000000000
43346  -26.637  -51.929  26.481 0.0000000000
57131  -43.910  -38.691  28.474 0.0000000000
58140  -46.221  -37.510  29.113 0.0000000000
54924  -44.944  -41.207  29.402 0.0000000000
56081  -43.944  -39.790  28.644 0.0000000000
54959  -42.957  -40.024  28.150 0.0000000000
66081  -52.703  -30.298  23.667 0.0000000000
66083  -54.104  -30.850  23.735 0.0000000000
44296  -33.771  -50.031  35.475 0.0000000000
45396  -33.045  -50.101  35.015 0.0000000000
44308  -33.751  -50.145  35.187 0.0000000000
44324  -33.816  -50.187  34.518 0.0000000000
60355  -41.323  -35.482  21.551 0.0000000000
62591  -47.516  -32.375  25.739 0.0000000000
63725  -47.859  -32.068  25.244 0.0000000000
46542  -42.007  -48.497  30.967 0.0000000000
50880  -40.227  -44.584  23.074 0.0000000000
50879  -39.297  -44.451  23.075 0.0000000000
50912  -37.260  -43.570  21.755 0.0000000000
51979  -36.771  -43.285  21.201 0.0000000000
57266  -40.404  -38.788  20.074 0.0000000000
75814  -52.954  -20.937  22.480 0.0000000000
75813  -52.436  -21.296  22.940 0.0000000000
74745  -51.754  -23.056  20.839 0.0000000000
44253  -25.921  -50.183  39.107 0.0000000000
44264  -25.758  -50.472  38.494 0.0000000000
44263  -25.643  -50.489  37.962 0.0000000000
43334  -27.269  -52.147  29.182 0.0000000000
46636  -33.439  -48.607  26.609 0.0000000000
47674  -32.149  -48.108  25.447 0.0000000000
58171  -41.993  -36.758  24.967 0.0000000000
59146  -42.541  -36.196  25.422 0.0000000000
60265  -45.411  -35.888  27.972 0.0000000000
60264  -44.744  -35.733  27.373 0.0000000000
61451  -45.029  -35.410  27.454 0.0000000000
61453  -46.241  -34.360  27.299 0.0000000000
61455  -47.888  -33.392  27.815 0.0000000000
49737  -44.763  -45.225  29.977 0.0000000000
48703  -44.167  -46.040  29.329 0.0000000000
49736  -44.439  -45.408  29.655 0.0000000000
49735  -44.011  -45.027  29.284 0.0000000000
52895  -42.607  -42.655  27.329 0.0000000000
51901  -42.670  -43.337  27.234 0.0000000000
50861  -41.215  -44.187  24.512 0.0000000000
52969  -41.029  -42.888  23.224 0.0000000000
52968  -40.704  -42.286  23.402 0.0000000000
57211  -40.495  -38.708  23.567 0.0000000000
46472  -29.290  -48.566  37.060 0.0000000000
45357  -29.030  -48.763  36.461 0.0000000000
45451  -29.072  -49.041  31.636 0.0000000000
46534  -29.100  -48.861  30.811 0.0000000000
61506  -42.858  -34.933  24.136 0.0000000000
61523  -42.966  -34.217  23.194 0.0000000000
63748  -45.817  -32.263  23.256 0.0000000000
63761  -45.542  -31.945  22.396 0.0000000000
67110  -48.953  -29.517  22.888 0.0000000000
68066  -50.727  -29.068  23.299 0.0000000000
44329  -37.945  -50.339  33.268 0.0000000000
44344  -37.857  -50.364  32.711 0.0000000000
46581  -39.189  -49.207  29.481 0.0000000000
47665  -41.750  -46.846  27.884 0.0000000000
49790  -38.065  -45.555  23.917 0.0000000000
48747  -37.580  -46.289  24.160 0.0000000000
53026  -41.311  -42.419  20.054 0.0000000000
46505  -37.364  -49.265  34.552 0.0000000000
46495  -37.665  -48.143  34.950 0.0000000000
47624  -39.789  -46.981  30.821 0.0000000000
50762  -43.940  -44.437  31.471 0.0000000000
60218  -47.646  -35.812  31.800 0.0000000000
60210  -47.938  -35.129  32.059 0.0000000000
60219  -48.048  -35.341  31.284 0.0000000000
61376  -48.392  -34.356  31.923 0.0000000000
64858  -49.371  -31.521  30.527 0.0000000000
71194  -49.894  -25.004  31.417 0.0000000000
70028  -49.872  -25.800  31.174 0.0000000000
70062  -49.732  -26.764  28.228 0.0000000000
71246  -52.475  -24.758  28.238 0.0000000000
70065  -52.127  -25.445  28.180 0.0000000000
71261  -52.343  -25.252  28.068 0.0000000000
69005  -52.735  -26.926  26.887 0.0000000000
69006  -53.301  -26.992  26.620 0.0000000000
70095  -54.149  -26.676  25.762 0.0000000000
77976  -53.013  -20.666  26.697 0.0000000000
76876  -53.335  -21.132  26.870 0.0000000000
75760  -53.827  -21.946  26.322 0.0000000000
73650  -53.539  -23.756  24.759 0.0000000000
73651  -54.172  -23.767  24.763 0.0000000000
72482  -53.787  -24.431  24.407 0.0000000000
71292  -54.493  -25.472  24.449 0.0000000000
70122  -54.320  -26.733  23.259 0.0000000000
69045  -54.448  -27.455  23.182 0.0000000000
70131  -54.207  -26.941  22.881 0.0000000000
70130  -53.949  -26.956  22.641 0.0000000000
70144  -53.663  -27.289  22.252 0.0000000000
70141  -51.665  -26.762  21.442 0.0000000000
68085  -52.060  -28.547  20.444 0.0000000000
74772  -55.508  -22.327  19.543 0.0000000000
72647  -52.796  -24.755  14.827 0.0000000000
72628  -52.100  -24.678  15.674 0.0000000000
38888  -25.321  -55.114  38.472 0.0000000000
41052  -27.025  -54.421  37.495 0.0000000000
41061  -27.139  -54.246  37.023 0.0000000000
39999  -27.545  -54.792  36.600 0.0000000000
38907  -27.875  -55.775  36.554 0.0000000000
44295  -26.098  -49.650  34.770 0.0000000000
42250  -26.605  -52.660  31.032 0.0000000000
41095  -27.493  -54.169  32.596 0.0000000000
40034  -29.005  -55.138  32.385 0.0000000000
40046  -28.623  -54.444  31.389 0.0000000000
40060  -29.473  -54.516  30.495 0.0000000000
46558  -33.218  -48.891  30.063 0.0000000000
46631  -29.090  -48.639  27.175 0.0000000000
45522  -28.485  -49.030  26.664 0.0000000000
44410  -27.540  -50.536  24.513 0.0000000000
58155  -42.377  -37.933  26.879 0.0000000000
59127  -43.776  -36.833  27.340 0.0000000000
59117  -44.791  -36.983  28.271 0.0000000000
59129  -45.047  -36.434  28.173 0.0000000000
52861  -45.120  -42.977  29.403 0.0000000000
51882  -44.411  -43.679  29.041 0.0000000000
52878  -44.352  -42.545  28.786 0.0000000000
52877  -43.769  -42.567  28.380 0.0000000000
53875  -43.717  -41.759  28.453 0.0000000000
53892  -41.957  -41.814  26.840 0.0000000000
53891  -41.402  -41.756  26.135 0.0000000000
56126  -41.745  -39.949  26.538 0.0000000000
56106  -42.793  -39.670  27.786 0.0000000000
64967  -54.577  -31.539  23.431 0.0000000000
45374  -31.508  -49.235  35.433 0.0000000000
61493  -45.227  -33.778  24.969 0.0000000000
62601  -44.684  -33.734  24.494 0.0000000000
63749  -46.655  -32.057  23.557 0.0000000000
64984  -47.044  -31.239  22.707 0.0000000000
44364  -40.143  -50.235  31.969 0.0000000000
44375  -40.188  -50.732  31.391 0.0000000000
46627  -39.174  -47.980  27.788 0.0000000000
49807  -36.615  -45.450  23.082 0.0000000000
49836  -35.203  -44.692  21.631 0.0000000000
50910  -35.342  -44.082  21.196 0.0000000000
55057  -41.442  -40.914  20.131 0.0000000000
55065  -41.287  -40.671  19.222 0.0000000000
56229  -40.957  -39.815  18.529 0.0000000000
56222  -40.736  -39.338  19.832 0.0000000000
72395  -50.657  -24.369  30.825 0.0000000000
71208  -50.721  -24.573  30.462 0.0000000000
71243  -50.782  -25.287  29.494 0.0000000000
71223  -51.108  -24.624  29.810 0.0000000000
71224  -51.702  -24.532  29.242 0.0000000000
73561  -51.841  -23.245  29.624 0.0000000000
72411  -52.215  -23.987  28.973 0.0000000000
72431  -52.419  -24.447  28.557 0.0000000000
72432  -52.844  -24.101  28.269 0.0000000000
76903  -52.674  -20.889  25.358 0.0000000000
73649  -52.611  -23.692  24.570 0.0000000000
72480  -52.634  -24.172  24.336 0.0000000000
72514  -52.955  -25.639  23.274 0.0000000000
71317  -53.232  -26.113  23.067 0.0000000000
72533  -51.119  -24.462  21.936 0.0000000000
71333  -51.258  -25.638  21.408 0.0000000000
71377  -50.985  -25.335  19.148 0.0000000000
73708  -56.401  -22.903  17.878 0.0000000000
73719  -55.127  -23.083  17.529 0.0000000000
73734  -55.474  -23.591  17.107 0.0000000000
73749  -54.189  -23.738  15.986 0.0000000000
41029  -25.549  -53.224  39.293 0.0000000000
44358  -25.814  -51.006  31.732 0.0000000000
43321  -25.983  -51.773  31.178 0.0000000000
42267  -28.106  -53.135  28.594 0.0000000000
46579  -34.550  -48.765  29.031 0.0000000000
45524  -29.797  -48.899  25.847 0.0000000000
59179  -40.568  -36.970  22.012 0.0000000000
59169  -42.028  -36.227  23.894 0.0000000000
60325  -42.252  -35.580  23.716 0.0000000000
61492  -44.646  -34.164  25.088 0.0000000000
59136  -42.688  -36.742  26.331 0.0000000000
60278  -43.771  -35.634  26.345 0.0000000000
61465  -44.123  -35.423  26.543 0.0000000000
61482  -45.985  -33.567  25.686 0.0000000000
47642  -43.553  -47.317  29.624 0.0000000000
48701  -43.172  -46.482  28.329 0.0000000000
48702  -43.817  -46.193  28.821 0.0000000000
48723  -41.631  -45.466  26.694 0.0000000000
50833  -43.084  -44.593  27.934 0.0000000000
50832  -42.660  -44.314  27.227 0.0000000000
49771  -42.403  -44.889  26.946 0.0000000000
49770  -41.922  -44.946  26.401 0.0000000000
49769  -41.277  -45.215  26.094 0.0000000000
49775  -40.995  -45.003  25.441 0.0000000000
49793  -40.848  -44.817  24.754 0.0000000000
50913  -40.021  -44.230  21.816 0.0000000000
51982  -39.942  -43.850  21.337 0.0000000000
51999  -40.771  -43.485  20.762 0.0000000000
52000  -41.265  -43.509  20.986 0.0000000000
52995  -41.583  -42.890  21.602 0.0000000000
53010  -41.508  -42.899  20.741 0.0000000000
53984  -41.543  -41.991  21.203 0.0000000000
53930  -40.439  -41.686  23.789 0.0000000000
54992  -40.071  -40.761  23.929 0.0000000000
55026  -40.214  -40.888  22.186 0.0000000000
55045  -40.991  -41.071  21.037 0.0000000000
56203  -40.201  -39.968  21.440 0.0000000000
57246  -39.902  -38.905  22.000 0.0000000000
75855  -54.708  -21.540  20.998 0.0000000000
74749  -56.018  -21.975  20.134 0.0000000000
75860  -58.066  -21.073  19.347 0.0000000000
75885  -57.913  -21.616  19.162 0.0000000000
74774  -57.409  -22.050  19.024 0.0000000000
74798  -56.825  -22.418  18.594 0.0000000000
73709  -57.035  -22.730  18.021 0.0000000000
73722  -57.400  -22.833  17.653 0.0000000000
73723  -57.672  -22.690  17.535 0.0000000000
73737  -57.519  -22.936  17.289 0.0000000000
46450  -26.776  -48.721  37.655 0.0000000000
45356  -27.264  -48.796  35.942 0.0000000000
46489  -27.740  -48.635  36.041 0.0000000000
45370  -26.879  -49.040  35.203 0.0000000000
45474  -26.985  -49.470  30.557 0.0000000000
45495  -26.858  -49.501  29.617 0.0000000000
61538  -41.862  -34.780  21.843 0.0000000000
62624  -44.114  -32.954  22.495 0.0000000000
62639  -43.303  -33.278  21.741 0.0000000000
67100  -51.417  -29.390  23.437 0.0000000000
67101  -51.951  -29.669  23.632 0.0000000000
66080  -52.319  -30.056  23.448 0.0000000000
67102  -52.426  -29.887  23.899 0.0000000000
66062  -52.821  -30.057  24.073 0.0000000000
67090  -53.326  -29.617  24.477 0.0000000000
44311  -35.917  -50.409  34.317 0.0000000000
44360  -36.891  -50.102  32.286 0.0000000000
44359  -36.321  -50.044  32.191 0.0000000000
44374  -39.332  -50.612  31.074 0.0000000000
45483  -38.841  -50.346  30.922 0.0000000000
47699  -33.845  -47.474  24.726 0.0000000000
46585  -42.898  -47.857  29.621 0.0000000000
47662  -38.889  -47.874  27.244 0.0000000000
48727  -39.890  -45.832  25.828 0.0000000000
47682  -39.247  -46.497  26.033 0.0000000000
46641  -37.995  -47.921  26.551 0.0000000000
46652  -36.978  -47.814  25.795 0.0000000000
47678  -35.577  -47.653  25.360 0.0000000000
54015  -40.986  -41.208  18.846 0.0000000000
56065  -47.270  -38.468  30.031 0.0000000000
57114  -47.656  -38.167  30.177 0.0000000000
58113  -47.562  -37.537  31.430 0.0000000000
44245  -26.057  -50.022  39.716 0.0000000000
45319  -26.531  -49.079  39.319 0.0000000000
46419  -27.157  -48.637  39.165 0.0000000000
46473  -30.216  -48.582  37.000 0.0000000000
46474  -31.244  -48.514  36.791 0.0000000000
45377  -33.927  -49.828  35.677 0.0000000000
44298  -34.926  -50.095  35.046 0.0000000000
45379  -35.603  -49.690  35.107 0.0000000000
45397  -35.819  -50.155  34.724 0.0000000000
44313  -37.526  -50.318  33.945 0.0000000000
45400  -37.738  -49.688  34.174 0.0000000000
44314  -38.012  -50.080  33.690 0.0000000000
44330  -38.279  -49.997  33.166 0.0000000000
45437  -39.375  -49.513  32.178 0.0000000000
45438  -39.984  -49.865  32.108 0.0000000000
46541  -41.322  -48.554  31.168 0.0000000000
47607  -40.796  -47.840  31.059 0.0000000000
45464  -41.580  -48.971  31.111 0.0000000000
47609  -42.637  -47.625  30.626 0.0000000000
49717  -42.119  -46.017  30.632 0.0000000000
48675  -42.358  -46.378  30.793 0.0000000000
47610  -43.418  -46.949  30.536 0.0000000000
47611  -43.772  -46.576  30.470 0.0000000000
48662  -44.055  -46.102  30.446 0.0000000000
49703  -44.599  -45.204  30.470 0.0000000000
49719  -44.612  -45.572  30.016 0.0000000000
49720  -44.890  -45.018  30.224 0.0000000000
51863  -45.402  -43.760  29.965 0.0000000000
51811  -46.125  -43.247  31.492 0.0000000000
51836  -46.342  -43.048  31.121 0.0000000000
52862  -45.626  -42.961  29.892 0.0000000000
53847  -45.993  -41.820  30.314 0.0000000000
57120  -46.839  -38.104  29.630 0.0000000000
58129  -46.852  -37.498  29.389 0.0000000000
59100  -47.753  -36.538  30.503 0.0000000000
58131  -47.597  -36.554  29.805 0.0000000000
59110  -47.263  -36.437  29.477 0.0000000000
61377  -48.624  -33.721  31.476 0.0000000000
61391  -48.700  -33.563  30.921 0.0000000000
61421  -48.160  -34.353  29.267 0.0000000000
62557  -48.456  -33.105  28.249 0.0000000000
63675  -49.205  -32.450  29.377 0.0000000000
63689  -48.823  -32.614  28.710 0.0000000000
63688  -48.546  -32.182  27.862 0.0000000000
64890  -48.595  -31.405  27.959 0.0000000000
66028  -48.412  -30.771  27.535 0.0000000000
67032  -49.272  -29.692  30.375 0.0000000000
67041  -48.919  -29.927  29.416 0.0000000000
67040  -48.766  -30.143  29.070 0.0000000000
67068  -48.393  -29.870  27.071 0.0000000000
67069  -48.644  -29.284  26.441 0.0000000000
68008  -48.716  -28.393  27.369 0.0000000000
68019  -50.160  -28.009  26.031 0.0000000000
70081  -51.384  -26.292  27.695 0.0000000000
68022  -52.768  -28.239  25.882 0.0000000000
67079  -53.444  -29.025  24.819 0.0000000000
67091  -53.916  -29.396  24.516 0.0000000000
74643  -53.391  -22.431  28.168 0.0000000000
75777  -53.329  -21.687  25.741 0.0000000000
75761  -54.344  -22.547  26.182 0.0000000000
74706  -54.204  -23.225  24.879 0.0000000000
74681  -54.665  -23.174  25.753 0.0000000000
74664  -54.593  -23.061  26.284 0.0000000000
73607  -54.496  -23.515  26.449 0.0000000000
73623  -54.494  -24.216  26.311 0.0000000000
72446  -53.983  -24.692  26.586 0.0000000000
71271  -54.146  -25.660  26.203 0.0000000000
70103  -54.454  -26.679  24.858 0.0000000000
69029  -54.214  -27.640  25.195 0.0000000000
68048  -54.294  -28.593  24.605 0.0000000000
67092  -54.476  -29.532  24.085 0.0000000000
69044  -54.451  -28.031  22.808 0.0000000000
69066  -53.657  -27.955  21.574 0.0000000000
68077  -54.062  -28.499  21.191 0.0000000000
68088  -54.271  -28.906  20.972 0.0000000000
73686  -52.252  -23.038  19.957 0.0000000000
73698  -52.325  -23.183  19.382 0.0000000000
73718  -54.051  -23.278  17.354 0.0000000000
72603  -52.291  -23.939  17.306 0.0000000000
72614  -52.627  -24.054  16.367 0.0000000000
72602  -51.725  -24.617  17.675 0.0000000000
70192  -50.660  -26.040  18.692 0.0000000000
39976  -25.780  -53.934  39.027 0.0000000000
38889  -25.800  -54.928  38.540 0.0000000000
38898  -26.154  -55.486  38.147 0.0000000000
37820  -28.930  -57.126  35.885 0.0000000000
45354  -25.797  -49.692  37.083 0.0000000000
42182  -25.919  -51.978  35.807 0.0000000000
42213  -25.864  -51.994  33.621 0.0000000000
42239  -25.898  -52.321  32.339 0.0000000000
42226  -25.873  -52.193  33.103 0.0000000000
45417  -34.769  -50.228  33.610 0.0000000000
45433  -33.643  -49.755  32.782 0.0000000000
46578  -33.795  -48.794  29.416 0.0000000000
46573  -28.929  -48.561  29.403 0.0000000000
46595  -29.280  -48.520  28.526 0.0000000000
46593  -27.616  -48.925  28.583 0.0000000000
45508  -26.914  -49.608  28.640 0.0000000000
44394  -26.826  -50.103  27.890 0.0000000000
47697  -31.668  -47.778  24.838 0.0000000000
46669  -31.160  -48.065  24.957 0.0000000000
45545  -28.981  -49.005  24.766 0.0000000000
45528  -29.216  -48.951  25.339 0.0000000000
44398  -27.787  -49.609  26.599 0.0000000000
45521  -27.773  -49.459  27.006 0.0000000000
44396  -26.604  -50.843  26.924 0.0000000000
44393  -26.575  -50.785  27.483 0.0000000000
42277  -26.894  -52.436  26.721 0.0000000000
43243  -25.626  -50.823  37.660 0.0000000000
43277  -25.990  -52.053  34.877 0.0000000000
43320  -25.745  -51.749  31.938 0.0000000000
44274  -25.629  -50.361  37.374 0.0000000000
44299  -35.488  -50.170  34.755 0.0000000000
44341  -35.503  -50.242  32.994 0.0000000000
44347  -39.796  -50.007  32.160 0.0000000000
44365  -40.611  -49.943  31.727 0.0000000000
44373  -38.796  -50.367  31.246 0.0000000000
45345  -26.218  -49.257  37.406 0.0000000000
45529  -29.746  -48.812  25.592 0.0000000000
48742  -33.312  -47.099  24.373 0.0000000000
49734  -42.173  -45.655  30.518 0.0000000000
49748  -43.654  -45.438  28.778 0.0000000000
50799  -44.127  -44.548  29.177 0.0000000000
51967  -38.929  -43.739  21.841 0.0000000000
52955  -40.630  -42.201  23.789 0.0000000000
54940  -42.965  -40.773  28.220 0.0000000000
56168  -39.680  -40.470  23.036 0.0000000000
58121  -47.727  -36.804  30.106 0.0000000000
58154  -41.946  -38.273  26.481 0.0000000000
64945  -47.599  -31.664  24.226 0.0000000000
66000  -48.821  -30.492  28.987 0.0000000000
67997  -48.612  -29.237  28.683 0.0000000000
68058  -54.531  -28.281  22.765 0.0000000000
68067  -50.997  -29.183  23.319 0.0000000000
69055  -54.340  -27.144  22.957 0.0000000000
72496  -51.841  -24.094  23.544 0.0000000000
72616  -55.678  -23.987  16.772 0.0000000000
73663  -52.093  -23.748  24.134 0.0000000000
73710  -57.448  -22.558  18.089 0.0000000000
73748  -53.738  -23.890  15.746 0.0000000000
73750  -54.595  -23.686  16.299 0.0000000000
74693  -54.204  -22.929  25.366 0.0000000000
74694  -54.543  -23.256  25.319 0.0000000000
74705  -53.939  -23.208  25.020 0.0000000000
74716  -51.926  -22.318  23.996 0.0000000000
74800  -57.917  -22.238  18.462 0.0000000000
74815  -55.346  -22.744  18.142 0.0000000000
75741  -54.336  -22.652  26.538 0.0000000000
75779  -54.406  -22.837  25.682 0.0000000000
75801  -51.948  -22.002  23.500 0.0000000000
75883  -56.780  -21.681  19.772 0.0000000000
76877  -53.647  -21.612  26.750 0.0000000000
76892  -52.994  -21.136  25.745 0.0000000000
76951  -57.525  -20.787  19.697 0.0000000000
77992  -52.619  -20.440  25.753 0.0000000000
