#!ascii label  , from subject sub-01 vox2ras=TkReg
1550
70170  -43.129  -27.234  19.496 0.0000000000
79268  -57.168  -18.970  12.881 0.0000000000
74841  -49.580  -23.566  15.651 0.0000000000
43259  -14.812  -51.910  36.458 0.0000000000
68064  -41.287  -28.598  21.971 0.0000000000
51753  -30.127  -45.001  33.993 0.0000000000
53820  -37.304  -42.040  31.914 0.0000000000
61415  -38.533  -35.652  29.369 0.0000000000
62547  -43.263  -33.419  28.825 0.0000000000
47622  -23.093  -47.963  30.234 0.0000000000
49653  -26.019  -45.697  34.834 0.0000000000
50809  -25.887  -45.087  28.733 0.0000000000
52912  -35.179  -42.564  26.001 0.0000000000
59116  -35.203  -36.637  28.116 0.0000000000
73616  -43.921  -24.751  26.168 0.0000000000
72479  -47.356  -25.035  24.244 0.0000000000
78131  -53.433  -20.862  13.937 0.0000000000
71430  -47.218  -26.009  16.954 0.0000000000
82495  -53.446  -15.431  8.696 0.0000000000
42162  -10.093  -53.188  37.866 0.0000000000
67067  -44.817  -28.854  26.625 0.0000000000
72548  -39.722  -24.979  20.897 0.0000000000
52874  -30.624  -43.886  27.503 0.0000000000
48637  -35.095  -46.280  33.159 0.0000000000
74733  -49.449  -22.472  21.630 0.0000000000
87090  -59.992  -11.844  6.009 0.0000000000
60275  -37.694  -35.630  26.463 0.0000000000
60292  -39.711  -35.346  25.652 0.0000000000
49724  -24.447  -46.545  28.661 0.0000000000
59145  -34.215  -36.656  25.115 0.0000000000
60287  -34.770  -35.742  25.753 0.0000000000
61428  -36.156  -35.363  28.883 0.0000000000
72508  -43.309  -25.100  22.457 0.0000000000
72477  -45.290  -25.073  24.799 0.0000000000
71329  -44.736  -26.194  21.208 0.0000000000
78148  -55.308  -19.998  13.513 0.0000000000
78112  -55.511  -19.996  16.874 0.0000000000
80339  -57.698  -17.023  11.924 0.0000000000
42219  -12.294  -52.772  33.253 0.0000000000
42177  -12.376  -53.113  36.582 0.0000000000
64929  -42.526  -31.683  25.317 0.0000000000
64904  -44.192  -31.302  27.943 0.0000000000
68042  -42.700  -28.879  23.920 0.0000000000
70110  -42.081  -26.550  23.578 0.0000000000
70128  -40.628  -26.587  21.997 0.0000000000
50719  -28.050  -44.911  33.911 0.0000000000
50641  -28.133  -45.082  37.461 0.0000000000
50662  -30.228  -44.815  36.415 0.0000000000
50664  -32.118  -44.983  36.212 0.0000000000
52952  -27.890  -43.064  24.287 0.0000000000
52954  -29.982  -42.749  23.819 0.0000000000
53858  -37.092  -41.755  29.312 0.0000000000
50814  -35.245  -44.741  29.078 0.0000000000
50758  -36.567  -44.304  31.992 0.0000000000
50689  -36.878  -44.843  35.309 0.0000000000
45408  -18.296  -49.533  33.007 0.0000000000
47545  -19.929  -47.852  36.422 0.0000000000
47512  -19.141  -47.123  39.544 0.0000000000
72627  -48.388  -24.294  15.897 0.0000000000
73696  -48.899  -24.132  19.310 0.0000000000
74792  -49.622  -23.008  18.745 0.0000000000
88214  -61.487  -11.826  4.237 0.0000000000
44238  -14.309  -50.830  40.608 0.0000000000
61357  -40.097  -34.692  32.876 0.0000000000
62517  -42.414  -34.605  32.917 0.0000000000
61403  -41.487  -35.010  30.060 0.0000000000
62576  -41.534  -33.203  25.788 0.0000000000
47579  -22.082  -47.609  33.716 0.0000000000
49651  -24.237  -46.362  35.385 0.0000000000
48645  -24.651  -46.689  32.536 0.0000000000
50752  -26.803  -45.437  32.252 0.0000000000
51826  -28.097  -44.936  31.004 0.0000000000
53945  -32.625  -41.324  23.418 0.0000000000
56159  -33.967  -39.327  23.981 0.0000000000
56103  -35.951  -39.149  26.567 0.0000000000
56039  -36.829  -39.824  30.302 0.0000000000
59089  -37.326  -37.280  30.945 0.0000000000
61354  -38.113  -35.294  32.601 0.0000000000
47619  -20.176  -49.006  30.102 0.0000000000
71205  -44.938  -26.057  29.756 0.0000000000
73502  -46.504  -24.840  33.078 0.0000000000
73556  -46.229  -24.675  29.339 0.0000000000
73602  -47.284  -24.323  27.623 0.0000000000
75954  -51.820  -22.111  14.808 0.0000000000
75906  -51.183  -21.686  17.585 0.0000000000
76998  -53.498  -20.601  17.368 0.0000000000
36636  -8.750  -56.715  39.762 0.0000000000
69100  -44.898  -27.682  18.021 0.0000000000
72644  -45.770  -24.651  14.584 0.0000000000
75981  -49.285  -21.680  13.432 0.0000000000
78144  -50.868  -20.617  12.888 0.0000000000
78189  -52.528  -20.191  11.283 0.0000000000
79291  -54.367  -19.235  10.409 0.0000000000
80360  -54.880  -17.525  10.034 0.0000000000
81425  -52.326  -16.703  8.990 0.0000000000
43218  -12.601  -52.203  40.844 0.0000000000
43215  -10.431  -53.014  41.023 0.0000000000
38855  -9.363  -54.829  41.235 0.0000000000
66976  -44.895  -30.038  34.236 0.0000000000
63657  -44.390  -32.871  31.813 0.0000000000
65967  -45.205  -30.480  31.549 0.0000000000
67986  -45.956  -28.284  30.454 0.0000000000
70077  -43.573  -26.400  26.812 0.0000000000
73656  -42.672  -25.177  23.273 0.0000000000
72572  -41.357  -25.511  19.969 0.0000000000
50625  -26.136  -46.304  37.741 0.0000000000
51895  -28.533  -45.124  28.214 0.0000000000
51802  -30.092  -44.843  31.173 0.0000000000
52891  -33.138  -43.473  26.448 0.0000000000
50778  -32.479  -45.219  30.245 0.0000000000
50723  -32.062  -45.508  33.023 0.0000000000
50687  -34.418  -45.191  36.002 0.0000000000
43298  -14.593  -51.833  33.431 0.0000000000
44320  -16.132  -50.795  33.203 0.0000000000
44280  -15.829  -50.561  36.190 0.0000000000
71354  -47.302  -25.604  20.913 0.0000000000
73661  -48.517  -23.851  23.130 0.0000000000
75788  -49.860  -21.761  25.108 0.0000000000
76944  -50.965  -20.825  21.027 0.0000000000
82466  -56.065  -15.666  10.085 0.0000000000
84676  -57.133  -13.831  9.718 0.0000000000
88153  -57.919  -11.630  9.307 0.0000000000
85913  -58.359  -12.983  7.147 0.0000000000
89218  -60.746  -10.195  8.164 0.0000000000
60304  -37.194  -35.820  24.447 0.0000000000
60305  -38.216  -35.745  24.346 0.0000000000
60338  -37.079  -35.601  22.488 0.0000000000
60318  -34.023  -35.580  23.221 0.0000000000
60319  -35.404  -35.596  23.439 0.0000000000
60274  -36.591  -35.527  26.613 0.0000000000
72552  -43.188  -25.835  20.801 0.0000000000
72530  -44.206  -25.766  21.656 0.0000000000
71351  -44.282  -26.701  20.454 0.0000000000
78172  -55.660  -19.714  12.336 0.0000000000
78134  -56.146  -19.929  14.648 0.0000000000
78150  -57.437  -19.106  13.659 0.0000000000
79269  -57.874  -18.241  13.235 0.0000000000
79281  -57.636  -17.698  12.316 0.0000000000
42207  -13.759  -52.394  34.991 0.0000000000
42191  -12.704  -52.969  35.493 0.0000000000
42178  -13.321  -52.834  36.559 0.0000000000
66096  -41.905  -29.948  22.788 0.0000000000
66060  -43.100  -30.198  24.855 0.0000000000
67109  -41.829  -29.036  22.628 0.0000000000
69053  -41.485  -27.640  22.639 0.0000000000
69063  -40.511  -27.566  21.650 0.0000000000
48593  -21.745  -46.247  38.198 0.0000000000
51751  -29.051  -44.602  34.155 0.0000000000
50682  -29.500  -44.636  35.503 0.0000000000
51738  -29.801  -44.743  34.985 0.0000000000
50663  -31.134  -45.050  36.293 0.0000000000
50684  -31.185  -45.163  35.405 0.0000000000
53840  -36.756  -41.587  30.796 0.0000000000
51831  -36.664  -43.455  31.037 0.0000000000
51786  -37.147  -43.259  32.325 0.0000000000
51770  -37.361  -43.780  33.335 0.0000000000
47567  -21.069  -47.710  34.549 0.0000000000
47546  -20.825  -47.376  36.818 0.0000000000
48592  -20.924  -46.717  37.981 0.0000000000
67916  -46.381  -29.038  34.615 0.0000000000
73747  -49.112  -23.861  15.998 0.0000000000
73716  -49.316  -23.502  17.475 0.0000000000
74830  -49.872  -23.330  16.927 0.0000000000
61385  -39.163  -35.278  31.392 0.0000000000
61387  -41.126  -34.779  31.101 0.0000000000
61416  -39.668  -35.764  29.563 0.0000000000
61464  -40.637  -34.435  25.850 0.0000000000
62586  -40.491  -33.478  24.800 0.0000000000
63733  -40.932  -32.088  23.897 0.0000000000
47603  -22.510  -48.219  31.406 0.0000000000
47581  -23.684  -47.151  32.972 0.0000000000
47604  -23.562  -47.665  31.432 0.0000000000
50787  -25.552  -45.515  29.049 0.0000000000
49711  -25.923  -46.184  30.785 0.0000000000
50789  -26.710  -45.107  30.120 0.0000000000
50776  -27.130  -45.082  31.166 0.0000000000
51849  -27.394  -44.989  30.453 0.0000000000
57229  -32.480  -38.410  22.266 0.0000000000
59135  -34.453  -36.624  26.131 0.0000000000
57158  -34.970  -37.938  25.612 0.0000000000
57128  -35.830  -38.134  27.651 0.0000000000
57130  -36.592  -39.078  28.364 0.0000000000
58128  -36.381  -37.434  29.159 0.0000000000
58119  -36.953  -37.906  30.339 0.0000000000
59108  -36.130  -36.613  29.563 0.0000000000
61414  -37.628  -35.252  29.619 0.0000000000
61383  -37.876  -35.410  31.057 0.0000000000
61384  -38.373  -35.320  31.281 0.0000000000
61355  -38.511  -34.763  32.874 0.0000000000
47621  -22.034  -48.407  30.279 0.0000000000
73576  -44.203  -24.952  27.776 0.0000000000
73555  -45.586  -24.763  29.201 0.0000000000
73599  -44.631  -24.577  27.198 0.0000000000
72478  -46.482  -25.377  24.731 0.0000000000
72453  -46.214  -24.783  26.467 0.0000000000
73621  -47.534  -24.297  26.313 0.0000000000
73603  -48.157  -23.848  27.579 0.0000000000
73634  -47.878  -24.322  24.975 0.0000000000
77034  -52.595  -21.345  14.277 0.0000000000
75941  -52.798  -21.608  16.110 0.0000000000
77023  -53.492  -21.299  15.365 0.0000000000
78102  -55.901  -19.601  17.773 0.0000000000
77066  -49.794  -20.584  13.057 0.0000000000
78166  -48.743  -20.048  12.240 0.0000000000
78201  -50.629  -19.755  10.505 0.0000000000
79304  -51.011  -19.093  9.765 0.0000000000
78203  -52.727  -19.773  10.226 0.0000000000
79306  -52.909  -18.955  9.552 0.0000000000
79327  -53.086  -18.142  9.327 0.0000000000
42189  -10.546  -53.252  35.566 0.0000000000
42161  -9.152  -53.431  38.051 0.0000000000
44222  -14.472  -51.142  41.633 0.0000000000
44237  -13.643  -51.469  40.695 0.0000000000
44221  -13.723  -51.835  41.385 0.0000000000
42104  -12.014  -53.167  42.051 0.0000000000
41001  -11.543  -53.738  41.999 0.0000000000
41009  -9.691  -53.466  41.099 0.0000000000
38858  -11.397  -54.799  41.651 0.0000000000
37750  -11.101  -55.635  40.833 0.0000000000
62527  -43.137  -34.156  30.549 0.0000000000
62518  -43.487  -33.830  32.521 0.0000000000
62538  -43.796  -33.610  30.107 0.0000000000
67058  -44.521  -30.078  26.963 0.0000000000
64889  -44.984  -31.230  28.709 0.0000000000
67038  -45.643  -29.743  29.118 0.0000000000
67031  -45.729  -29.305  30.780 0.0000000000
67996  -45.799  -28.229  28.558 0.0000000000
70061  -44.745  -26.723  28.470 0.0000000000
68999  -44.734  -27.679  27.010 0.0000000000
72505  -41.018  -25.439  22.258 0.0000000000
72475  -42.529  -25.787  23.743 0.0000000000
72506  -41.686  -25.011  22.349 0.0000000000
72527  -41.555  -24.915  21.615 0.0000000000
72549  -40.655  -24.896  20.868 0.0000000000
49652  -25.254  -46.115  35.006 0.0000000000
50656  -25.147  -46.260  36.736 0.0000000000
50657  -25.915  -45.970  36.656 0.0000000000
52907  -29.516  -43.380  26.117 0.0000000000
52906  -28.738  -44.273  26.133 0.0000000000
52872  -29.327  -44.455  27.842 0.0000000000
51852  -29.651  -44.428  29.433 0.0000000000
51853  -30.426  -44.198  29.257 0.0000000000
53908  -33.588  -41.750  24.521 0.0000000000
52937  -32.107  -42.636  25.139 0.0000000000
52911  -33.915  -42.813  25.640 0.0000000000
49714  -34.807  -45.800  30.733 0.0000000000
49727  -33.505  -45.225  29.437 0.0000000000
49697  -33.659  -46.142  31.329 0.0000000000
50740  -32.076  -45.630  31.903 0.0000000000
49668  -33.546  -46.191  33.300 0.0000000000
50707  -33.182  -45.706  35.028 0.0000000000
49656  -34.811  -46.047  34.739 0.0000000000
55993  -38.754  -40.018  32.091 0.0000000000
45387  -17.205  -50.264  33.823 0.0000000000
45367  -16.767  -50.284  34.893 0.0000000000
44290  -16.054  -50.616  35.214 0.0000000000
48542  -20.096  -46.688  41.579 0.0000000000
70203  -46.244  -26.970  17.441 0.0000000000
71375  -46.359  -26.856  19.416 0.0000000000
71395  -47.357  -26.122  18.729 0.0000000000
74743  -49.051  -23.464  20.451 0.0000000000
73675  -48.608  -23.890  21.011 0.0000000000
74722  -48.869  -22.939  22.380 0.0000000000
74713  -49.099  -22.651  23.674 0.0000000000
74714  -49.577  -22.016  23.294 0.0000000000
76976  -51.711  -20.580  18.860 0.0000000000
76975  -51.077  -21.245  18.594 0.0000000000
76961  -51.854  -20.212  20.063 0.0000000000
81427  -54.043  -16.609  9.450 0.0000000000
81411  -55.731  -16.638  10.140 0.0000000000
82484  -54.650  -15.802  9.109 0.0000000000
83535  -56.349  -14.580  8.644 0.0000000000
84683  -56.914  -13.731  9.058 0.0000000000
87053  -57.513  -12.373  9.484 0.0000000000
85904  -57.511  -12.975  8.274 0.0000000000
83565  -59.013  -14.344  5.166 0.0000000000
83564  -58.319  -14.607  5.529 0.0000000000
87089  -59.397  -12.236  6.516 0.0000000000
88177  -58.965  -11.005  6.979 0.0000000000
88178  -59.908  -10.860  6.861 0.0000000000
89246  -61.280  -10.427  6.100 0.0000000000
87106  -62.303  -12.278  4.606 0.0000000000
60246  -38.393  -35.691  28.468 0.0000000000
60247  -39.523  -35.953  28.107 0.0000000000
60276  -38.709  -35.708  26.296 0.0000000000
60306  -38.833  -35.110  24.226 0.0000000000
48668  -23.839  -47.475  29.672 0.0000000000
60301  -33.859  -36.045  24.500 0.0000000000
60286  -34.022  -36.016  25.997 0.0000000000
60272  -34.866  -35.928  26.837 0.0000000000
60244  -35.503  -35.745  28.755 0.0000000000
60259  -35.540  -35.447  27.866 0.0000000000
61446  -37.048  -35.201  28.234 0.0000000000
73658  -43.560  -24.729  23.928 0.0000000000
73632  -44.493  -24.571  25.741 0.0000000000
72492  -44.313  -25.003  23.687 0.0000000000
71299  -45.310  -25.545  23.358 0.0000000000
71300  -46.319  -25.651  23.303 0.0000000000
78147  -54.190  -20.438  13.424 0.0000000000
77037  -54.428  -20.858  15.379 0.0000000000
78133  -54.878  -20.533  14.886 0.0000000000
78113  -56.417  -19.576  16.809 0.0000000000
81391  -58.484  -15.943  12.660 0.0000000000
42190  -11.654  -53.150  35.506 0.0000000000
42164  -12.061  -52.973  37.676 0.0000000000
63713  -42.901  -32.457  26.553 0.0000000000
63687  -43.917  -32.576  28.642 0.0000000000
64917  -43.075  -31.753  26.410 0.0000000000
67065  -43.721  -30.316  25.990 0.0000000000
67074  -44.095  -28.978  25.693 0.0000000000
69027  -43.702  -27.578  25.360 0.0000000000
69034  -42.570  -27.848  23.840 0.0000000000
70120  -41.553  -26.737  23.055 0.0000000000
72525  -39.907  -25.356  21.588 0.0000000000
50701  -27.065  -44.997  35.070 0.0000000000
50679  -26.842  -45.079  35.918 0.0000000000
50680  -27.698  -44.841  35.783 0.0000000000
50661  -29.326  -44.741  36.501 0.0000000000
50645  -31.889  -45.200  36.869 0.0000000000
52953  -29.051  -42.878  23.889 0.0000000000
52908  -30.512  -42.968  26.100 0.0000000000
52894  -36.990  -42.344  27.408 0.0000000000
51900  -35.375  -44.013  27.693 0.0000000000
51857  -36.491  -43.357  29.242 0.0000000000
50779  -36.114  -44.504  30.834 0.0000000000
49685  -36.034  -45.366  32.631 0.0000000000
48625  -35.777  -45.929  33.889 0.0000000000
49670  -36.581  -45.177  33.875 0.0000000000
46521  -19.308  -49.134  32.220 0.0000000000
46512  -18.783  -49.164  33.034 0.0000000000
46449  -18.951  -48.345  36.766 0.0000000000
47519  -18.436  -47.928  38.173 0.0000000000
47521  -19.785  -47.082  38.670 0.0000000000
72611  -47.610  -25.396  16.723 0.0000000000
72600  -47.878  -25.392  18.098 0.0000000000
72601  -48.360  -24.626  17.582 0.0000000000
74791  -49.252  -23.584  19.182 0.0000000000
75881  -49.999  -22.404  19.788 0.0000000000
83532  -53.289  -15.003  8.035 0.0000000000
83533  -54.345  -15.114  8.416 0.0000000000
83543  -53.026  -14.581  7.261 0.0000000000
84728  -59.801  -13.577  4.441 0.0000000000
87105  -61.081  -11.900  5.036 0.0000000000
85955  -60.666  -12.832  3.655 0.0000000000
85970  -60.892  -12.914  2.977 0.0000000000
44258  -15.596  -50.757  38.239 0.0000000000
43240  -14.355  -51.941  38.516 0.0000000000
62478  -41.565  -34.570  34.901 0.0000000000
62516  -41.281  -34.810  32.808 0.0000000000
61388  -42.276  -34.612  31.014 0.0000000000
61419  -42.628  -34.186  29.098 0.0000000000
61433  -40.512  -35.248  28.020 0.0000000000
61434  -41.415  -34.276  27.834 0.0000000000
62555  -42.165  -33.546  27.496 0.0000000000
63723  -41.650  -32.460  25.107 0.0000000000
64961  -41.612  -31.351  23.740 0.0000000000
47568  -21.712  -47.204  34.761 0.0000000000
48613  -23.139  -46.555  35.972 0.0000000000
48621  -23.250  -46.522  35.102 0.0000000000
49664  -24.509  -46.350  34.519 0.0000000000
49665  -25.092  -46.163  33.745 0.0000000000
48669  -24.543  -47.166  30.235 0.0000000000
49680  -25.263  -46.207  32.671 0.0000000000
50734  -26.619  -45.367  33.540 0.0000000000
50735  -27.439  -45.183  33.136 0.0000000000
50736  -28.275  -44.995  32.922 0.0000000000
51783  -29.403  -44.825  32.424 0.0000000000
54990  -33.495  -40.237  23.660 0.0000000000
54976  -34.676  -40.205  24.791 0.0000000000
58169  -33.957  -37.573  24.301 0.0000000000
56144  -35.041  -39.311  25.191 0.0000000000
54964  -35.796  -40.360  25.943 0.0000000000
54957  -37.283  -40.800  27.437 0.0000000000
54905  -36.876  -40.654  29.906 0.0000000000
54893  -36.868  -40.703  31.145 0.0000000000
53811  -37.725  -41.553  32.250 0.0000000000
55968  -37.307  -39.742  31.938 0.0000000000
57061  -37.506  -38.673  32.446 0.0000000000
58082  -37.639  -37.787  33.001 0.0000000000
61397  -36.283  -35.706  30.101 0.0000000000
60208  -37.759  -36.536  31.812 0.0000000000
58063  -38.296  -37.581  33.804 0.0000000000
59051  -38.512  -36.545  34.497 0.0000000000
47589  -20.002  -48.775  32.291 0.0000000000
71193  -45.137  -26.176  31.492 0.0000000000
72382  -45.313  -25.132  31.027 0.0000000000
73531  -46.180  -24.270  31.435 0.0000000000
74608  -46.830  -24.429  30.092 0.0000000000
73600  -45.527  -24.625  27.471 0.0000000000
73580  -47.062  -24.475  28.605 0.0000000000
74856  -50.611  -22.595  14.430 0.0000000000
74831  -50.570  -22.900  16.426 0.0000000000
75940  -51.950  -22.255  15.911 0.0000000000
76997  -52.664  -21.157  16.978 0.0000000000
76989  -52.627  -20.368  18.094 0.0000000000
77010  -54.208  -20.782  16.682 0.0000000000
78100  -54.096  -20.172  17.644 0.0000000000
70201  -42.408  -28.126  17.528 0.0000000000
70187  -43.635  -27.880  18.865 0.0000000000
69112  -43.908  -27.978  17.216 0.0000000000
70217  -44.422  -27.258  15.823 0.0000000000
71427  -45.255  -26.496  15.694 0.0000000000
71447  -46.377  -25.788  15.963 0.0000000000
73744  -47.479  -24.482  15.176 0.0000000000
73762  -47.774  -23.918  14.765 0.0000000000
74854  -48.646  -23.413  14.631 0.0000000000
75964  -48.984  -22.406  13.947 0.0000000000
75966  -50.718  -21.835  13.849 0.0000000000
77032  -51.228  -21.400  13.639 0.0000000000
78145  -51.826  -20.590  13.007 0.0000000000
78187  -50.298  -20.018  11.489 0.0000000000
78168  -51.088  -20.453  12.238 0.0000000000
78169  -52.215  -20.386  12.293 0.0000000000
78170  -53.373  -20.242  12.343 0.0000000000
78191  -54.934  -19.626  11.325 0.0000000000
78192  -55.872  -19.197  11.402 0.0000000000
79293  -55.966  -18.341  10.845 0.0000000000
79308  -54.635  -18.366  10.158 0.0000000000
80377  -53.642  -17.496  9.423 0.0000000000
82482  -52.837  -15.973  8.982 0.0000000000
82494  -52.595  -15.500  8.353 0.0000000000
43239  -13.604  -52.483  38.624 0.0000000000
42151  -12.793  -52.996  38.824 0.0000000000
42133  -11.604  -52.850  39.801 0.0000000000
43199  -13.312  -52.364  41.533 0.0000000000
43217  -12.044  -52.996  40.833 0.0000000000
42132  -10.443  -52.853  39.708 0.0000000000
42131  -9.406  -52.804  39.664 0.0000000000
42109  -8.426  -53.259  40.706 0.0000000000
39961  -8.317  -54.442  40.834 0.0000000000
37747  -9.178  -55.510  40.692 0.0000000000
67938  -45.558  -28.694  34.083 0.0000000000
63646  -44.030  -32.669  33.056 0.0000000000
63674  -44.536  -32.447  30.119 0.0000000000
63658  -44.713  -31.827  31.791 0.0000000000
67024  -45.262  -29.789  32.106 0.0000000000
67967  -45.637  -28.469  32.591 0.0000000000
68942  -45.696  -27.514  32.288 0.0000000000
70039  -45.276  -26.490  29.846 0.0000000000
71242  -43.985  -25.776  28.333 0.0000000000
72452  -43.516  -25.290  25.989 0.0000000000
71279  -43.089  -26.365  25.451 0.0000000000
72463  -43.007  -25.689  24.757 0.0000000000
73642  -43.307  -24.882  24.238 0.0000000000
72507  -42.436  -24.951  22.361 0.0000000000
72551  -42.550  -25.530  20.854 0.0000000000
70168  -41.739  -26.514  19.422 0.0000000000
69074  -39.474  -27.604  20.587 0.0000000000
70139  -39.421  -26.549  21.095 0.0000000000
71347  -38.833  -26.059  20.920 0.0000000000
72569  -38.861  -25.262  19.985 0.0000000000
71367  -39.303  -25.542  19.391 0.0000000000
71391  -39.616  -26.083  18.735 0.0000000000
70185  -41.246  -26.711  18.741 0.0000000000
70200  -41.342  -27.804  17.501 0.0000000000
50640  -27.211  -45.367  37.390 0.0000000000
51892  -25.780  -45.032  27.573 0.0000000000
51916  -27.042  -45.371  27.163 0.0000000000
51870  -26.945  -45.095  29.120 0.0000000000
51850  -28.026  -45.086  30.027 0.0000000000
51801  -29.405  -44.805  31.417 0.0000000000
51784  -29.980  -44.896  32.195 0.0000000000
53926  -31.368  -41.938  23.710 0.0000000000
52936  -31.080  -42.890  25.087 0.0000000000
52889  -31.136  -43.483  26.883 0.0000000000
51877  -33.792  -44.538  27.772 0.0000000000
51876  -32.758  -44.359  27.966 0.0000000000
51854  -31.348  -44.280  28.974 0.0000000000
51830  -31.032  -44.400  30.000 0.0000000000
50739  -31.231  -45.364  32.118 0.0000000000
50722  -31.056  -45.126  33.299 0.0000000000
50685  -32.292  -45.132  35.446 0.0000000000
50666  -33.959  -45.200  36.386 0.0000000000
43297  -13.796  -52.264  33.244 0.0000000000
43270  -14.905  -51.773  35.431 0.0000000000
45445  -16.448  -50.645  31.248 0.0000000000
44356  -15.841  -50.932  31.629 0.0000000000
44319  -15.459  -51.246  33.536 0.0000000000
44289  -15.518  -51.164  35.379 0.0000000000
44279  -15.387  -51.275  36.348 0.0000000000
45326  -16.017  -49.993  38.051 0.0000000000
47499  -18.722  -47.236  40.695 0.0000000000
70156  -45.359  -27.092  19.956 0.0000000000
71353  -46.476  -26.152  20.615 0.0000000000
71332  -47.343  -25.294  21.825 0.0000000000
72573  -47.970  -25.291  20.291 0.0000000000
72553  -47.906  -25.049  21.226 0.0000000000
72494  -47.803  -24.836  23.312 0.0000000000
73647  -48.566  -23.645  24.383 0.0000000000
75905  -50.631  -21.932  18.113 0.0000000000
75882  -50.621  -21.774  19.234 0.0000000000
75829  -50.430  -21.512  21.168 0.0000000000
80348  -56.761  -17.165  10.970 0.0000000000
81400  -56.950  -16.339  11.065 0.0000000000
82453  -57.207  -15.469  11.145 0.0000000000
83520  -55.759  -15.283  9.124 0.0000000000
83510  -56.862  -14.681  10.404 0.0000000000
84671  -57.731  -13.877  10.631 0.0000000000
85873  -58.183  -13.054  11.007 0.0000000000
87035  -58.578  -12.138  10.617 0.0000000000
84700  -57.748  -13.957  7.122 0.0000000000
87074  -58.339  -12.342  7.715 0.0000000000
88163  -58.796  -10.269  9.004 0.0000000000
88194  -61.547  -10.970  5.738 0.0000000000
60320  -36.551  -35.690  23.466 0.0000000000
60303  -36.079  -35.662  24.527 0.0000000000
71372  -42.866  -26.564  19.926 0.0000000000
71350  -43.399  -26.304  20.425 0.0000000000
71373  -43.578  -26.778  19.980 0.0000000000
78173  -56.504  -19.134  12.249 0.0000000000
78149  -56.516  -19.529  13.392 0.0000000000
79262  -57.983  -18.782  14.436 0.0000000000
79280  -57.111  -18.357  12.131 0.0000000000
43269  -14.246  -52.253  35.558 0.0000000000
42192  -13.609  -52.698  35.567 0.0000000000
43258  -14.116  -52.409  36.534 0.0000000000
67097  -42.340  -29.515  23.283 0.0000000000
68065  -41.658  -28.070  22.578 0.0000000000
49625  -22.520  -46.253  37.762 0.0000000000
49636  -22.690  -46.499  37.116 0.0000000000
51752  -29.541  -44.777  34.227 0.0000000000
51739  -30.272  -44.976  34.826 0.0000000000
51740  -30.724  -45.169  34.542 0.0000000000
52816  -37.160  -42.379  31.752 0.0000000000
52817  -37.297  -42.542  32.059 0.0000000000
52806  -37.507  -42.550  32.433 0.0000000000
48602  -21.386  -46.995  37.068 0.0000000000
73730  -49.246  -23.724  16.587 0.0000000000
61401  -39.382  -35.580  30.468 0.0000000000
61505  -39.571  -34.128  23.480 0.0000000000
62598  -39.952  -33.720  24.125 0.0000000000
50788  -25.961  -45.546  29.771 0.0000000000
50810  -26.340  -45.090  29.419 0.0000000000
59126  -35.018  -36.626  27.528 0.0000000000
58145  -35.236  -37.318  27.221 0.0000000000
58135  -35.822  -37.203  28.271 0.0000000000
58136  -36.250  -37.971  28.293 0.0000000000
59107  -35.570  -36.656  28.956 0.0000000000
61400  -38.393  -35.378  30.459 0.0000000000
73577  -44.592  -24.934  28.214 0.0000000000
73617  -44.334  -24.494  26.214 0.0000000000
71291  -46.662  -25.494  23.966 0.0000000000
72455  -46.954  -24.854  25.907 0.0000000000
72467  -47.155  -24.924  25.328 0.0000000000
77053  -52.815  -20.960  13.930 0.0000000000
77022  -53.028  -21.433  14.889 0.0000000000
77035  -53.310  -21.047  14.342 0.0000000000
78091  -56.343  -19.496  18.735 0.0000000000
79305  -51.981  -19.077  9.674 0.0000000000
79325  -51.395  -18.273  9.329 0.0000000000
79326  -52.301  -18.248  9.240 0.0000000000
42175  -10.298  -53.320  36.761 0.0000000000
42174  -9.411  -53.511  37.087 0.0000000000
43200  -14.424  -51.666  41.587 0.0000000000
39955  -11.101  -54.328  41.853 0.0000000000
38868  -11.707  -55.216  41.342 0.0000000000
62537  -43.206  -33.967  29.641 0.0000000000
62548  -43.596  -33.444  29.483 0.0000000000
67059  -44.971  -29.499  27.307 0.0000000000
66027  -45.015  -30.059  27.878 0.0000000000
67047  -45.547  -29.493  28.507 0.0000000000
67048  -45.902  -28.841  28.999 0.0000000000
67995  -45.460  -28.578  27.858 0.0000000000
69015  -44.528  -27.757  26.637 0.0000000000
72526  -40.676  -24.927  21.669 0.0000000000
50699  -25.894  -45.885  35.415 0.0000000000
50677  -25.409  -46.106  36.026 0.0000000000
50678  -26.196  -45.677  35.991 0.0000000000
52888  -30.140  -43.612  26.902 0.0000000000
52887  -29.373  -44.061  27.015 0.0000000000
52873  -29.939  -44.128  27.653 0.0000000000
51873  -29.805  -44.333  28.508 0.0000000000
51874  -30.577  -44.153  28.283 0.0000000000
53888  -34.807  -41.984  25.261 0.0000000000
48657  -34.660  -46.087  31.412 0.0000000000
48671  -34.318  -46.105  30.963 0.0000000000
48646  -34.238  -46.272  31.883 0.0000000000
49683  -33.538  -46.201  32.275 0.0000000000
48636  -34.321  -46.350  32.778 0.0000000000
48623  -34.434  -46.300  33.783 0.0000000000
55971  -38.589  -39.140  32.352 0.0000000000
46433  -17.429  -48.961  37.410 0.0000000000
70219  -46.353  -26.665  16.730 0.0000000000
71394  -46.793  -26.688  18.113 0.0000000000
71412  -46.889  -26.485  17.171 0.0000000000
74744  -49.526  -22.832  20.666 0.0000000000
74732  -48.927  -23.172  21.331 0.0000000000
74723  -49.464  -22.194  22.623 0.0000000000
76977  -52.342  -20.067  19.105 0.0000000000
82483  -53.684  -15.936  9.148 0.0000000000
81428  -54.867  -16.724  9.610 0.0000000000
84691  -57.071  -13.980  8.337 0.0000000000
85899  -57.368  -13.036  8.836 0.0000000000
84692  -57.451  -13.676  7.811 0.0000000000
85926  -59.375  -12.823  5.825 0.0000000000
84710  -59.009  -13.758  5.849 0.0000000000
87076  -59.486  -11.552  6.783 0.0000000000
88179  -60.548  -10.496  6.442 0.0000000000
88192  -60.319  -10.918  6.009 0.0000000000
60262  -38.539  -35.764  27.348 0.0000000000
60290  -37.956  -35.897  25.394 0.0000000000
60322  -38.432  -35.425  23.453 0.0000000000
61503  -33.039  -34.997  23.134 0.0000000000
60302  -34.925  -35.676  24.543 0.0000000000
60273  -35.590  -35.627  26.751 0.0000000000
60289  -36.850  -35.780  25.527 0.0000000000
60261  -37.488  -35.450  27.647 0.0000000000
72509  -44.120  -25.433  22.415 0.0000000000
71311  -44.950  -25.739  22.192 0.0000000000
71312  -45.964  -25.771  22.411 0.0000000000
78126  -56.859  -19.577  15.715 0.0000000000
79238  -57.437  -18.982  16.842 0.0000000000
80329  -58.694  -16.893  13.340 0.0000000000
81379  -58.471  -16.506  12.863 0.0000000000
81390  -58.023  -16.303  12.227 0.0000000000
42176  -11.345  -53.210  36.633 0.0000000000
64916  -42.818  -31.923  25.860 0.0000000000
64930  -42.875  -31.546  25.810 0.0000000000
67085  -43.200  -29.291  24.622 0.0000000000
67073  -43.662  -29.756  25.403 0.0000000000
68029  -43.781  -28.668  25.091 0.0000000000
68043  -43.186  -28.255  24.510 0.0000000000
69052  -41.022  -27.511  22.296 0.0000000000
69042  -41.299  -27.104  22.791 0.0000000000
71309  -40.558  -25.754  21.912 0.0000000000
71327  -40.027  -26.064  21.466 0.0000000000
50702  -27.877  -44.792  34.864 0.0000000000
52935  -29.931  -42.943  24.958 0.0000000000
52857  -36.789  -42.862  29.094 0.0000000000
52876  -36.795  -42.941  28.262 0.0000000000
49699  -35.887  -45.193  31.578 0.0000000000
50741  -36.446  -44.725  32.542 0.0000000000
49686  -36.368  -45.177  33.280 0.0000000000
50742  -36.698  -44.456  32.962 0.0000000000
51755  -37.452  -44.373  34.163 0.0000000000
46513  -19.416  -48.847  33.191 0.0000000000
46468  -19.718  -48.122  35.727 0.0000000000
47544  -19.259  -48.178  36.659 0.0000000000
47531  -19.063  -48.014  37.343 0.0000000000
48581  -21.110  -46.325  39.074 0.0000000000
48580  -20.352  -46.785  38.880 0.0000000000
72626  -47.837  -24.708  15.846 0.0000000000
72612  -48.291  -24.483  16.577 0.0000000000
73703  -49.382  -23.300  18.080 0.0000000000
73702  -48.943  -23.790  18.285 0.0000000000
74768  -49.505  -23.216  19.784 0.0000000000
83580  -59.223  -14.306  4.464 0.0000000000
83595  -59.525  -14.265  3.731 0.0000000000
85944  -60.394  -12.902  4.415 0.0000000000
84741  -60.154  -13.578  3.676 0.0000000000
44248  -15.349  -50.786  39.066 0.0000000000
44219  -15.855  -50.594  42.271 0.0000000000
62489  -40.306  -34.880  33.981 0.0000000000
62502  -40.553  -34.780  33.394 0.0000000000
62515  -40.503  -34.688  32.676 0.0000000000
61404  -42.499  -34.590  29.862 0.0000000000
61418  -41.777  -34.883  28.843 0.0000000000
60263  -39.422  -35.828  27.076 0.0000000000
61432  -40.016  -35.840  27.536 0.0000000000
61448  -40.061  -35.387  26.999 0.0000000000
62575  -40.859  -33.684  25.551 0.0000000000
61449  -40.693  -34.540  26.937 0.0000000000
62564  -41.125  -33.816  26.346 0.0000000000
61450  -41.373  -33.834  27.105 0.0000000000
62565  -41.933  -33.419  26.585 0.0000000000
64943  -41.384  -31.599  23.821 0.0000000000
48620  -22.268  -46.802  34.958 0.0000000000
48633  -22.787  -46.954  34.152 0.0000000000
48644  -24.024  -47.055  32.502 0.0000000000
48634  -23.979  -46.696  33.665 0.0000000000
48635  -24.760  -46.455  33.162 0.0000000000
49695  -25.991  -45.953  31.906 0.0000000000
49681  -25.947  -45.764  33.044 0.0000000000
51825  -27.693  -45.015  31.331 0.0000000000
50753  -27.650  -45.079  32.058 0.0000000000
51799  -28.168  -45.003  31.869 0.0000000000
51782  -28.771  -44.810  32.689 0.0000000000
51800  -28.754  -44.862  31.682 0.0000000000
56167  -32.997  -39.187  22.911 0.0000000000
56158  -33.350  -39.576  23.432 0.0000000000
54991  -34.085  -40.450  24.188 0.0000000000
59155  -33.962  -36.746  24.374 0.0000000000
59154  -33.438  -36.731  23.662 0.0000000000
57159  -35.397  -38.560  25.805 0.0000000000
57179  -35.034  -38.536  25.275 0.0000000000
56124  -35.746  -39.450  26.060 0.0000000000
56125  -36.109  -39.947  26.258 0.0000000000
54956  -36.845  -40.472  26.836 0.0000000000
56105  -36.921  -40.057  27.256 0.0000000000
57113  -36.948  -39.409  29.212 0.0000000000
56062  -37.072  -39.861  28.877 0.0000000000
54904  -36.749  -40.677  30.619 0.0000000000
56017  -36.806  -39.995  30.927 0.0000000000
54878  -37.128  -40.676  31.524 0.0000000000
55992  -37.032  -39.824  31.396 0.0000000000
58110  -37.050  -38.078  31.287 0.0000000000
57084  -37.110  -38.765  31.835 0.0000000000
58101  -37.156  -37.958  31.869 0.0000000000
55946  -37.854  -38.760  32.671 0.0000000000
59082  -37.428  -37.278  32.020 0.0000000000
61412  -36.019  -35.361  29.666 0.0000000000
60232  -35.706  -36.060  29.420 0.0000000000
61368  -38.136  -35.612  31.685 0.0000000000
61382  -37.585  -35.756  30.893 0.0000000000
61353  -38.069  -35.944  32.281 0.0000000000
60197  -37.756  -36.463  32.873 0.0000000000
59065  -37.940  -36.897  34.231 0.0000000000
59066  -38.743  -37.134  34.379 0.0000000000
60187  -37.791  -35.883  33.998 0.0000000000
61356  -39.517  -34.636  33.154 0.0000000000
61342  -38.780  -34.649  33.780 0.0000000000
61343  -39.673  -34.763  34.046 0.0000000000
47601  -20.584  -48.911  31.312 0.0000000000
70026  -45.079  -26.223  30.743 0.0000000000
71192  -45.142  -25.606  31.431 0.0000000000
71206  -45.087  -25.743  30.125 0.0000000000
73542  -45.659  -24.796  30.672 0.0000000000
73543  -46.185  -24.532  30.340 0.0000000000
73645  -44.777  -24.740  25.339 0.0000000000
73618  -44.924  -24.609  26.547 0.0000000000
73633  -45.133  -24.795  25.891 0.0000000000
73620  -46.642  -24.615  26.838 0.0000000000
73601  -46.413  -24.601  27.611 0.0000000000
74623  -47.287  -24.348  29.522 0.0000000000
73581  -47.916  -24.138  28.772 0.0000000000
73559  -48.369  -23.847  29.178 0.0000000000
73604  -48.945  -23.293  27.574 0.0000000000
74843  -51.269  -22.553  15.111 0.0000000000
77008  -52.966  -21.327  16.488 0.0000000000
76990  -53.248  -20.208  17.898 0.0000000000
78124  -55.189  -20.637  16.202 0.0000000000
77025  -54.644  -20.877  15.903 0.0000000000
77011  -54.726  -20.715  16.458 0.0000000000
78101  -54.973  -19.874  17.739 0.0000000000
37758  -8.741  -56.019  40.247 0.0000000000
37757  -7.784  -56.190  39.866 0.0000000000
36635  -8.049  -56.708  39.640 0.0000000000
70233  -44.485  -26.476  15.219 0.0000000000
72624  -45.872  -25.213  15.026 0.0000000000
72625  -46.861  -25.277  15.550 0.0000000000
72645  -46.294  -24.842  14.917 0.0000000000
74853  -47.270  -23.190  14.071 0.0000000000
73763  -48.347  -23.902  15.024 0.0000000000
75963  -48.007  -22.424  13.861 0.0000000000
75965  -49.889  -22.218  13.861 0.0000000000
78143  -50.444  -20.499  12.977 0.0000000000
77050  -50.449  -20.890  13.292 0.0000000000
77051  -51.440  -20.976  13.352 0.0000000000
78188  -51.400  -20.196  11.359 0.0000000000
78204  -53.562  -19.449  10.051 0.0000000000
78190  -53.732  -19.907  11.117 0.0000000000
79292  -55.197  -18.864  10.711 0.0000000000
79307  -53.827  -18.540  9.696 0.0000000000
80376  -52.723  -17.433  9.192 0.0000000000
81426  -53.183  -16.667  9.261 0.0000000000
41045  -8.249  -53.899  37.762 0.0000000000
44247  -14.673  -51.118  39.548 0.0000000000
43230  -13.989  -51.868  39.310 0.0000000000
43219  -12.931  -51.827  40.488 0.0000000000
43229  -13.129  -52.077  39.628 0.0000000000
43228  -12.447  -52.311  40.137 0.0000000000
42150  -11.785  -52.914  38.714 0.0000000000
42106  -13.671  -52.792  41.664 0.0000000000
43197  -11.563  -53.133  41.646 0.0000000000
43208  -11.804  -53.084  41.312 0.0000000000
43216  -10.989  -52.948  40.745 0.0000000000
42118  -11.125  -53.017  40.451 0.0000000000
42117  -10.074  -52.885  40.597 0.0000000000
40998  -9.357  -54.086  41.294 0.0000000000
42110  -9.297  -53.173  40.901 0.0000000000
41008  -8.919  -53.761  41.137 0.0000000000
41007  -7.873  -53.931  40.687 0.0000000000
39962  -9.023  -54.421  41.179 0.0000000000
38864  -8.781  -55.121  40.747 0.0000000000
38865  -9.501  -55.237  41.070 0.0000000000
66959  -45.473  -29.870  34.516 0.0000000000
67927  -45.641  -29.065  34.447 0.0000000000
67937  -45.278  -29.321  34.200 0.0000000000
62503  -41.758  -34.620  33.671 0.0000000000
62491  -42.103  -34.301  34.499 0.0000000000
62505  -43.537  -33.257  33.412 0.0000000000
63636  -43.721  -32.791  34.084 0.0000000000
64887  -43.840  -32.052  28.001 0.0000000000
64872  -44.512  -32.210  29.142 0.0000000000
64888  -44.308  -31.981  28.455 0.0000000000
65982  -45.473  -30.371  30.472 0.0000000000
64857  -45.082  -31.324  31.050 0.0000000000
64825  -44.552  -31.240  32.628 0.0000000000
64841  -44.889  -31.064  31.883 0.0000000000
65936  -44.596  -30.388  33.223 0.0000000000
67025  -45.566  -29.155  31.820 0.0000000000
67976  -45.796  -28.344  31.548 0.0000000000
68956  -45.736  -27.394  31.250 0.0000000000
70027  -45.399  -26.671  31.018 0.0000000000
68971  -45.741  -27.157  30.045 0.0000000000
70060  -44.296  -26.759  28.026 0.0000000000
71260  -43.785  -26.304  27.566 0.0000000000
71259  -43.617  -25.716  27.356 0.0000000000
71270  -43.215  -25.857  26.130 0.0000000000
70112  -42.807  -26.880  24.606 0.0000000000
70102  -43.159  -26.872  25.098 0.0000000000
70101  -42.820  -26.492  24.769 0.0000000000
72489  -42.184  -25.412  22.986 0.0000000000
73641  -42.809  -25.227  23.713 0.0000000000
73629  -43.134  -25.253  24.476 0.0000000000
73657  -42.951  -24.884  23.560 0.0000000000
72490  -42.534  -25.067  22.934 0.0000000000
72550  -41.603  -25.213  20.739 0.0000000000
71348  -41.957  -25.768  20.221 0.0000000000
71370  -41.516  -26.019  19.494 0.0000000000
69061  -39.267  -27.172  20.736 0.0000000000
70154  -38.687  -26.673  20.507 0.0000000000
72546  -38.446  -25.703  20.373 0.0000000000
72547  -38.943  -25.530  20.763 0.0000000000
72586  -38.602  -25.528  19.213 0.0000000000
71390  -38.874  -25.787  18.677 0.0000000000
71368  -40.139  -25.595  19.467 0.0000000000
49650  -23.651  -46.445  35.912 0.0000000000
49637  -23.332  -46.477  36.616 0.0000000000
49638  -24.185  -46.343  36.351 0.0000000000
50638  -25.622  -46.220  37.237 0.0000000000
50659  -27.467  -44.997  36.664 0.0000000000
50658  -26.620  -45.377  36.680 0.0000000000
52886  -28.706  -44.832  27.439 0.0000000000
52905  -27.571  -45.141  26.419 0.0000000000
51894  -27.734  -45.412  27.847 0.0000000000
51871  -28.255  -45.269  28.984 0.0000000000
51828  -29.515  -44.634  30.401 0.0000000000
53944  -32.098  -41.577  23.121 0.0000000000
52910  -32.630  -42.968  25.820 0.0000000000
52890  -32.074  -43.448  26.558 0.0000000000
52909  -31.560  -42.995  25.971 0.0000000000
51899  -34.711  -44.189  27.197 0.0000000000
51878  -34.760  -44.466  28.016 0.0000000000
49712  -33.303  -45.418  29.940 0.0000000000
50811  -33.285  -44.722  28.273 0.0000000000
50791  -32.844  -44.994  29.017 0.0000000000
51855  -32.084  -44.398  28.583 0.0000000000
50790  -32.008  -44.578  29.075 0.0000000000
50777  -31.848  -44.736  29.703 0.0000000000
50705  -31.402  -45.174  34.524 0.0000000000
50706  -32.477  -45.415  34.411 0.0000000000
49641  -34.175  -45.743  35.424 0.0000000000
50686  -33.377  -45.442  35.620 0.0000000000
49657  -36.007  -45.841  34.575 0.0000000000
49643  -36.359  -45.365  35.432 0.0000000000
54869  -37.887  -40.571  32.325 0.0000000000
43283  -14.070  -52.051  34.423 0.0000000000
45425  -18.031  -49.720  32.207 0.0000000000
45407  -17.689  -49.849  33.022 0.0000000000
44321  -16.712  -50.461  33.011 0.0000000000
45423  -16.891  -50.356  32.151 0.0000000000
44338  -16.320  -50.778  32.285 0.0000000000
44337  -15.610  -51.090  32.408 0.0000000000
44303  -15.683  -51.085  34.569 0.0000000000
44268  -15.792  -50.719  37.220 0.0000000000
47511  -18.479  -47.628  38.976 0.0000000000
72340  -46.665  -25.222  33.650 0.0000000000
69099  -44.201  -28.014  18.057 0.0000000000
70188  -44.663  -27.778  18.800 0.0000000000
70172  -45.343  -27.364  19.435 0.0000000000
71331  -46.609  -25.714  21.607 0.0000000000
72588  -48.526  -24.742  18.700 0.0000000000
72587  -48.021  -25.452  19.241 0.0000000000
72574  -48.492  -24.755  19.737 0.0000000000
73667  -48.544  -23.760  21.963 0.0000000000
72532  -48.281  -24.430  21.554 0.0000000000
72511  -48.262  -24.377  22.395 0.0000000000
72510  -47.978  -24.782  22.679 0.0000000000
72495  -48.210  -24.496  22.979 0.0000000000
73646  -48.069  -24.371  23.905 0.0000000000
75799  -49.485  -22.292  24.649 0.0000000000
75787  -49.471  -22.394  25.477 0.0000000000
75920  -50.862  -22.143  17.117 0.0000000000
76960  -51.024  -20.950  19.674 0.0000000000
75853  -50.599  -21.663  20.329 0.0000000000
79309  -55.270  -18.129  10.415 0.0000000000
79294  -56.688  -17.999  11.254 0.0000000000
80347  -56.277  -17.644  10.756 0.0000000000
81412  -56.384  -16.444  10.584 0.0000000000
82467  -56.627  -15.704  10.718 0.0000000000
83519  -55.042  -15.295  8.692 0.0000000000
83534  -55.387  -14.940  8.361 0.0000000000
83521  -56.503  -14.470  9.447 0.0000000000
83511  -57.383  -14.547  10.854 0.0000000000
84670  -57.334  -13.921  10.157 0.0000000000
84657  -58.380  -13.943  11.473 0.0000000000
85885  -57.460  -13.247  10.035 0.0000000000
87054  -57.624  -11.987  9.746 0.0000000000
87045  -57.807  -12.067  10.224 0.0000000000
88146  -58.236  -11.379  9.956 0.0000000000
88138  -58.880  -11.579  10.179 0.0000000000
88147  -58.734  -11.170  9.872 0.0000000000
84701  -58.433  -13.851  6.472 0.0000000000
83555  -57.894  -14.610  6.330 0.0000000000
83554  -57.176  -15.032  6.620 0.0000000000
85905  -57.810  -12.931  7.696 0.0000000000
88171  -59.348  -10.664  7.454 0.0000000000
88170  -58.992  -11.088  7.936 0.0000000000
89216  -59.258  -10.262  8.599 0.0000000000
88156  -59.957  -10.807  9.201 0.0000000000
88164  -60.367  -10.593  8.515 0.0000000000
88205  -61.366  -11.607  4.959 0.0000000000
60321  -37.605  -35.699  23.429 0.0000000000
60288  -35.739  -35.616  25.651 0.0000000000
72529  -43.375  -25.535  21.542 0.0000000000
71328  -43.872  -26.007  20.982 0.0000000000
78135  -57.196  -19.446  14.553 0.0000000000
79263  -58.584  -17.966  14.355 0.0000000000
42220  -13.013  -52.618  33.564 0.0000000000
42206  -13.146  -52.667  34.409 0.0000000000
66059  -42.646  -30.971  24.661 0.0000000000
67084  -42.750  -29.963  24.087 0.0000000000
68054  -42.220  -28.435  23.166 0.0000000000
69051  -40.421  -27.179  21.717 0.0000000000
48582  -21.776  -46.250  38.709 0.0000000000
50720  -28.677  -44.728  33.716 0.0000000000
50703  -28.728  -44.632  34.632 0.0000000000
50704  -29.323  -44.637  34.694 0.0000000000
50683  -30.368  -44.843  35.597 0.0000000000
53857  -36.751  -41.997  30.156 0.0000000000
52856  -36.602  -42.694  29.727 0.0000000000
52840  -36.657  -42.616  30.499 0.0000000000
51804  -37.003  -43.189  31.780 0.0000000000
51805  -36.900  -43.655  32.153 0.0000000000
50759  -36.829  -43.905  32.395 0.0000000000
47555  -20.285  -47.930  35.315 0.0000000000
47532  -20.089  -47.341  37.676 0.0000000000
47533  -20.820  -47.144  37.410 0.0000000000
73729  -48.751  -24.021  16.284 0.0000000000
73715  -48.749  -23.939  17.137 0.0000000000
74813  -49.761  -23.050  17.813 0.0000000000
61371  -39.852  -34.736  32.229 0.0000000000
61386  -40.127  -35.046  31.272 0.0000000000
61402  -40.439  -35.366  30.316 0.0000000000
61417  -40.626  -35.545  29.183 0.0000000000
61477  -39.862  -34.833  25.115 0.0000000000
61463  -40.221  -35.157  26.104 0.0000000000
62585  -39.988  -34.071  24.755 0.0000000000
61478  -40.351  -34.099  25.230 0.0000000000
63722  -40.938  -32.706  24.612 0.0000000000
62599  -40.405  -32.993  24.027 0.0000000000
47592  -22.843  -47.898  32.508 0.0000000000
47580  -23.194  -47.380  33.285 0.0000000000
47593  -23.553  -47.451  32.450 0.0000000000
48654  -23.896  -47.323  31.960 0.0000000000
49725  -25.093  -46.181  29.371 0.0000000000
49726  -25.567  -46.109  30.090 0.0000000000
50775  -26.560  -45.605  30.951 0.0000000000
58160  -34.508  -37.343  25.369 0.0000000000
58152  -34.835  -37.223  26.371 0.0000000000
58153  -35.244  -37.888  26.344 0.0000000000
57142  -35.706  -38.587  26.745 0.0000000000
56079  -36.525  -39.328  27.592 0.0000000000
57129  -36.290  -38.901  27.895 0.0000000000
57117  -36.676  -38.494  28.645 0.0000000000
57112  -36.920  -38.842  29.623 0.0000000000
57101  -36.870  -39.018  30.876 0.0000000000
59099  -36.649  -37.003  30.143 0.0000000000
61429  -36.914  -35.152  28.920 0.0000000000
61413  -36.806  -35.179  29.686 0.0000000000
61399  -37.614  -35.231  30.434 0.0000000000
61369  -38.373  -35.240  31.984 0.0000000000
61341  -37.999  -35.003  33.491 0.0000000000
61370  -38.922  -34.893  32.169 0.0000000000
47602  -21.542  -48.714  31.392 0.0000000000
47591  -21.862  -48.378  32.556 0.0000000000
72430  -44.247  -25.237  28.349 0.0000000000
72409  -45.234  -25.359  29.427 0.0000000000
73578  -45.421  -24.766  28.323 0.0000000000
71290  -45.897  -25.588  24.092 0.0000000000
72465  -45.881  -24.894  25.969 0.0000000000
72466  -46.391  -25.073  25.538 0.0000000000
72454  -46.608  -24.802  26.217 0.0000000000
73622  -48.574  -23.447  26.653 0.0000000000
73635  -48.504  -23.598  25.573 0.0000000000
75968  -52.111  -21.708  14.394 0.0000000000
75955  -52.540  -21.787  15.092 0.0000000000
75942  -53.208  -21.439  15.829 0.0000000000
77009  -53.403  -21.213  16.354 0.0000000000
84638  -59.630  -13.807  12.576 0.0000000000
73761  -46.648  -24.211  14.585 0.0000000000
77048  -48.799  -21.126  13.010 0.0000000000
77049  -49.574  -20.993  13.245 0.0000000000
77065  -49.212  -20.575  12.791 0.0000000000
78167  -50.015  -20.262  12.578 0.0000000000
78202  -51.700  -19.822  10.391 0.0000000000
41046  -8.865  -53.617  37.408 0.0000000000
44230  -14.264  -50.902  41.346 0.0000000000
44229  -13.749  -51.514  41.298 0.0000000000
44228  -13.125  -51.995  41.290 0.0000000000
41003  -13.098  -53.594  41.837 0.0000000000
41002  -12.316  -53.653  41.954 0.0000000000
42103  -11.330  -53.447  42.136 0.0000000000
42112  -10.604  -53.304  41.313 0.0000000000
41000  -11.014  -54.111  41.951 0.0000000000
39954  -10.364  -54.387  41.603 0.0000000000
38857  -10.604  -54.879  41.626 0.0000000000
38866  -10.113  -55.333  41.265 0.0000000000
38867  -10.860  -55.297  41.327 0.0000000000
37751  -12.025  -55.592  40.910 0.0000000000
61374  -42.787  -34.746  32.019 0.0000000000
61389  -43.174  -34.315  31.452 0.0000000000
62528  -43.767  -33.676  31.174 0.0000000000
63663  -44.315  -33.004  30.564 0.0000000000
66026  -44.406  -30.655  27.476 0.0000000000
66012  -45.080  -30.540  28.283 0.0000000000
65998  -45.453  -30.335  29.271 0.0000000000
65999  -45.595  -29.955  29.879 0.0000000000
67030  -45.447  -29.820  31.343 0.0000000000
67039  -45.815  -29.350  29.616 0.0000000000
67991  -45.958  -28.221  29.426 0.0000000000
68981  -45.760  -27.548  28.952 0.0000000000
68989  -45.673  -27.680  28.499 0.0000000000
68998  -44.504  -27.188  27.397 0.0000000000
70078  -43.976  -26.839  27.128 0.0000000000
71297  -41.850  -26.295  23.154 0.0000000000
71287  -42.251  -26.224  23.602 0.0000000000
72488  -41.854  -25.887  22.937 0.0000000000
72571  -40.744  -25.221  20.076 0.0000000000
49639  -24.775  -46.252  35.880 0.0000000000
50676  -24.783  -46.284  36.399 0.0000000000
50639  -26.395  -45.818  37.288 0.0000000000
52934  -28.838  -43.474  25.087 0.0000000000
52871  -29.040  -44.616  27.962 0.0000000000
51872  -29.031  -44.652  28.519 0.0000000000
51829  -30.225  -44.470  30.150 0.0000000000
53928  -33.238  -41.240  23.824 0.0000000000
53907  -32.635  -41.953  24.532 0.0000000000
52938  -33.131  -42.362  25.128 0.0000000000
49730  -35.121  -45.399  30.312 0.0000000000
50793  -34.698  -45.109  29.372 0.0000000000
49728  -34.004  -45.456  29.674 0.0000000000
49713  -33.962  -45.953  30.475 0.0000000000
49696  -33.081  -45.724  30.781 0.0000000000
50757  -32.372  -45.527  31.092 0.0000000000
49682  -32.882  -45.901  31.670 0.0000000000
49667  -32.789  -45.913  32.648 0.0000000000
49654  -32.862  -45.815  33.613 0.0000000000
49655  -33.570  -46.041  34.525 0.0000000000
45388  -18.093  -49.666  33.975 0.0000000000
45368  -17.542  -49.866  34.833 0.0000000000
45386  -16.683  -50.489  34.175 0.0000000000
44304  -16.171  -50.704  34.199 0.0000000000
45351  -16.376  -49.935  35.951 0.0000000000
45339  -16.353  -50.118  37.021 0.0000000000
48570  -20.132  -46.588  39.918 0.0000000000
48569  -19.363  -46.847  40.526 0.0000000000
70202  -45.632  -27.334  17.709 0.0000000000
70189  -45.417  -27.482  18.452 0.0000000000
70190  -46.083  -27.142  18.340 0.0000000000
71376  -47.273  -25.918  19.867 0.0000000000
73684  -48.790  -24.105  20.168 0.0000000000
75800  -49.774  -21.680  23.970 0.0000000000
76988  -51.729  -21.170  17.748 0.0000000000
76987  -51.116  -21.456  17.998 0.0000000000
81410  -55.271  -16.981  10.015 0.0000000000
82485  -55.426  -16.153  9.572 0.0000000000
85892  -57.403  -12.867  9.488 0.0000000000
87060  -57.540  -12.402  9.214 0.0000000000
87065  -57.638  -12.464  8.742 0.0000000000
83579  -58.409  -14.690  4.509 0.0000000000
85914  -58.873  -12.902  6.484 0.0000000000
87075  -59.045  -12.026  7.323 0.0000000000
89225  -60.538  -10.008  7.573 0.0000000000
89231  -60.350  -10.189  7.012 0.0000000000
88215  -61.785  -11.922  4.134 0.0000000000
88206  -61.730  -11.610  4.773 0.0000000000
88207  -62.031  -11.863  4.381 0.0000000000
60233  -38.657  -35.821  28.926 0.0000000000
60234  -39.091  -35.950  28.909 0.0000000000
60277  -39.583  -35.634  26.210 0.0000000000
60291  -39.041  -35.500  25.239 0.0000000000
61476  -39.289  -35.110  24.744 0.0000000000
61488  -39.358  -34.825  24.433 0.0000000000
49747  -24.871  -46.135  28.317 0.0000000000
50808  -25.336  -45.556  28.348 0.0000000000
50831  -25.564  -45.244  27.996 0.0000000000
61501  -32.003  -35.153  22.727 0.0000000000
60317  -32.932  -35.821  23.468 0.0000000000
60300  -33.565  -36.127  23.740 0.0000000000
60271  -34.684  -36.199  26.758 0.0000000000
60258  -34.872  -36.118  27.705 0.0000000000
60243  -35.038  -36.231  28.828 0.0000000000
60260  -36.382  -35.313  27.583 0.0000000000
61445  -36.347  -35.163  28.309 0.0000000000
61430  -37.731  -35.396  28.755 0.0000000000
73643  -43.775  -24.585  24.641 0.0000000000
73631  -44.006  -24.369  25.444 0.0000000000
73659  -43.989  -24.627  24.262 0.0000000000
72476  -44.635  -24.881  24.449 0.0000000000
72493  -45.088  -25.242  23.986 0.0000000000
71298  -44.648  -25.474  22.933 0.0000000000
71289  -45.403  -25.383  24.073 0.0000000000
78132  -53.855  -20.809  14.125 0.0000000000
77036  -54.025  -20.934  14.967 0.0000000000
78125  -55.945  -20.208  15.870 0.0000000000
78103  -56.880  -19.304  17.821 0.0000000000
80318  -59.258  -17.088  14.177 0.0000000000
81380  -59.060  -16.168  13.291 0.0000000000
82440  -58.143  -15.412  12.183 0.0000000000
42205  -11.989  -52.867  34.421 0.0000000000
42204  -10.892  -52.888  34.458 0.0000000000
42163  -11.065  -53.084  37.731 0.0000000000
63685  -42.938  -33.074  27.487 0.0000000000
63672  -43.702  -32.857  28.720 0.0000000000
63701  -43.166  -32.414  27.140 0.0000000000
64903  -43.772  -31.596  27.507 0.0000000000
66025  -43.872  -30.944  27.288 0.0000000000
66049  -42.991  -30.844  25.660 0.0000000000
66037  -43.748  -30.753  26.712 0.0000000000
66038  -44.266  -30.333  26.842 0.0000000000
67066  -44.342  -29.732  26.326 0.0000000000
68015  -44.443  -28.545  26.132 0.0000000000
69028  -43.981  -27.739  25.779 0.0000000000
68030  -44.089  -28.149  25.680 0.0000000000
69035  -42.963  -27.366  24.557 0.0000000000
70111  -42.363  -26.934  24.054 0.0000000000
70121  -41.893  -26.883  23.463 0.0000000000
71310  -41.251  -26.204  22.507 0.0000000000
72504  -40.437  -25.395  21.949 0.0000000000
50717  -26.508  -45.289  34.487 0.0000000000
50700  -26.416  -45.415  35.270 0.0000000000
50660  -28.403  -44.850  36.592 0.0000000000
50681  -28.590  -44.674  35.646 0.0000000000
50642  -29.091  -44.930  37.415 0.0000000000
50644  -30.899  -45.131  37.158 0.0000000000
52913  -36.008  -42.078  26.274 0.0000000000
52893  -35.917  -43.151  27.170 0.0000000000
51879  -35.892  -43.974  28.569 0.0000000000
51856  -36.273  -43.647  29.961 0.0000000000
50794  -35.492  -44.847  29.823 0.0000000000
49715  -35.454  -45.278  30.768 0.0000000000
49698  -35.280  -45.738  31.424 0.0000000000
48648  -35.531  -46.017  32.831 0.0000000000
49669  -36.084  -45.612  33.615 0.0000000000
49658  -36.715  -45.048  34.709 0.0000000000
50724  -37.016  -44.559  33.980 0.0000000000
50708  -37.194  -44.629  34.711 0.0000000000
50690  -37.353  -44.668  35.082 0.0000000000
46520  -18.676  -49.481  32.179 0.0000000000
45389  -18.485  -49.364  33.531 0.0000000000
46503  -18.736  -49.085  34.039 0.0000000000
46502  -18.364  -49.376  34.465 0.0000000000
46448  -18.344  -48.606  36.925 0.0000000000
46434  -17.905  -48.376  37.924 0.0000000000
47530  -18.423  -48.239  37.606 0.0000000000
47520  -19.138  -47.497  38.393 0.0000000000
47513  -19.843  -46.889  39.259 0.0000000000
48591  -20.271  -46.969  38.300 0.0000000000
71413  -47.341  -26.047  17.621 0.0000000000
74767  -49.123  -23.709  19.784 0.0000000000
82496  -54.025  -15.466  8.932 0.0000000000
83544  -54.010  -14.923  7.477 0.0000000000
84711  -59.435  -13.624  5.174 0.0000000000
85927  -59.907  -12.806  5.155 0.0000000000
87091  -60.569  -11.411  5.540 0.0000000000
87104  -60.587  -12.248  5.164 0.0000000000
87116  -60.708  -12.299  4.355 0.0000000000
87117  -60.945  -12.039  3.791 0.0000000000
44267  -15.258  -51.382  37.375 0.0000000000
43248  -14.609  -51.953  37.486 0.0000000000
44257  -15.075  -51.422  38.415 0.0000000000
45280  -14.889  -50.486  41.841 0.0000000000
62490  -41.059  -34.813  34.300 0.0000000000
61372  -40.773  -34.646  32.016 0.0000000000
61373  -41.797  -34.948  32.008 0.0000000000
60235  -39.827  -35.839  28.874 0.0000000000
60248  -40.189  -35.782  28.531 0.0000000000
62546  -42.327  -33.936  28.356 0.0000000000
62556  -42.861  -33.362  28.026 0.0000000000
63700  -42.663  -33.003  26.844 0.0000000000
63712  -42.415  -32.525  26.031 0.0000000000
63734  -41.289  -32.216  24.505 0.0000000000
64944  -41.714  -31.620  24.348 0.0000000000
66077  -41.976  -30.732  23.537 0.0000000000
66095  -41.593  -30.696  22.619 0.0000000000
48612  -22.238  -46.763  36.186 0.0000000000
48622  -23.984  -46.473  34.685 0.0000000000
49666  -25.858  -45.610  34.105 0.0000000000
47623  -23.877  -47.627  30.490 0.0000000000
47605  -24.196  -47.521  30.916 0.0000000000
48655  -24.491  -47.149  31.498 0.0000000000
49710  -25.223  -46.602  30.591 0.0000000000
49694  -25.262  -46.454  31.672 0.0000000000
50718  -27.235  -45.059  34.171 0.0000000000
50737  -28.735  -44.769  33.208 0.0000000000
51766  -29.015  -44.656  33.551 0.0000000000
51767  -29.475  -44.803  33.345 0.0000000000
57228  -31.986  -38.392  21.693 0.0000000000
56183  -32.511  -39.776  22.224 0.0000000000
55003  -32.810  -40.544  22.978 0.0000000000
53909  -34.510  -41.233  24.712 0.0000000000
53910  -35.061  -41.269  25.254 0.0000000000
58168  -33.339  -37.690  23.464 0.0000000000
57196  -33.983  -38.476  24.149 0.0000000000
57178  -34.497  -38.486  24.776 0.0000000000
56143  -34.470  -39.552  24.558 0.0000000000
54977  -35.224  -40.454  25.367 0.0000000000
53889  -35.627  -41.362  25.754 0.0000000000
53880  -36.766  -41.615  26.704 0.0000000000
53881  -37.220  -41.643  27.344 0.0000000000
53873  -37.315  -41.740  28.046 0.0000000000
56080  -36.870  -39.667  27.948 0.0000000000
54939  -37.343  -40.694  28.495 0.0000000000
53841  -36.818  -41.334  30.221 0.0000000000
53831  -37.010  -41.503  31.344 0.0000000000
53819  -37.211  -41.425  31.656 0.0000000000
53810  -37.366  -41.450  31.916 0.0000000000
54867  -37.290  -40.861  31.769 0.0000000000
54868  -37.510  -40.630  32.063 0.0000000000
57060  -37.306  -38.915  32.138 0.0000000000
55969  -37.681  -39.649  32.333 0.0000000000
55970  -38.062  -39.563  32.572 0.0000000000
55947  -38.183  -38.612  32.748 0.0000000000
55948  -38.465  -38.336  32.763 0.0000000000
60231  -35.309  -36.278  29.115 0.0000000000
60224  -36.499  -36.278  30.184 0.0000000000
60216  -36.968  -36.715  30.502 0.0000000000
61398  -36.897  -35.361  30.416 0.0000000000
60217  -37.412  -36.417  30.853 0.0000000000
59090  -37.566  -36.888  31.389 0.0000000000
59073  -37.527  -37.272  32.994 0.0000000000
58062  -37.837  -37.609  33.517 0.0000000000
58084  -39.468  -37.636  33.412 0.0000000000
60188  -38.374  -35.104  34.221 0.0000000000
60176  -38.890  -35.772  34.616 0.0000000000
47600  -19.736  -49.053  31.227 0.0000000000
47590  -20.868  -48.608  32.422 0.0000000000
71162  -45.623  -25.728  32.737 0.0000000000
72394  -45.359  -25.299  30.047 0.0000000000
73530  -45.635  -24.691  31.642 0.0000000000
73515  -45.910  -24.635  32.365 0.0000000000
73619  -45.789  -24.702  26.701 0.0000000000
73579  -46.221  -24.674  28.417 0.0000000000
74622  -46.779  -24.528  29.560 0.0000000000
74609  -47.477  -24.011  30.394 0.0000000000
73582  -48.691  -23.621  28.520 0.0000000000
74842  -50.547  -23.006  15.317 0.0000000000
74832  -51.169  -22.700  15.864 0.0000000000
75939  -51.258  -22.394  16.470 0.0000000000
75921  -51.618  -21.825  16.938 0.0000000000
75922  -52.251  -21.696  16.625 0.0000000000
76996  -52.082  -21.477  17.093 0.0000000000
78087  -52.778  -19.966  18.705 0.0000000000
77024  -54.062  -21.020  15.778 0.0000000000
78111  -54.736  -20.399  16.982 0.0000000000
78110  -54.295  -20.498  17.162 0.0000000000
78099  -53.550  -20.184  17.818 0.0000000000
38862  -7.480  -55.136  40.049 0.0000000000
70186  -42.403  -27.667  18.592 0.0000000000
69098  -43.267  -28.155  17.899 0.0000000000
69113  -44.615  -27.737  17.425 0.0000000000
69126  -44.543  -27.656  16.735 0.0000000000
69127  -44.969  -27.579  17.063 0.0000000000
70218  -45.485  -27.227  16.692 0.0000000000
71428  -46.018  -26.301  16.196 0.0000000000
71445  -44.991  -25.609  14.977 0.0000000000
71446  -45.874  -25.751  15.595 0.0000000000
72610  -47.160  -25.593  16.179 0.0000000000
73745  -48.112  -24.205  15.352 0.0000000000
74840  -49.033  -23.693  15.197 0.0000000000
74855  -49.762  -23.073  14.480 0.0000000000
74857  -51.241  -22.261  14.402 0.0000000000
75982  -49.978  -21.491  13.540 0.0000000000
75967  -51.540  -21.815  14.112 0.0000000000
77033  -51.883  -21.363  13.883 0.0000000000
77052  -52.283  -20.968  13.636 0.0000000000
78186  -49.181  -19.847  11.507 0.0000000000
78146  -53.045  -20.656  13.451 0.0000000000
78171  -54.564  -20.125  12.316 0.0000000000
78193  -56.478  -18.665  11.527 0.0000000000
80359  -54.268  -17.841  9.764 0.0000000000
80378  -54.335  -17.242  9.645 0.0000000000
43247  -13.857  -52.436  37.561 0.0000000000
42165  -13.027  -52.865  37.638 0.0000000000
42149  -10.783  -52.881  38.767 0.0000000000
44220  -12.999  -52.261  41.449 0.0000000000
43198  -12.413  -52.817  41.513 0.0000000000
43209  -12.543  -52.552  41.254 0.0000000000
43227  -12.131  -52.680  40.449 0.0000000000
42119  -11.724  -52.937  40.434 0.0000000000
42148  -9.816  -53.144  38.861 0.0000000000
42116  -8.917  -52.874  40.335 0.0000000000
38863  -7.983  -55.041  40.360 0.0000000000
38875  -8.168  -55.597  40.220 0.0000000000
37748  -9.592  -55.671  40.691 0.0000000000
66937  -46.169  -29.147  34.637 0.0000000000
68906  -45.944  -28.303  34.289 0.0000000000
62479  -42.322  -34.188  35.147 0.0000000000
62504  -42.909  -33.771  33.878 0.0000000000
64873  -44.878  -31.705  29.702 0.0000000000
63664  -44.770  -32.265  30.840 0.0000000000
63647  -44.419  -32.094  32.493 0.0000000000
64824  -44.272  -31.805  33.106 0.0000000000
65914  -44.620  -30.426  34.030 0.0000000000
66996  -44.885  -29.750  33.790 0.0000000000
67014  -45.384  -29.203  32.525 0.0000000000
67950  -45.248  -29.119  33.659 0.0000000000
67951  -45.604  -28.481  33.482 0.0000000000
68928  -45.787  -27.686  33.193 0.0000000000
70013  -45.438  -26.568  32.014 0.0000000000
71221  -44.906  -26.139  29.399 0.0000000000
70052  -45.019  -26.615  28.972 0.0000000000
70051  -44.559  -26.275  28.765 0.0000000000
71220  -44.844  -25.791  29.200 0.0000000000
71241  -43.779  -25.511  27.840 0.0000000000
72444  -43.693  -25.212  26.802 0.0000000000
69013  -43.782  -27.293  25.878 0.0000000000
70093  -43.518  -26.829  25.965 0.0000000000
71288  -42.556  -26.220  24.260 0.0000000000
71278  -42.978  -25.971  25.226 0.0000000000
71269  -43.150  -25.821  25.618 0.0000000000
72451  -43.237  -25.620  25.503 0.0000000000
72464  -43.468  -25.235  25.323 0.0000000000
73630  -43.686  -24.838  25.044 0.0000000000
72491  -43.174  -24.906  23.161 0.0000000000
72528  -42.473  -25.102  21.583 0.0000000000
71349  -42.713  -25.962  20.283 0.0000000000
71371  -42.126  -26.332  19.869 0.0000000000
70169  -42.202  -26.927  19.443 0.0000000000
67121  -40.858  -29.285  20.964 0.0000000000
69062  -39.987  -27.493  21.088 0.0000000000
70140  -40.105  -26.750  21.449 0.0000000000
71326  -39.360  -25.777  21.217 0.0000000000
72524  -39.397  -25.487  21.176 0.0000000000
72570  -39.869  -25.144  20.121 0.0000000000
71369  -40.899  -25.659  19.460 0.0000000000
70183  -39.665  -26.428  18.438 0.0000000000
71392  -40.511  -26.071  18.971 0.0000000000
71393  -41.077  -26.026  19.087 0.0000000000
49614  -23.731  -46.408  37.695 0.0000000000
50655  -24.503  -46.357  36.882 0.0000000000
51869  -26.238  -45.078  28.361 0.0000000000
51851  -28.886  -44.713  29.671 0.0000000000
51827  -28.782  -44.824  30.691 0.0000000000
51768  -30.205  -44.977  33.169 0.0000000000
53905  -30.769  -42.608  24.187 0.0000000000
53906  -31.668  -42.246  24.460 0.0000000000
52892  -34.432  -43.529  26.449 0.0000000000
51898  -33.509  -44.086  27.099 0.0000000000
50812  -33.881  -44.832  28.446 0.0000000000
51897  -32.433  -43.840  27.174 0.0000000000
51896  -31.757  -43.703  27.106 0.0000000000
51875  -31.552  -43.991  27.816 0.0000000000
51803  -30.636  -44.858  30.638 0.0000000000
50756  -31.470  -45.187  30.846 0.0000000000
50755  -30.689  -45.156  31.369 0.0000000000
50738  -30.493  -45.117  32.174 0.0000000000
50721  -30.406  -45.023  32.739 0.0000000000
51754  -30.681  -45.100  33.839 0.0000000000
50665  -33.072  -45.223  36.258 0.0000000000
48624  -35.317  -46.157  33.947 0.0000000000
49642  -35.276  -45.517  35.701 0.0000000000
43296  -13.039  -52.561  32.940 0.0000000000
43282  -13.428  -52.419  33.719 0.0000000000
45406  -17.158  -50.122  32.850 0.0000000000
44336  -14.841  -51.561  32.414 0.0000000000
43284  -15.068  -51.567  34.464 0.0000000000
48553  -19.099  -46.856  41.291 0.0000000000
70171  -44.216  -27.273  19.610 0.0000000000
70155  -44.926  -27.155  20.058 0.0000000000
71352  -45.477  -26.798  20.472 0.0000000000
71374  -45.647  -27.023  19.823 0.0000000000
71330  -45.696  -26.006  21.388 0.0000000000
71313  -46.837  -25.530  22.529 0.0000000000
71301  -47.140  -25.393  23.351 0.0000000000
72554  -48.371  -24.600  20.670 0.0000000000
71314  -47.538  -25.164  22.631 0.0000000000
74701  -49.074  -22.903  24.975 0.0000000000
74814  -50.334  -22.683  17.449 0.0000000000
74793  -50.099  -22.586  18.191 0.0000000000
75904  -50.170  -22.312  18.816 0.0000000000
75852  -49.984  -22.079  20.909 0.0000000000
75828  -49.907  -21.595  21.839 0.0000000000
75811  -49.842  -21.464  22.910 0.0000000000
80338  -57.223  -17.548  11.633 0.0000000000
80362  -56.187  -17.096  10.527 0.0000000000
80349  -57.268  -16.897  11.384 0.0000000000
81401  -57.500  -16.299  11.546 0.0000000000
82454  -57.734  -15.666  11.685 0.0000000000
83509  -56.207  -14.964  9.797 0.0000000000
83499  -57.248  -14.843  10.992 0.0000000000
83500  -57.801  -14.799  11.361 0.0000000000
83481  -58.483  -14.542  12.107 0.0000000000
84636  -58.555  -14.103  11.908 0.0000000000
84658  -58.642  -13.269  11.490 0.0000000000
85860  -59.140  -13.136  11.791 0.0000000000
85886  -57.829  -12.604  10.330 0.0000000000
85887  -58.208  -12.468  10.705 0.0000000000
85875  -59.298  -12.611  11.191 0.0000000000
85876  -59.931  -12.779  11.145 0.0000000000
84699  -57.108  -14.724  7.641 0.0000000000
87066  -58.070  -12.173  8.403 0.0000000000
87067  -58.540  -11.762  7.957 0.0000000000
88169  -58.438  -11.402  8.405 0.0000000000
88162  -58.556  -10.726  8.722 0.0000000000
89204  -59.142  -10.617  9.533 0.0000000000
88193  -60.938  -10.696  5.639 0.0000000000
88195  -62.089  -11.688  5.244 0.0000000000
38856  -9.902  -54.893  41.485 0.0000000000
39953  -9.645  -54.415  41.394 0.0000000000
39956  -11.883  -54.251  41.886 0.0000000000
40999  -10.007  -53.869  41.326 0.0000000000
42101  -10.272  -53.444  41.221 0.0000000000
42102  -10.806  -53.454  41.555 0.0000000000
42105  -12.765  -53.020  41.783 0.0000000000
42111  -10.038  -53.123  40.968 0.0000000000
42115  -8.283  -53.095  40.181 0.0000000000
42134  -12.436  -52.698  39.475 0.0000000000
42135  -12.820  -52.633  39.368 0.0000000000
43196  -11.140  -53.274  41.652 0.0000000000
43206  -10.387  -52.880  41.201 0.0000000000
43207  -11.000  -53.168  41.402 0.0000000000
44236  -13.177  -51.740  41.005 0.0000000000
44246  -13.959  -51.467  39.995 0.0000000000
44305  -16.573  -50.545  33.694 0.0000000000
45447  -17.757  -49.909  31.549 0.0000000000
48554  -19.780  -46.607  41.038 0.0000000000
48638  -35.663  -45.956  33.350 0.0000000000
48647  -35.147  -46.109  32.232 0.0000000000
48656  -34.164  -46.217  31.308 0.0000000000
48670  -34.007  -46.215  30.988 0.0000000000
49640  -33.557  -45.772  35.234 0.0000000000
49684  -35.634  -45.677  31.943 0.0000000000
49729  -34.696  -45.501  30.021 0.0000000000
50709  -37.534  -44.498  34.588 0.0000000000
50754  -28.104  -45.079  32.289 0.0000000000
50792  -33.934  -45.042  29.117 0.0000000000
50813  -34.763  -44.785  28.710 0.0000000000
51769  -30.626  -45.068  33.447 0.0000000000
51781  -28.394  -44.995  32.413 0.0000000000
51785  -37.173  -42.916  31.948 0.0000000000
51798  -27.810  -45.065  31.721 0.0000000000
51880  -36.540  -43.329  28.787 0.0000000000
52828  -36.894  -42.417  31.215 0.0000000000
52875  -36.325  -43.466  27.920 0.0000000000
52885  -28.100  -45.285  27.209 0.0000000000
52939  -34.008  -42.093  24.993 0.0000000000
53809  -37.252  -41.188  31.718 0.0000000000
53890  -36.196  -41.423  26.219 0.0000000000
53925  -30.475  -42.110  23.417 0.0000000000
53927  -32.244  -41.690  23.878 0.0000000000
53929  -33.895  -41.215  24.249 0.0000000000
54921  -37.102  -40.545  29.249 0.0000000000
54965  -36.315  -40.637  26.294 0.0000000000
56040  -36.939  -39.833  29.538 0.0000000000
56104  -36.408  -39.464  26.915 0.0000000000
57039  -37.777  -38.106  32.930 0.0000000000
57040  -38.017  -38.050  33.147 0.0000000000
57041  -38.407  -37.897  33.166 0.0000000000
57085  -37.295  -38.579  32.225 0.0000000000
57118  -36.853  -39.202  28.788 0.0000000000
57143  -36.056  -38.754  27.302 0.0000000000
58064  -39.053  -37.569  33.760 0.0000000000
58083  -39.138  -37.644  33.391 0.0000000000
58102  -37.322  -38.049  32.404 0.0000000000
58127  -35.858  -37.067  28.828 0.0000000000
58144  -34.966  -37.028  26.846 0.0000000000
59050  -38.190  -36.576  34.424 0.0000000000
59052  -39.264  -36.578  34.695 0.0000000000
59064  -37.660  -37.263  33.553 0.0000000000
59081  -37.250  -37.664  31.558 0.0000000000
59125  -34.886  -36.572  26.944 0.0000000000
60175  -38.216  -36.324  34.422 0.0000000000
60186  -37.655  -36.746  33.604 0.0000000000
60198  -37.912  -35.653  33.092 0.0000000000
60225  -36.853  -35.845  30.523 0.0000000000
60245  -37.774  -35.472  28.275 0.0000000000
60257  -34.815  -36.122  27.126 0.0000000000
60316  -32.010  -35.511  22.895 0.0000000000
61330  -39.108  -34.976  34.443 0.0000000000
61344  -40.296  -34.850  34.448 0.0000000000
61367  -38.000  -36.105  31.422 0.0000000000
61431  -38.203  -35.590  28.868 0.0000000000
61447  -37.497  -35.369  28.229 0.0000000000
62501  -39.995  -34.771  33.659 0.0000000000
62587  -41.006  -33.044  25.235 0.0000000000
63673  -44.097  -32.748  29.370 0.0000000000
63686  -43.566  -32.631  28.052 0.0000000000
65953  -44.870  -30.417  32.382 0.0000000000
65983  -45.664  -29.751  30.182 0.0000000000
66011  -44.586  -31.163  28.148 0.0000000000
66048  -42.791  -31.213  25.202 0.0000000000
66958  -45.272  -29.735  34.431 0.0000000000
67013  -44.968  -29.605  32.956 0.0000000000
67915  -46.016  -28.697  34.505 0.0000000000
67926  -45.380  -29.504  34.405 0.0000000000
67966  -45.405  -28.990  33.080 0.0000000000
68006  -45.110  -28.320  27.173 0.0000000000
68016  -44.684  -28.091  26.604 0.0000000000
68076  -40.696  -28.110  21.443 0.0000000000
68895  -45.912  -28.268  34.546 0.0000000000
68970  -45.496  -26.855  29.722 0.0000000000
68980  -45.423  -26.991  29.279 0.0000000000
68987  -44.645  -27.107  27.847 0.0000000000
68988  -45.198  -27.368  28.105 0.0000000000
69014  -44.164  -27.517  26.322 0.0000000000
69043  -41.777  -27.424  23.090 0.0000000000
69101  -45.280  -27.497  17.913 0.0000000000
69114  -45.164  -27.533  17.465 0.0000000000
70040  -45.372  -26.603  30.428 0.0000000000
70094  -43.797  -26.870  26.556 0.0000000000
70129  -41.086  -26.813  22.585 0.0000000000
70173  -45.862  -27.318  18.931 0.0000000000
70184  -40.090  -26.554  18.498 0.0000000000
71177  -45.248  -25.858  32.037 0.0000000000
71429  -46.831  -25.960  16.411 0.0000000000
72393  -45.111  -25.556  29.540 0.0000000000
72408  -44.796  -25.339  28.881 0.0000000000
72429  -43.961  -25.206  27.776 0.0000000000
72474  -42.144  -26.079  23.326 0.0000000000
72531  -47.907  -24.867  22.055 0.0000000000
73488  -46.706  -25.024  33.471 0.0000000000
73501  -46.102  -24.838  32.806 0.0000000000
73554  -44.952  -25.100  28.784 0.0000000000
73557  -46.721  -24.570  29.115 0.0000000000
73598  -44.126  -24.858  27.333 0.0000000000
73644  -44.367  -24.664  24.818 0.0000000000
73660  -48.185  -24.416  23.342 0.0000000000
73746  -48.763  -23.911  15.487 0.0000000000
74595  -46.845  -24.108  30.923 0.0000000000
74639  -47.505  -24.322  29.082 0.0000000000
74640  -47.699  -24.202  29.293 0.0000000000
75956  -53.031  -21.518  15.456 0.0000000000
76999  -54.044  -20.538  17.240 0.0000000000
80361  -55.661  -17.491  10.373 0.0000000000
81429  -55.315  -16.615  9.819 0.0000000000
85874  -58.630  -12.508  11.014 0.0000000000
85893  -57.508  -12.620  9.913 0.0000000000
85956  -60.832  -12.640  3.417 0.0000000000
87036  -58.842  -12.016  10.524 0.0000000000
87037  -59.379  -12.221  10.515 0.0000000000
87046  -58.252  -11.874  10.351 0.0000000000
87047  -58.682  -11.636  10.240 0.0000000000
87055  -57.988  -11.501  9.955 0.0000000000
87061  -57.808  -11.984  9.057 0.0000000000
88139  -59.103  -11.604  10.126 0.0000000000
88148  -59.384  -11.042  9.631 0.0000000000
88154  -58.185  -11.246  9.498 0.0000000000
88155  -58.679  -10.646  9.337 0.0000000000
88161  -58.119  -11.467  8.907 0.0000000000
88216  -61.961  -12.010  4.076 0.0000000000
89203  -58.896  -10.610  9.542 0.0000000000
89209  -59.050  -10.321  9.247 0.0000000000
89210  -59.527  -10.314  9.195 0.0000000000
89215  -58.996  -10.572  8.308 0.0000000000
89217  -60.095  -10.037  8.508 0.0000000000
89223  -59.200  -10.498  7.793 0.0000000000
89224  -59.806  -10.223  7.697 0.0000000000
