#!ascii label  , from subject sub-01 vox2ras=TkReg
1959
65845  -35.381  -30.319  39.110 0.0000000000
81296  -52.404  -16.004  20.320 0.0000000000
77914  -41.557  -19.727  30.833 0.0000000000
51815  -8.101  -43.376  30.492 0.0000000000
57032  -23.264  -37.005  34.632 0.0000000000
55933  -4.927  -38.281  34.197 0.0000000000
54727  -6.879  -38.856  43.561 0.0000000000
80212  -46.462  -16.750  24.880 0.0000000000
61407  -8.546  -34.651  29.111 0.0000000000
48535  -5.546  -46.335  40.329 0.0000000000
67022  -38.630  -28.424  32.100 0.0000000000
61339  -31.585  -34.136  35.162 0.0000000000
57023  -31.122  -37.736  36.894 0.0000000000
82380  -55.104  -15.273  17.401 0.0000000000
79124  -44.559  -17.603  28.646 0.0000000000
51795  -18.681  -41.198  31.132 0.0000000000
65939  -5.535  -30.625  32.354 0.0000000000
57097  -10.679  -38.737  31.886 0.0000000000
56087  -7.669  -39.255  27.902 0.0000000000
51905  -7.363  -43.881  26.612 0.0000000000
49551  -14.888  -44.614  43.503 0.0000000000
49537  -11.862  -44.843  44.963 0.0000000000
76793  -39.640  -20.407  33.432 0.0000000000
54818  -27.506  -39.796  38.710 0.0000000000
56012  -26.444  -37.804  30.585 0.0000000000
54795  -5.259  -39.073  39.169 0.0000000000
54825  -11.118  -40.343  37.206 0.0000000000
82327  -49.995  -15.613  22.687 0.0000000000
51709  -15.670  -43.307  38.807 0.0000000000
52786  -16.724  -41.591  35.796 0.0000000000
59094  -5.678  -36.900  31.315 0.0000000000
58163  -5.494  -37.527  24.972 0.0000000000
55755  -9.892  -38.692  47.298 0.0000000000
52763  -10.732  -42.537  41.899 0.0000000000
51725  -6.454  -44.480  35.961 0.0000000000
66888  -36.933  -28.453  39.382 0.0000000000
65874  -34.617  -29.803  37.065 0.0000000000
66933  -37.238  -29.008  36.186 0.0000000000
63582  -33.596  -32.640  37.983 0.0000000000
64796  -32.724  -31.050  35.505 0.0000000000
60157  -33.151  -34.832  37.929 0.0000000000
81324  -54.027  -15.869  18.380 0.0000000000
80276  -49.251  -16.789  18.531 0.0000000000
80290  -50.386  -16.992  16.700 0.0000000000
81342  -52.205  -15.786  15.813 0.0000000000
79086  -43.055  -18.592  29.615 0.0000000000
75721  -39.060  -20.968  28.868 0.0000000000
76854  -40.255  -19.785  27.876 0.0000000000
77969  -41.780  -18.914  26.134 0.0000000000
53836  -10.812  -41.574  31.170 0.0000000000
53864  -10.538  -41.570  28.378 0.0000000000
51864  -8.700  -43.950  28.934 0.0000000000
48706  -7.235  -46.230  27.256 0.0000000000
48677  -8.307  -46.505  28.845 0.0000000000
47510  -13.095  -46.447  39.351 0.0000000000
47465  -12.175  -47.231  41.995 0.0000000000
75634  -38.519  -21.800  35.104 0.0000000000
70000  -39.346  -26.556  33.879 0.0000000000
70038  -38.454  -27.032  30.815 0.0000000000
72369  -38.079  -25.250  33.387 0.0000000000
74580  -37.396  -22.630  32.520 0.0000000000
54792  -29.926  -39.713  40.158 0.0000000000
56016  -29.615  -37.668  32.329 0.0000000000
55965  -28.849  -38.380  33.611 0.0000000000
84623  -53.690  -13.500  14.292 0.0000000000
87015  -54.143  -11.518  13.969 0.0000000000
55816  -5.857  -38.943  41.324 0.0000000000
55864  -7.959  -39.845  38.622 0.0000000000
55834  -8.965  -39.733  40.338 0.0000000000
81262  -47.976  -16.292  23.800 0.0000000000
78006  -44.990  -18.078  23.819 0.0000000000
79198  -45.550  -17.835  22.659 0.0000000000
80255  -47.019  -17.491  20.781 0.0000000000
55821  -15.813  -39.792  41.285 0.0000000000
55851  -16.520  -39.437  39.626 0.0000000000
60158  -4.506  -35.010  35.368 0.0000000000
62497  -5.176  -33.560  34.590 0.0000000000
57071  -5.060  -37.650  32.619 0.0000000000
54984  -6.508  -40.594  24.734 0.0000000000
57147  -6.116  -38.168  26.435 0.0000000000
54996  -5.200  -40.321  23.851 0.0000000000
55758  -11.837  -39.015  47.094 0.0000000000
49542  -9.751  -45.939  42.532 0.0000000000
50581  -10.891  -44.222  43.599 0.0000000000
50599  -8.310  -44.681  41.101 0.0000000000
51707  -8.508  -43.653  39.246 0.0000000000
50618  -5.585  -45.374  37.774 0.0000000000
67925  -39.643  -27.916  35.694 0.0000000000
56977  -32.020  -38.088  39.364 0.0000000000
59019  -33.071  -36.639  38.990 0.0000000000
58061  -31.358  -36.479  34.968 0.0000000000
84608  -55.582  -13.839  16.697 0.0000000000
82421  -52.749  -14.658  14.522 0.0000000000
80210  -45.330  -17.377  26.232 0.0000000000
77988  -43.811  -18.381  25.286 0.0000000000
53818  -22.708  -39.370  30.811 0.0000000000
54864  -21.425  -39.107  31.918 0.0000000000
63642  -7.365  -32.982  32.520 0.0000000000
55952  -7.649  -39.872  33.327 0.0000000000
56027  -6.069  -39.854  30.975 0.0000000000
56054  -9.166  -39.049  29.457 0.0000000000
54972  -9.156  -40.714  25.684 0.0000000000
51920  -5.860  -43.946  25.513 0.0000000000
53765  -14.435  -41.672  45.124 0.0000000000
52744  -13.105  -42.175  45.896 0.0000000000
49540  -13.739  -44.876  44.864 0.0000000000
47455  -10.582  -46.749  42.771 0.0000000000
76795  -41.023  -19.996  32.529 0.0000000000
75679  -37.697  -21.671  30.882 0.0000000000
55909  -25.678  -38.045  36.495 0.0000000000
55913  -29.405  -38.763  36.938 0.0000000000
55928  -27.370  -38.466  35.129 0.0000000000
58098  -25.206  -37.289  32.305 0.0000000000
60150  -4.668  -35.470  37.075 0.0000000000
60110  -4.614  -35.926  39.756 0.0000000000
54821  -4.327  -39.096  36.733 0.0000000000
55919  -7.686  -39.751  35.478 0.0000000000
57028  -11.298  -39.006  34.585 0.0000000000
52802  -9.985  -41.879  33.789 0.0000000000
82338  -50.996  -15.854  21.422 0.0000000000
80267  -48.204  -17.170  19.733 0.0000000000
54734  -15.271  -41.372  43.607 0.0000000000
50600  -15.460  -44.182  41.025 0.0000000000
48589  -13.639  -45.346  37.867 0.0000000000
57049  -19.384  -38.078  33.237 0.0000000000
57015  -17.551  -38.164  35.035 0.0000000000
56991  -16.678  -38.642  37.577 0.0000000000
52776  -16.029  -42.300  37.582 0.0000000000
48610  -13.894  -44.381  36.397 0.0000000000
65900  -4.947  -31.222  34.342 0.0000000000
62510  -6.417  -33.348  33.287 0.0000000000
60220  -6.711  -35.892  30.609 0.0000000000
56066  -5.634  -38.258  29.817 0.0000000000
59112  -5.678  -37.114  28.258 0.0000000000
60268  -6.037  -35.719  27.298 0.0000000000
55760  -7.967  -38.415  45.948 0.0000000000
52741  -11.671  -41.324  45.843 0.0000000000
53767  -10.548  -40.863  44.969 0.0000000000
54739  -9.678  -40.237  43.704 0.0000000000
53787  -11.091  -41.218  39.409 0.0000000000
52784  -9.479  -42.350  36.567 0.0000000000
51774  -6.465  -43.891  32.919 0.0000000000
47526  -3.637  -47.223  37.440 0.0000000000
47561  -3.835  -47.332  34.475 0.0000000000
48665  -6.855  -46.551  30.909 0.0000000000
65846  -36.012  -29.171  38.955 0.0000000000
65829  -35.663  -29.496  40.254 0.0000000000
65861  -34.841  -30.187  37.614 0.0000000000
66906  -35.599  -29.585  37.688 0.0000000000
64735  -34.599  -31.652  38.610 0.0000000000
65860  -34.084  -30.780  37.491 0.0000000000
64716  -34.994  -31.447  39.584 0.0000000000
63565  -34.417  -32.501  38.670 0.0000000000
81312  -53.671  -15.990  19.524 0.0000000000
81309  -50.753  -16.308  19.440 0.0000000000
80281  -50.181  -16.988  17.452 0.0000000000
81322  -51.703  -16.250  18.376 0.0000000000
81330  -51.885  -16.247  17.429 0.0000000000
77915  -42.506  -19.106  30.336 0.0000000000
79070  -43.865  -18.543  30.756 0.0000000000
77883  -43.202  -18.921  32.197 0.0000000000
76853  -39.554  -20.395  28.394 0.0000000000
76842  -41.058  -19.747  29.167 0.0000000000
77937  -41.545  -19.263  28.586 0.0000000000
52824  -9.354  -42.529  31.175 0.0000000000
52836  -9.168  -42.818  30.059 0.0000000000
51838  -8.445  -43.860  29.793 0.0000000000
50802  -8.416  -44.866  28.590 0.0000000000
50783  -8.207  -44.638  29.704 0.0000000000
47517  -12.583  -46.887  38.049 0.0000000000
47508  -11.799  -47.537  39.368 0.0000000000
72338  -38.768  -25.495  34.938 0.0000000000
71159  -38.818  -25.886  34.067 0.0000000000
72320  -38.143  -24.293  34.878 0.0000000000
73487  -38.003  -23.759  34.492 0.0000000000
85844  -55.021  -12.584  15.021 0.0000000000
85849  -53.851  -12.783  14.145 0.0000000000
88116  -55.218  -10.574  14.299 0.0000000000
54746  -6.300  -39.048  42.340 0.0000000000
54780  -7.249  -40.011  41.031 0.0000000000
54748  -7.512  -39.640  42.731 0.0000000000
81250  -47.726  -16.282  24.478 0.0000000000
82282  -49.458  -15.502  25.708 0.0000000000
79169  -45.377  -17.509  24.732 0.0000000000
78007  -45.231  -17.956  23.605 0.0000000000
80234  -45.911  -17.343  23.779 0.0000000000
80235  -46.561  -17.048  23.487 0.0000000000
56972  -15.632  -38.267  40.237 0.0000000000
58018  -15.802  -37.165  39.009 0.0000000000
57018  -23.372  -37.390  35.898 0.0000000000
57031  -22.625  -37.025  35.258 0.0000000000
62531  -9.295  -34.124  30.384 0.0000000000
58052  -5.113  -36.466  34.928 0.0000000000
59071  -5.266  -36.419  34.043 0.0000000000
57044  -5.049  -37.467  33.717 0.0000000000
52946  -5.586  -42.348  24.649 0.0000000000
54983  -5.888  -40.532  24.549 0.0000000000
52962  -4.959  -42.547  23.801 0.0000000000
57940  -11.419  -37.687  47.220 0.0000000000
56909  -12.229  -38.847  46.778 0.0000000000
48528  -7.861  -46.307  41.336 0.0000000000
50584  -8.541  -45.182  41.727 0.0000000000
50590  -7.150  -45.186  40.927 0.0000000000
50603  -6.839  -44.873  39.514 0.0000000000
49565  -6.183  -45.864  39.288 0.0000000000
66921  -38.279  -28.471  37.214 0.0000000000
66935  -38.947  -28.412  36.346 0.0000000000
67914  -39.356  -27.834  36.621 0.0000000000
68894  -39.803  -27.208  36.957 0.0000000000
61321  -33.035  -34.615  36.789 0.0000000000
59049  -32.456  -36.076  36.576 0.0000000000
60185  -31.672  -35.155  35.219 0.0000000000
58081  -31.026  -36.336  34.015 0.0000000000
82388  -55.459  -14.809  17.101 0.0000000000
81338  -53.643  -15.362  16.389 0.0000000000
81378  -51.997  -15.375  14.631 0.0000000000
82393  -53.561  -15.107  15.772 0.0000000000
82401  -54.208  -14.504  15.893 0.0000000000
79138  -44.634  -17.630  27.440 0.0000000000
80187  -45.862  -16.882  27.810 0.0000000000
80174  -45.391  -17.450  29.262 0.0000000000
79136  -43.261  -17.906  27.586 0.0000000000
79165  -43.117  -18.305  26.376 0.0000000000
79150  -43.653  -18.220  26.752 0.0000000000
79167  -44.622  -18.114  25.782 0.0000000000
65956  -5.904  -30.489  31.327 0.0000000000
64843  -6.825  -31.024  31.305 0.0000000000
63650  -6.256  -32.128  32.297 0.0000000000
55980  -9.109  -39.184  32.819 0.0000000000
56006  -8.024  -39.517  31.688 0.0000000000
57108  -9.651  -38.748  31.010 0.0000000000
52881  -9.942  -42.266  27.404 0.0000000000
53877  -10.306  -41.423  27.218 0.0000000000
52923  -8.445  -42.441  25.813 0.0000000000
53898  -7.773  -42.046  25.381 0.0000000000
51904  -6.602  -43.872  26.176 0.0000000000
50818  -6.318  -44.812  26.433 0.0000000000
51681  -14.998  -43.204  44.409 0.0000000000
50575  -14.315  -43.427  45.182 0.0000000000
49545  -14.230  -45.193  44.300 0.0000000000
46361  -10.810  -47.363  41.097 0.0000000000
47457  -11.922  -47.090  42.894 0.0000000000
46359  -9.476  -47.453  41.541 0.0000000000
46358  -8.845  -47.358  41.565 0.0000000000
76794  -40.261  -20.267  32.889 0.0000000000
74581  -37.901  -21.803  32.614 0.0000000000
74594  -37.140  -22.466  31.482 0.0000000000
75666  -38.529  -21.288  32.123 0.0000000000
75681  -39.270  -21.048  31.523 0.0000000000
54803  -26.626  -39.942  39.214 0.0000000000
55872  -25.421  -39.227  38.179 0.0000000000
55892  -26.903  -39.047  37.416 0.0000000000
55898  -31.537  -37.827  38.020 0.0000000000
55877  -31.074  -38.673  38.567 0.0000000000
55914  -30.271  -38.457  37.159 0.0000000000
55988  -27.853  -38.110  32.133 0.0000000000
55942  -28.266  -38.520  34.336 0.0000000000
57081  -26.972  -37.840  32.687 0.0000000000
57035  -26.330  -37.755  34.060 0.0000000000
55986  -25.985  -37.517  31.114 0.0000000000
54891  -24.306  -38.216  30.118 0.0000000000
56963  -5.268  -38.016  40.101 0.0000000000
56971  -4.822  -37.993  39.176 0.0000000000
56979  -4.295  -37.864  38.317 0.0000000000
54809  -4.465  -39.017  37.881 0.0000000000
54834  -5.664  -39.945  36.455 0.0000000000
54824  -6.647  -40.035  37.071 0.0000000000
55884  -10.229  -39.107  37.782 0.0000000000
56999  -9.934  -38.793  36.754 0.0000000000
55904  -11.015  -39.250  36.204 0.0000000000
53800  -11.292  -41.044  34.655 0.0000000000
53796  -11.067  -40.861  35.592 0.0000000000
82337  -50.050  -15.710  21.601 0.0000000000
82313  -51.741  -15.264  23.522 0.0000000000
82312  -50.776  -15.347  23.574 0.0000000000
81278  -48.427  -16.244  21.714 0.0000000000
80266  -47.449  -17.556  19.933 0.0000000000
81292  -48.740  -16.298  20.806 0.0000000000
81293  -49.561  -16.125  20.496 0.0000000000
55803  -14.814  -39.755  42.857 0.0000000000
53779  -16.476  -41.488  40.634 0.0000000000
52761  -16.149  -42.271  41.873 0.0000000000
50606  -15.850  -43.716  40.422 0.0000000000
49595  -14.630  -44.968  39.369 0.0000000000
49597  -15.253  -44.198  38.527 0.0000000000
52804  -20.142  -40.487  31.728 0.0000000000
55958  -20.125  -38.894  32.499 0.0000000000
52803  -19.105  -40.633  32.269 0.0000000000
51737  -17.083  -41.586  34.485 0.0000000000
54853  -17.758  -39.648  34.192 0.0000000000
54845  -17.446  -40.264  34.842 0.0000000000
58032  -16.735  -37.510  36.038 0.0000000000
55888  -16.988  -40.063  36.660 0.0000000000
54814  -16.930  -40.173  37.467 0.0000000000
51729  -16.127  -42.336  36.222 0.0000000000
49647  -14.371  -43.871  35.640 0.0000000000
65878  -4.648  -30.973  34.986 0.0000000000
60203  -5.779  -35.625  33.648 0.0000000000
62498  -5.809  -33.320  33.942 0.0000000000
60195  -6.272  -35.056  33.428 0.0000000000
60206  -6.917  -35.203  32.129 0.0000000000
59087  -6.225  -36.445  31.445 0.0000000000
56052  -7.177  -39.602  29.844 0.0000000000
56050  -5.817  -39.005  30.098 0.0000000000
56068  -6.368  -38.938  29.230 0.0000000000
57146  -5.844  -37.835  26.049 0.0000000000
57135  -5.907  -37.829  27.270 0.0000000000
58149  -5.620  -37.427  26.707 0.0000000000
59121  -5.653  -36.642  27.587 0.0000000000
59140  -5.252  -36.378  25.931 0.0000000000
60296  -5.680  -35.702  25.278 0.0000000000
55762  -9.047  -38.737  46.839 0.0000000000
50572  -12.818  -43.686  45.431 0.0000000000
52743  -12.722  -41.811  45.874 0.0000000000
51674  -12.420  -42.971  45.425 0.0000000000
51687  -10.946  -43.476  43.168 0.0000000000
52756  -11.447  -42.196  44.455 0.0000000000
53771  -11.143  -41.530  44.210 0.0000000000
54731  -10.174  -40.576  44.684 0.0000000000
53774  -11.178  -41.036  42.573 0.0000000000
54766  -10.962  -40.430  41.763 0.0000000000
52767  -10.666  -42.270  40.983 0.0000000000
51720  -7.302  -43.906  37.008 0.0000000000
52773  -9.108  -42.801  38.107 0.0000000000
51727  -7.814  -43.390  36.157 0.0000000000
52787  -8.447  -43.039  35.080 0.0000000000
51746  -6.911  -43.896  34.341 0.0000000000
45346  -3.384  -49.118  36.215 0.0000000000
47540  -3.545  -47.307  36.433 0.0000000000
67885  -37.962  -27.540  39.358 0.0000000000
66951  -34.359  -29.056  35.303 0.0000000000
66953  -36.043  -28.887  35.252 0.0000000000
66932  -36.246  -29.109  36.160 0.0000000000
66908  -37.465  -28.593  37.846 0.0000000000
62477  -33.005  -33.648  36.510 0.0000000000
63598  -33.116  -32.253  36.612 0.0000000000
64784  -33.359  -30.439  36.279 0.0000000000
62463  -33.486  -33.625  37.600 0.0000000000
82373  -54.725  -15.533  17.787 0.0000000000
80301  -48.904  -17.523  15.878 0.0000000000
80317  -49.902  -16.833  15.368 0.0000000000
81354  -50.242  -16.412  14.838 0.0000000000
81341  -51.135  -16.220  15.666 0.0000000000
81331  -52.846  -15.773  17.357 0.0000000000
79123  -43.905  -17.734  28.674 0.0000000000
79107  -44.896  -17.879  29.740 0.0000000000
79088  -44.430  -18.273  30.256 0.0000000000
79072  -45.279  -18.140  31.611 0.0000000000
75720  -38.276  -21.275  28.454 0.0000000000
75737  -38.847  -20.843  27.859 0.0000000000
76871  -39.388  -20.197  27.263 0.0000000000
76888  -39.173  -20.071  26.031 0.0000000000
76889  -39.831  -19.318  25.342 0.0000000000
76855  -40.867  -19.505  27.261 0.0000000000
77938  -42.390  -18.654  28.162 0.0000000000
54889  -11.445  -40.220  31.538 0.0000000000
54899  -11.465  -40.114  30.523 0.0000000000
53849  -10.987  -41.427  29.832 0.0000000000
52864  -9.768  -42.667  28.301 0.0000000000
51886  -8.515  -43.929  27.722 0.0000000000
50819  -7.227  -44.889  26.944 0.0000000000
50820  -8.175  -44.805  27.591 0.0000000000
48690  -7.968  -46.397  27.789 0.0000000000
48539  -14.237  -45.854  41.335 0.0000000000
48529  -13.503  -46.479  42.624 0.0000000000
47479  -13.175  -46.701  40.917 0.0000000000
75646  -38.985  -20.911  34.614 0.0000000000
68941  -39.346  -27.877  32.844 0.0000000000
68968  -38.910  -27.754  31.262 0.0000000000
70025  -39.053  -26.852  32.466 0.0000000000
71191  -38.332  -26.254  32.251 0.0000000000
71190  -37.727  -25.514  31.950 0.0000000000
72351  -37.602  -24.218  33.177 0.0000000000
74573  -37.785  -22.370  33.461 0.0000000000
54806  -29.192  -39.898  39.539 0.0000000000
55967  -30.139  -38.019  34.246 0.0000000000
55944  -29.721  -38.427  35.034 0.0000000000
55990  -29.253  -38.099  32.925 0.0000000000
56014  -28.257  -38.240  31.375 0.0000000000
85858  -52.724  -12.597  13.281 0.0000000000
87025  -52.716  -11.451  12.691 0.0000000000
88137  -52.538  -10.099  12.183 0.0000000000
89196  -53.541  -9.251  12.074 0.0000000000
54777  -5.453  -39.094  39.871 0.0000000000
55880  -6.391  -39.767  38.396 0.0000000000
55846  -6.675  -39.924  39.786 0.0000000000
55848  -8.495  -39.845  39.530 0.0000000000
55850  -10.231  -39.482  39.416 0.0000000000
82310  -48.839  -15.791  23.750 0.0000000000
82296  -49.619  -15.496  24.673 0.0000000000
76927  -44.773  -18.587  22.109 0.0000000000
76942  -44.959  -18.914  21.394 0.0000000000
78053  -45.943  -18.854  20.258 0.0000000000
79200  -45.799  -17.836  21.717 0.0000000000
81277  -47.645  -16.679  22.178 0.0000000000
56953  -14.933  -38.589  41.592 0.0000000000
56964  -15.236  -38.393  40.865 0.0000000000
55836  -16.335  -39.679  40.301 0.0000000000
54785  -16.601  -40.633  39.726 0.0000000000
50732  -16.598  -42.629  32.530 0.0000000000
50696  -15.543  -42.728  34.939 0.0000000000
64770  -3.982  -32.152  36.085 0.0000000000
63620  -4.480  -32.321  35.162 0.0000000000
62485  -4.751  -33.902  34.967 0.0000000000
60192  -5.391  -35.793  34.311 0.0000000000
59084  -5.211  -36.963  32.209 0.0000000000
56131  -7.419  -39.285  25.617 0.0000000000
57149  -6.834  -38.853  26.835 0.0000000000
56130  -6.460  -39.136  25.244 0.0000000000
56129  -6.007  -38.986  25.000 0.0000000000
56164  -5.047  -39.295  23.763 0.0000000000
60034  -11.091  -35.230  47.912 0.0000000000
57938  -10.913  -37.440  47.505 0.0000000000
55754  -10.665  -38.425  47.546 0.0000000000
48516  -10.788  -45.800  43.773 0.0000000000
50576  -11.439  -44.303  44.327 0.0000000000
50580  -10.389  -44.735  43.111 0.0000000000
50586  -9.995  -44.457  42.524 0.0000000000
51689  -9.287  -44.045  41.739 0.0000000000
51702  -9.408  -43.305  40.407 0.0000000000
51700  -7.946  -44.361  39.876 0.0000000000
51705  -7.076  -44.438  38.784 0.0000000000
51711  -6.057  -44.926  37.351 0.0000000000
65951  -38.060  -29.195  32.138 0.0000000000
65893  -37.650  -28.795  34.482 0.0000000000
65912  -38.956  -28.917  34.009 0.0000000000
66994  -39.333  -28.529  33.523 0.0000000000
68918  -39.830  -27.575  35.202 0.0000000000
71132  -39.515  -26.066  35.821 0.0000000000
57008  -31.625  -37.612  37.453 0.0000000000
59027  -33.307  -35.782  38.593 0.0000000000
58037  -32.437  -36.699  37.113 0.0000000000
57024  -31.369  -37.277  36.527 0.0000000000
57083  -30.476  -37.004  33.911 0.0000000000
82419  -51.317  -15.116  13.454 0.0000000000
82439  -52.942  -14.324  14.405 0.0000000000
84620  -54.942  -13.392  15.722 0.0000000000
80211  -45.829  -16.935  25.528 0.0000000000
81226  -47.278  -16.378  26.938 0.0000000000
81225  -46.589  -16.572  27.406 0.0000000000
77985  -40.744  -19.052  24.638 0.0000000000
78005  -44.366  -18.162  24.401 0.0000000000
79168  -45.071  -17.710  25.444 0.0000000000
55961  -22.970  -37.741  31.924 0.0000000000
57052  -22.116  -37.139  32.658 0.0000000000
54865  -22.407  -38.832  31.535 0.0000000000
52814  -21.140  -40.470  31.047 0.0000000000
64831  -8.284  -31.573  31.599 0.0000000000
62522  -8.958  -33.671  31.233 0.0000000000
54857  -5.620  -39.528  33.602 0.0000000000
55977  -5.597  -39.309  32.942 0.0000000000
54888  -6.847  -39.982  32.184 0.0000000000
56029  -7.669  -39.569  30.716 0.0000000000
56071  -8.392  -39.216  28.619 0.0000000000
56056  -10.909  -39.578  28.967 0.0000000000
56089  -9.472  -39.428  27.202 0.0000000000
56109  -8.519  -39.334  26.463 0.0000000000
54986  -7.925  -41.081  25.017 0.0000000000
54711  -13.212  -40.660  46.231 0.0000000000
52750  -14.025  -42.394  45.747 0.0000000000
51676  -13.790  -43.244  45.518 0.0000000000
48512  -12.380  -45.645  44.763 0.0000000000
48524  -13.135  -46.366  43.503 0.0000000000
47450  -11.819  -46.731  43.670 0.0000000000
48517  -11.207  -46.117  44.184 0.0000000000
47454  -10.004  -46.593  42.440 0.0000000000
47460  -8.132  -46.872  41.469 0.0000000000
48537  -6.716  -46.551  40.310 0.0000000000
77898  -41.666  -19.654  32.055 0.0000000000
77882  -42.471  -19.335  32.661 0.0000000000
77881  -41.750  -19.633  33.119 0.0000000000
68986  -38.661  -28.280  29.007 0.0000000000
74638  -36.987  -21.824  28.881 0.0000000000
76814  -40.426  -20.700  31.176 0.0000000000
55890  -24.812  -38.483  37.448 0.0000000000
57019  -24.193  -37.396  35.563 0.0000000000
55841  -30.788  -38.787  39.839 0.0000000000
55876  -30.246  -39.112  38.647 0.0000000000
55894  -28.621  -39.354  37.992 0.0000000000
55930  -29.200  -38.739  35.787 0.0000000000
55929  -28.362  -38.795  35.469 0.0000000000
55911  -27.596  -38.966  36.366 0.0000000000
55927  -26.408  -38.209  35.588 0.0000000000
57034  -25.472  -37.348  34.090 0.0000000000
57054  -24.109  -37.165  32.575 0.0000000000
55984  -24.035  -37.837  30.917 0.0000000000
90264  -53.898  -8.630  11.660 0.0000000000
90270  -53.432  -8.257  10.874 0.0000000000
91262  -53.925  -7.500  10.418 0.0000000000
61320  -4.465  -34.996  36.385 0.0000000000
58031  -4.562  -37.087  36.242 0.0000000000
60125  -4.363  -35.619  38.923 0.0000000000
58024  -4.271  -37.085  37.092 0.0000000000
54832  -4.460  -38.982  35.653 0.0000000000
54850  -6.293  -40.047  34.751 0.0000000000
55935  -7.740  -39.779  34.325 0.0000000000
55954  -9.301  -39.102  33.887 0.0000000000
55901  -8.081  -39.607  36.578 0.0000000000
57026  -10.134  -38.941  35.286 0.0000000000
57046  -10.858  -38.715  33.884 0.0000000000
54860  -11.454  -40.570  33.251 0.0000000000
52812  -10.044  -41.973  32.749 0.0000000000
52811  -9.389  -42.466  32.232 0.0000000000
81282  -52.011  -15.948  20.941 0.0000000000
78070  -46.447  -18.584  19.633 0.0000000000
79220  -47.094  -18.176  19.268 0.0000000000
79221  -47.498  -17.787  18.745 0.0000000000
80268  -48.974  -16.753  19.537 0.0000000000
81308  -49.883  -16.373  19.504 0.0000000000
53770  -15.208  -41.765  44.069 0.0000000000
51685  -15.325  -43.101  43.681 0.0000000000
55804  -15.295  -40.025  42.311 0.0000000000
51692  -15.881  -42.989  42.185 0.0000000000
50594  -15.374  -44.102  42.085 0.0000000000
48577  -13.449  -45.863  38.701 0.0000000000
58077  -21.815  -36.794  33.316 0.0000000000
58055  -20.688  -36.414  34.038 0.0000000000
59061  -19.470  -36.157  34.532 0.0000000000
54855  -18.535  -40.094  32.999 0.0000000000
57029  -18.037  -38.126  34.244 0.0000000000
59046  -19.060  -35.391  35.573 0.0000000000
60160  -17.245  -35.933  36.262 0.0000000000
60153  -16.959  -35.826  37.280 0.0000000000
59030  -16.162  -36.765  38.081 0.0000000000
56990  -16.467  -38.284  38.300 0.0000000000
54799  -16.736  -40.539  38.468 0.0000000000
51717  -15.797  -42.959  38.154 0.0000000000
50674  -15.569  -42.974  35.873 0.0000000000
49623  -15.222  -43.759  36.978 0.0000000000
49611  -15.280  -44.081  37.786 0.0000000000
48601  -14.144  -44.559  37.318 0.0000000000
65919  -5.292  -30.845  33.512 0.0000000000
63631  -4.820  -32.418  34.684 0.0000000000
64803  -5.281  -31.703  33.756 0.0000000000
63640  -5.926  -32.377  32.861 0.0000000000
63641  -6.633  -32.748  32.671 0.0000000000
61364  -7.757  -34.593  31.712 0.0000000000
61392  -7.769  -35.121  30.334 0.0000000000
55975  -5.119  -38.222  32.020 0.0000000000
56001  -5.184  -38.323  31.190 0.0000000000
58122  -5.511  -37.730  30.424 0.0000000000
57136  -6.234  -38.290  27.849 0.0000000000
58132  -5.797  -37.599  29.213 0.0000000000
58123  -5.886  -37.452  30.016 0.0000000000
59103  -6.301  -36.570  29.697 0.0000000000
60240  -6.865  -35.727  28.697 0.0000000000
60254  -7.457  -35.205  27.933 0.0000000000
60282  -6.256  -35.208  25.950 0.0000000000
53751  -12.826  -40.705  46.262 0.0000000000
53749  -11.701  -40.372  46.430 0.0000000000
53748  -10.840  -40.071  46.426 0.0000000000
51679  -11.758  -43.032  44.734 0.0000000000
52747  -10.975  -41.033  45.406 0.0000000000
53759  -10.211  -40.218  45.871 0.0000000000
54724  -9.537  -40.116  45.127 0.0000000000
54723  -8.230  -39.263  44.989 0.0000000000
54737  -7.615  -39.424  43.610 0.0000000000
54764  -8.994  -39.898  41.713 0.0000000000
54782  -10.601  -39.710  40.238 0.0000000000
54812  -11.055  -40.233  38.596 0.0000000000
52769  -9.923  -42.641  39.692 0.0000000000
52780  -10.338  -41.885  37.846 0.0000000000
53792  -10.770  -41.152  37.024 0.0000000000
52788  -9.425  -42.530  35.506 0.0000000000
52792  -8.567  -42.892  33.796 0.0000000000
51792  -7.193  -43.583  31.826 0.0000000000
47491  -5.740  -46.732  39.537 0.0000000000
46423  -3.836  -47.922  38.282 0.0000000000
48565  -4.842  -46.738  38.462 0.0000000000
49608  -4.367  -46.162  37.796 0.0000000000
50671  -4.556  -45.892  36.192 0.0000000000
50693  -4.946  -46.232  35.382 0.0000000000
48640  -4.618  -46.895  33.397 0.0000000000
50727  -5.449  -45.716  33.743 0.0000000000
49674  -5.704  -45.392  33.135 0.0000000000
49705  -6.097  -45.602  31.857 0.0000000000
50767  -7.356  -44.698  30.681 0.0000000000
48666  -7.880  -46.602  30.107 0.0000000000
46586  -8.396  -48.454  28.864 0.0000000000
65838  -35.853  -29.356  39.606 0.0000000000
65837  -35.392  -30.431  39.971 0.0000000000
65853  -34.897  -30.664  38.380 0.0000000000
66895  -35.762  -29.512  38.380 0.0000000000
64725  -34.934  -31.564  38.919 0.0000000000
81311  -52.527  -16.047  19.340 0.0000000000
82357  -53.970  -15.970  20.542 0.0000000000
82356  -53.279  -15.898  20.787 0.0000000000
81310  -51.577  -16.175  19.335 0.0000000000
81321  -50.771  -16.620  18.412 0.0000000000
77900  -43.194  -18.859  31.156 0.0000000000
77899  -42.411  -19.252  31.553 0.0000000000
76828  -41.013  -20.160  29.899 0.0000000000
77926  -41.683  -19.530  29.666 0.0000000000
52823  -8.534  -42.814  30.806 0.0000000000
52835  -8.521  -42.980  30.292 0.0000000000
51837  -7.901  -44.075  30.396 0.0000000000
46431  -11.689  -47.335  37.910 0.0000000000
72321  -38.454  -24.859  35.311 0.0000000000
55787  -6.380  -38.531  43.048 0.0000000000
54747  -6.631  -39.419  42.223 0.0000000000
54736  -7.012  -39.296  43.221 0.0000000000
81249  -47.176  -16.593  24.739 0.0000000000
82294  -47.786  -16.160  25.249 0.0000000000
81239  -47.910  -16.354  26.024 0.0000000000
80221  -45.843  -17.172  24.449 0.0000000000
80222  -46.530  -16.946  24.178 0.0000000000
60127  -15.779  -35.387  39.680 0.0000000000
60126  -15.513  -36.033  39.396 0.0000000000
60139  -15.775  -36.284  38.929 0.0000000000
61394  -9.250  -34.336  29.750 0.0000000000
57025  -4.887  -37.533  34.779 0.0000000000
58051  -5.128  -36.727  34.476 0.0000000000
56910  -12.993  -39.162  46.442 0.0000000000
48526  -6.707  -46.289  40.458 0.0000000000
49554  -7.658  -45.601  41.217 0.0000000000
49553  -6.885  -45.693  40.637 0.0000000000
49559  -6.878  -45.483  40.373 0.0000000000
49564  -5.883  -46.000  39.203 0.0000000000
67896  -38.452  -27.929  38.125 0.0000000000
67906  -38.778  -27.957  37.411 0.0000000000
67897  -38.862  -27.478  38.268 0.0000000000
67898  -39.258  -27.271  38.066 0.0000000000
61327  -32.070  -34.647  35.871 0.0000000000
60174  -32.564  -35.060  36.491 0.0000000000
82379  -54.307  -15.283  16.913 0.0000000000
81344  -53.607  -15.296  16.083 0.0000000000
82386  -53.908  -15.197  16.340 0.0000000000
82387  -54.580  -15.093  16.710 0.0000000000
80186  -45.198  -17.242  28.210 0.0000000000
79137  -43.933  -17.741  27.694 0.0000000000
79151  -44.348  -18.159  26.578 0.0000000000
66999  -5.625  -29.878  32.795 0.0000000000
64828  -5.677  -31.228  32.005 0.0000000000
57096  -9.611  -38.806  31.816 0.0000000000
57109  -10.167  -38.704  31.169 0.0000000000
52899  -8.266  -43.417  26.598 0.0000000000
52900  -9.324  -42.457  26.487 0.0000000000
52898  -7.064  -43.439  26.228 0.0000000000
51883  -6.448  -44.342  26.279 0.0000000000
51884  -6.872  -44.332  26.596 0.0000000000
50582  -15.111  -43.907  43.960 0.0000000000
49546  -14.693  -44.629  44.253 0.0000000000
49550  -14.538  -45.142  43.774 0.0000000000
46360  -10.179  -47.397  41.408 0.0000000000
76780  -40.131  -19.987  34.065 0.0000000000
65966  -38.170  -29.135  31.498 0.0000000000
75667  -39.386  -20.774  32.556 0.0000000000
54804  -27.527  -40.062  39.465 0.0000000000
54817  -26.728  -39.525  38.328 0.0000000000
54829  -27.270  -39.334  37.877 0.0000000000
57007  -31.271  -37.797  37.272 0.0000000000
55915  -31.044  -38.054  37.377 0.0000000000
55932  -30.565  -38.017  36.531 0.0000000000
55987  -27.005  -37.662  31.771 0.0000000000
55963  -27.531  -37.939  32.871 0.0000000000
57080  -26.350  -37.606  32.225 0.0000000000
56011  -25.452  -37.890  30.133 0.0000000000
55843  -5.139  -38.551  39.522 0.0000000000
54794  -4.738  -38.914  38.897 0.0000000000
55861  -4.489  -38.522  38.558 0.0000000000
54810  -5.151  -39.271  38.247 0.0000000000
54823  -5.962  -39.869  37.561 0.0000000000
55885  -10.877  -39.510  37.280 0.0000000000
56989  -10.364  -38.955  37.158 0.0000000000
54826  -11.284  -40.016  36.713 0.0000000000
54837  -11.250  -40.261  36.199 0.0000000000
53793  -10.929  -40.818  36.321 0.0000000000
82328  -50.911  -15.657  22.579 0.0000000000
82336  -49.307  -15.706  21.980 0.0000000000
81279  -49.165  -15.854  21.250 0.0000000000
51704  -16.238  -42.573  40.061 0.0000000000
51698  -16.302  -42.416  40.575 0.0000000000
51703  -15.990  -43.216  39.765 0.0000000000
50611  -15.571  -43.903  39.258 0.0000000000
51779  -19.532  -40.785  31.351 0.0000000000
53806  -19.796  -40.105  32.276 0.0000000000
51765  -19.190  -40.902  31.895 0.0000000000
52790  -17.104  -41.367  34.943 0.0000000000
53798  -17.543  -40.911  34.663 0.0000000000
53797  -17.255  -41.016  35.456 0.0000000000
55907  -17.136  -39.934  35.975 0.0000000000
54838  -17.204  -40.586  35.903 0.0000000000
53794  -16.948  -41.137  36.352 0.0000000000
65862  -4.798  -31.064  35.918 0.0000000000
59079  -5.690  -36.349  32.727 0.0000000000
60204  -6.064  -35.837  32.956 0.0000000000
59086  -5.838  -36.579  31.946 0.0000000000
60211  -6.297  -36.133  32.140 0.0000000000
56086  -7.183  -39.322  28.378 0.0000000000
56069  -6.853  -39.387  29.022 0.0000000000
57125  -6.939  -39.228  28.387 0.0000000000
57162  -5.767  -37.915  25.163 0.0000000000
58157  -5.518  -37.450  25.734 0.0000000000
59130  -5.288  -37.005  26.270 0.0000000000
59139  -5.186  -37.012  25.399 0.0000000000
59148  -5.275  -37.082  24.683 0.0000000000
58172  -5.330  -37.449  24.497 0.0000000000
55753  -10.235  -38.334  47.564 0.0000000000
56902  -9.234  -38.177  47.321 0.0000000000
49533  -12.432  -44.475  45.242 0.0000000000
50571  -12.318  -44.015  45.214 0.0000000000
51691  -10.563  -43.282  42.420 0.0000000000
52758  -11.332  -42.467  43.655 0.0000000000
52760  -11.080  -42.554  42.800 0.0000000000
53773  -11.164  -41.492  43.246 0.0000000000
53776  -11.154  -41.757  42.336 0.0000000000
53780  -11.051  -41.690  41.473 0.0000000000
51719  -6.603  -44.452  36.802 0.0000000000
51726  -7.027  -43.958  36.060 0.0000000000
51735  -7.432  -43.628  35.175 0.0000000000
51734  -6.740  -44.162  35.205 0.0000000000
43266  -3.656  -51.176  35.916 0.0000000000
44286  -3.663  -50.076  35.440 0.0000000000
66889  -37.633  -27.947  39.302 0.0000000000
66931  -35.103  -29.184  36.221 0.0000000000
66918  -35.391  -29.291  37.023 0.0000000000
66896  -36.755  -28.817  38.481 0.0000000000
66907  -36.543  -29.026  37.716 0.0000000000
62471  -33.432  -33.613  36.851 0.0000000000
63614  -33.059  -33.067  36.527 0.0000000000
63599  -33.444  -32.541  36.929 0.0000000000
64765  -33.419  -31.236  36.873 0.0000000000
65873  -33.957  -29.925  36.625 0.0000000000
65891  -33.647  -29.563  35.835 0.0000000000
63564  -34.008  -32.588  38.381 0.0000000000
62448  -33.803  -33.263  38.416 0.0000000000
81325  -55.292  -15.862  18.770 0.0000000000
81313  -54.893  -16.133  19.865 0.0000000000
80279  -48.428  -17.270  17.843 0.0000000000
80288  -48.485  -17.528  16.874 0.0000000000
80280  -49.343  -17.182  17.547 0.0000000000
80289  -49.574  -17.368  16.700 0.0000000000
80302  -49.889  -17.181  15.885 0.0000000000
80303  -50.514  -16.705  16.134 0.0000000000
81340  -50.302  -16.663  15.611 0.0000000000
81335  -51.102  -16.460  16.667 0.0000000000
81323  -52.737  -15.854  18.376 0.0000000000
81332  -53.751  -15.487  17.185 0.0000000000
79105  -43.559  -18.167  29.125 0.0000000000
79106  -44.191  -17.992  29.397 0.0000000000
79087  -43.750  -18.404  29.903 0.0000000000
79058  -43.954  -18.677  31.702 0.0000000000
79071  -44.574  -18.371  31.194 0.0000000000
79059  -44.779  -18.509  32.148 0.0000000000
76872  -40.139  -19.465  26.612 0.0000000000
77952  -41.002  -19.420  27.926 0.0000000000
77927  -42.385  -18.984  29.182 0.0000000000
79104  -42.977  -18.436  28.764 0.0000000000
79121  -42.927  -18.135  28.138 0.0000000000
53828  -11.099  -40.910  31.841 0.0000000000
53837  -11.302  -40.873  30.836 0.0000000000
51839  -8.861  -43.432  29.403 0.0000000000
52847  -10.106  -42.395  29.345 0.0000000000
51865  -8.976  -43.566  28.555 0.0000000000
51887  -8.930  -43.466  28.011 0.0000000000
50821  -8.512  -44.472  28.129 0.0000000000
49721  -8.215  -45.581  29.310 0.0000000000
49738  -8.369  -45.599  28.146 0.0000000000
47644  -8.174  -47.422  28.287 0.0000000000
48551  -13.775  -46.221  40.682 0.0000000000
47496  -13.321  -46.460  40.148 0.0000000000
68940  -39.445  -27.365  33.282 0.0000000000
72353  -38.269  -25.281  33.861 0.0000000000
71175  -38.330  -25.730  33.064 0.0000000000
71174  -37.967  -25.466  32.648 0.0000000000
72381  -37.580  -24.888  32.219 0.0000000000
72352  -37.889  -24.729  33.615 0.0000000000
74564  -38.007  -22.754  34.514 0.0000000000
54791  -29.213  -39.915  40.131 0.0000000000
54807  -29.874  -39.759  39.743 0.0000000000
55991  -29.738  -37.887  33.345 0.0000000000
84635  -52.984  -13.432  13.831 0.0000000000
84634  -52.195  -13.276  13.002 0.0000000000
85859  -53.219  -12.766  13.731 0.0000000000
85848  -53.344  -12.085  13.555 0.0000000000
87014  -53.478  -11.243  13.370 0.0000000000
88131  -53.545  -10.338  12.912 0.0000000000
88120  -53.862  -10.842  13.537 0.0000000000
55830  -5.828  -39.291  40.498 0.0000000000
55845  -6.042  -39.588  39.951 0.0000000000
55831  -6.450  -39.766  40.598 0.0000000000
55833  -8.003  -40.018  40.653 0.0000000000
55849  -9.416  -39.578  39.455 0.0000000000
78020  -44.606  -18.329  23.241 0.0000000000
79195  -45.480  -17.776  23.421 0.0000000000
78021  -45.117  -18.247  23.009 0.0000000000
78034  -45.205  -18.317  22.003 0.0000000000
78044  -45.441  -18.624  21.125 0.0000000000
80247  -46.069  -17.443  22.456 0.0000000000
81272  -47.257  -16.749  23.002 0.0000000000
81273  -48.180  -16.224  22.858 0.0000000000
59001  -14.722  -36.768  40.795 0.0000000000
56973  -16.148  -38.719  39.707 0.0000000000
54784  -16.529  -40.234  40.162 0.0000000000
55837  -16.593  -39.951  39.796 0.0000000000
50715  -16.214  -42.540  33.432 0.0000000000
50731  -15.552  -43.063  32.999 0.0000000000
62474  -4.344  -33.410  35.545 0.0000000000
61326  -4.619  -34.593  35.189 0.0000000000
58093  -5.182  -37.072  33.238 0.0000000000
59077  -5.380  -36.604  33.231 0.0000000000
58107  -5.112  -37.271  32.332 0.0000000000
56152  -6.999  -39.977  24.850 0.0000000000
56151  -6.506  -39.790  24.814 0.0000000000
54982  -5.552  -40.261  24.291 0.0000000000
56149  -5.543  -39.310  24.510 0.0000000000
55010  -4.925  -40.180  23.159 0.0000000000
58933  -10.950  -36.928  47.411 0.0000000000
56903  -11.353  -38.366  47.339 0.0000000000
56899  -10.876  -38.039  47.599 0.0000000000
55757  -11.151  -38.991  47.336 0.0000000000
48515  -10.065  -46.142  42.709 0.0000000000
49543  -10.233  -45.445  42.947 0.0000000000
50591  -7.938  -45.008  41.283 0.0000000000
50585  -9.291  -44.812  42.167 0.0000000000
50592  -8.777  -44.605  41.661 0.0000000000
50593  -9.422  -44.370  42.075 0.0000000000
51694  -8.923  -44.065  41.046 0.0000000000
51693  -8.311  -44.416  40.585 0.0000000000
50608  -5.939  -45.305  38.509 0.0000000000
51699  -7.367  -44.514  39.465 0.0000000000
50609  -6.431  -44.884  38.686 0.0000000000
51712  -6.714  -44.507  37.831 0.0000000000
50619  -6.091  -44.979  38.070 0.0000000000
65950  -37.299  -29.657  31.754 0.0000000000
65933  -37.779  -29.298  32.889 0.0000000000
66954  -37.020  -28.834  35.319 0.0000000000
65892  -36.761  -28.944  34.361 0.0000000000
66955  -37.928  -28.804  35.336 0.0000000000
66957  -39.372  -28.334  35.410 0.0000000000
66956  -38.808  -28.658  35.163 0.0000000000
66974  -39.067  -28.653  34.474 0.0000000000
65913  -39.240  -28.713  33.791 0.0000000000
67936  -39.732  -28.093  34.821 0.0000000000
67948  -39.668  -28.242  33.952 0.0000000000
69975  -39.915  -26.662  36.292 0.0000000000
63634  -31.921  -31.396  34.784 0.0000000000
58015  -32.788  -36.974  39.026 0.0000000000
56985  -32.305  -37.442  38.695 0.0000000000
56996  -32.181  -37.281  38.047 0.0000000000
60149  -33.435  -34.933  38.417 0.0000000000
59035  -33.085  -35.395  38.176 0.0000000000
59048  -31.973  -36.112  36.057 0.0000000000
59041  -32.756  -36.064  37.418 0.0000000000
58045  -32.182  -36.672  36.674 0.0000000000
58036  -31.984  -37.082  36.877 0.0000000000
57038  -31.060  -37.005  35.511 0.0000000000
57059  -30.824  -36.812  34.407 0.0000000000
58109  -30.151  -36.615  32.022 0.0000000000
84609  -55.866  -13.680  16.827 0.0000000000
81355  -51.132  -16.065  14.689 0.0000000000
81376  -50.840  -15.906  14.014 0.0000000000
81356  -51.711  -15.781  15.005 0.0000000000
82398  -52.549  -15.032  14.824 0.0000000000
82420  -52.111  -15.067  14.006 0.0000000000
82438  -52.435  -14.506  13.863 0.0000000000
83443  -54.711  -14.082  16.150 0.0000000000
83450  -54.223  -14.111  15.342 0.0000000000
84612  -55.383  -13.694  16.456 0.0000000000
80199  -45.854  -16.945  26.754 0.0000000000
81237  -46.533  -16.650  26.466 0.0000000000
81205  -46.713  -16.615  29.483 0.0000000000
81215  -46.652  -16.512  28.446 0.0000000000
80163  -45.580  -17.577  30.294 0.0000000000
77968  -40.940  -19.305  25.714 0.0000000000
77987  -42.817  -18.484  25.507 0.0000000000
78003  -42.482  -18.530  24.230 0.0000000000
79152  -44.883  -17.822  26.425 0.0000000000
54875  -22.653  -39.201  31.122 0.0000000000
52826  -21.339  -40.590  30.191 0.0000000000
65970  -6.826  -30.370  30.775 0.0000000000
64830  -7.292  -31.575  31.732 0.0000000000
63652  -8.067  -32.555  32.116 0.0000000000
62512  -7.934  -33.885  32.121 0.0000000000
54858  -6.169  -39.979  33.828 0.0000000000
54872  -6.070  -39.821  33.096 0.0000000000
54873  -6.786  -39.974  33.032 0.0000000000
56030  -8.843  -39.073  30.821 0.0000000000
56053  -8.104  -39.338  29.706 0.0000000000
54915  -11.273  -40.306  29.411 0.0000000000
56032  -10.972  -39.350  30.045 0.0000000000
54926  -10.876  -40.499  28.509 0.0000000000
53884  -9.656  -41.384  26.184 0.0000000000
56090  -10.155  -39.959  26.930 0.0000000000
56111  -9.890  -40.252  26.448 0.0000000000
56110  -9.387  -39.861  26.132 0.0000000000
56132  -8.419  -39.745  25.658 0.0000000000
54971  -8.352  -40.439  25.230 0.0000000000
52921  -6.452  -43.262  25.690 0.0000000000
53897  -6.932  -42.251  25.337 0.0000000000
49752  -6.714  -45.584  26.970 0.0000000000
48705  -6.374  -46.593  26.896 0.0000000000
54716  -13.903  -40.816  45.787 0.0000000000
52751  -14.145  -42.302  45.570 0.0000000000
50578  -14.210  -44.343  44.861 0.0000000000
50574  -13.960  -43.824  45.174 0.0000000000
49535  -13.345  -44.368  45.204 0.0000000000
49539  -12.947  -45.024  45.083 0.0000000000
47458  -12.745  -46.935  42.775 0.0000000000
47456  -11.133  -46.998  42.974 0.0000000000
47449  -11.202  -46.567  43.628 0.0000000000
48518  -11.777  -46.243  44.318 0.0000000000
47448  -10.790  -46.363  43.346 0.0000000000
46357  -8.470  -47.156  41.515 0.0000000000
47461  -8.994  -47.002  41.913 0.0000000000
47459  -7.474  -46.643  41.130 0.0000000000
76803  -40.995  -20.175  31.557 0.0000000000
68967  -38.835  -27.241  31.390 0.0000000000
68979  -38.963  -27.935  30.067 0.0000000000
68978  -38.705  -27.498  30.417 0.0000000000
74607  -36.969  -22.187  30.530 0.0000000000
75692  -37.687  -21.592  29.951 0.0000000000
75682  -39.972  -20.868  31.743 0.0000000000
75695  -39.856  -21.061  30.928 0.0000000000
76815  -40.842  -20.344  30.713 0.0000000000
55891  -25.965  -38.766  37.363 0.0000000000
55908  -24.887  -37.992  36.822 0.0000000000
57006  -24.849  -37.669  36.280 0.0000000000
55895  -29.810  -39.018  37.910 0.0000000000
55875  -29.244  -39.583  38.823 0.0000000000
55966  -29.534  -38.378  33.939 0.0000000000
55943  -29.030  -38.652  34.676 0.0000000000
55941  -27.623  -38.243  33.864 0.0000000000
55910  -26.667  -38.666  36.379 0.0000000000
57055  -25.741  -37.569  32.972 0.0000000000
58060  -25.330  -37.312  33.342 0.0000000000
58079  -24.735  -37.157  32.809 0.0000000000
57078  -24.620  -37.444  31.682 0.0000000000
54901  -24.229  -38.287  29.710 0.0000000000
54900  -23.472  -38.448  29.956 0.0000000000
89192  -53.880  -9.653  12.685 0.0000000000
90271  -54.109  -7.777  10.892 0.0000000000
61312  -4.678  -34.634  37.007 0.0000000000
61313  -4.594  -35.113  36.732 0.0000000000
59037  -4.710  -35.948  36.166 0.0000000000
59036  -4.599  -36.483  36.616 0.0000000000
61255  -5.159  -35.682  40.239 0.0000000000
55879  -3.957  -38.414  37.442 0.0000000000
56986  -4.052  -37.664  37.514 0.0000000000
55899  -4.039  -38.409  36.168 0.0000000000
54840  -4.969  -39.418  35.107 0.0000000000
54833  -4.991  -39.464  36.107 0.0000000000
55918  -7.129  -40.040  35.787 0.0000000000
54843  -7.123  -40.053  35.495 0.0000000000
55936  -8.555  -39.407  34.636 0.0000000000
55863  -6.984  -39.845  38.878 0.0000000000
55881  -7.202  -39.857  37.634 0.0000000000
55882  -8.499  -39.547  37.603 0.0000000000
57012  -10.731  -38.916  35.715 0.0000000000
55921  -9.547  -39.040  35.833 0.0000000000
57027  -10.764  -38.739  34.852 0.0000000000
57045  -10.108  -38.795  34.318 0.0000000000
55955  -11.615  -39.858  33.257 0.0000000000
55938  -11.620  -39.673  34.351 0.0000000000
53803  -10.719  -41.537  34.234 0.0000000000
53804  -11.255  -41.096  33.694 0.0000000000
53814  -10.642  -41.489  33.251 0.0000000000
52801  -9.333  -42.393  33.284 0.0000000000
81281  -51.351  -15.919  20.953 0.0000000000
82339  -51.994  -15.840  21.673 0.0000000000
77866  -43.288  -19.089  33.231 0.0000000000
79205  -45.937  -18.235  20.933 0.0000000000
79206  -46.379  -18.150  20.534 0.0000000000
80274  -47.675  -17.579  19.274 0.0000000000
79227  -46.993  -18.280  18.382 0.0000000000
80275  -48.210  -17.250  18.805 0.0000000000
82354  -50.395  -15.819  20.961 0.0000000000
81294  -50.680  -15.974  20.509 0.0000000000
81295  -51.454  -16.044  20.238 0.0000000000
54733  -14.879  -40.942  43.925 0.0000000000
52757  -15.381  -42.410  43.769 0.0000000000
53772  -15.506  -41.774  43.336 0.0000000000
56943  -15.184  -39.356  41.731 0.0000000000
54753  -16.032  -40.706  41.967 0.0000000000
51697  -16.177  -42.889  40.946 0.0000000000
50601  -15.743  -43.555  41.565 0.0000000000
50595  -15.552  -43.546  42.588 0.0000000000
49566  -14.709  -45.282  40.969 0.0000000000
49567  -15.173  -44.768  40.519 0.0000000000
48578  -14.089  -45.069  38.831 0.0000000000
48588  -13.282  -45.972  38.128 0.0000000000
47528  -13.012  -46.098  37.595 0.0000000000
55960  -21.993  -37.995  32.097 0.0000000000
55983  -21.446  -38.159  32.261 0.0000000000
57050  -20.229  -38.105  32.739 0.0000000000
58094  -20.645  -37.435  32.926 0.0000000000
58075  -20.119  -37.288  33.362 0.0000000000
59062  -20.307  -36.148  34.497 0.0000000000
58074  -19.303  -37.522  33.672 0.0000000000
52796  -18.330  -40.841  32.832 0.0000000000
53802  -18.217  -40.516  33.258 0.0000000000
55925  -17.489  -39.151  34.863 0.0000000000
59060  -18.526  -36.329  34.622 0.0000000000
59045  -17.724  -36.197  35.165 0.0000000000
60171  -17.881  -35.566  35.846 0.0000000000
58040  -17.290  -37.335  35.330 0.0000000000
57001  -16.726  -38.514  36.470 0.0000000000
59038  -16.749  -36.670  36.557 0.0000000000
58026  -16.509  -37.653  36.927 0.0000000000
60152  -16.352  -36.220  37.734 0.0000000000
58025  -16.348  -37.641  37.786 0.0000000000
53789  -16.518  -41.188  37.882 0.0000000000
54800  -16.631  -40.902  38.109 0.0000000000
52772  -16.277  -41.503  38.147 0.0000000000
52771  -15.974  -41.920  38.528 0.0000000000
49649  -15.264  -43.082  34.521 0.0000000000
49635  -15.268  -43.183  35.456 0.0000000000
49648  -14.830  -43.421  35.002 0.0000000000
49634  -14.974  -43.592  36.036 0.0000000000
49633  -14.601  -44.013  36.717 0.0000000000
50634  -15.484  -43.792  37.536 0.0000000000
49622  -14.827  -44.260  37.504 0.0000000000
66962  -5.709  -30.003  34.503 0.0000000000
65901  -5.267  -30.547  34.373 0.0000000000
66979  -5.714  -29.758  33.747 0.0000000000
62486  -4.631  -33.017  35.039 0.0000000000
62499  -6.228  -33.787  33.728 0.0000000000
62509  -5.912  -32.757  33.431 0.0000000000
63639  -5.561  -32.314  33.505 0.0000000000
60213  -7.048  -35.404  31.334 0.0000000000
61363  -7.322  -34.639  32.043 0.0000000000
61378  -7.549  -35.052  31.214 0.0000000000
60221  -7.108  -35.455  30.419 0.0000000000
56003  -5.792  -39.508  31.885 0.0000000000
55976  -5.349  -38.791  32.453 0.0000000000
56002  -5.396  -38.817  31.473 0.0000000000
56025  -5.487  -38.773  30.788 0.0000000000
56024  -5.351  -38.370  30.703 0.0000000000
57107  -5.180  -38.013  30.790 0.0000000000
56048  -5.429  -38.235  30.361 0.0000000000
57148  -6.457  -38.520  26.725 0.0000000000
57137  -6.602  -38.728  27.647 0.0000000000
58141  -5.718  -37.487  27.894 0.0000000000
58133  -5.849  -37.189  29.105 0.0000000000
59102  -6.047  -36.994  29.470 0.0000000000
59113  -5.878  -36.709  28.656 0.0000000000
59132  -5.616  -36.178  27.009 0.0000000000
59122  -5.902  -36.217  27.890 0.0000000000
60253  -6.939  -35.488  27.644 0.0000000000
61437  -6.922  -35.073  27.060 0.0000000000
60269  -6.433  -35.333  26.772 0.0000000000
55767  -7.754  -38.582  45.566 0.0000000000
52740  -13.495  -41.374  45.921 0.0000000000
54710  -12.867  -40.279  46.432 0.0000000000
52739  -13.248  -41.340  45.981 0.0000000000
52742  -12.196  -41.607  45.863 0.0000000000
52737  -12.258  -41.125  46.135 0.0000000000
53755  -11.812  -41.049  46.116 0.0000000000
53754  -11.175  -40.601  46.173 0.0000000000
53768  -10.910  -41.221  44.910 0.0000000000
52753  -11.333  -41.676  45.097 0.0000000000
52752  -10.941  -41.175  45.186 0.0000000000
53763  -10.402  -40.672  45.254 0.0000000000
53758  -9.662  -39.898  45.762 0.0000000000
54725  -10.261  -40.664  45.003 0.0000000000
54730  -8.934  -39.970  44.427 0.0000000000
54729  -8.112  -39.434  44.162 0.0000000000
54738  -8.392  -39.776  43.485 0.0000000000
55802  -7.880  -39.614  43.137 0.0000000000
54750  -9.346  -40.042  42.621 0.0000000000
53781  -11.197  -40.906  41.137 0.0000000000
54783  -11.019  -40.154  40.831 0.0000000000
53784  -11.249  -40.703  40.228 0.0000000000
54813  -11.139  -40.086  39.344 0.0000000000
51708  -9.182  -43.147  39.493 0.0000000000
52778  -8.844  -42.735  37.342 0.0000000000
52779  -9.611  -42.340  37.557 0.0000000000
52785  -10.155  -41.810  36.827 0.0000000000
52789  -10.092  -41.908  35.843 0.0000000000
51747  -7.735  -43.452  34.156 0.0000000000
51762  -7.807  -43.193  33.151 0.0000000000
51776  -7.827  -43.090  32.209 0.0000000000
51775  -7.119  -43.495  32.610 0.0000000000
46406  -5.098  -47.601  38.865 0.0000000000
46440  -3.523  -48.155  36.955 0.0000000000
45334  -3.451  -49.164  37.347 0.0000000000
47506  -4.556  -47.029  38.509 0.0000000000
47516  -3.941  -46.995  38.141 0.0000000000
49593  -4.609  -46.375  37.965 0.0000000000
48587  -3.859  -46.485  37.711 0.0000000000
47551  -3.710  -47.309  35.443 0.0000000000
48608  -3.826  -46.625  35.963 0.0000000000
49646  -4.359  -46.293  35.633 0.0000000000
49660  -4.727  -46.406  34.603 0.0000000000
49672  -4.968  -46.301  33.687 0.0000000000
49689  -5.223  -46.375  33.093 0.0000000000
50728  -5.763  -45.163  33.432 0.0000000000
48651  -5.316  -46.801  32.419 0.0000000000
49706  -6.626  -45.581  31.079 0.0000000000
50766  -6.685  -44.745  31.414 0.0000000000
49707  -7.565  -45.560  30.358 0.0000000000
64746  -33.666  -31.826  37.566 0.0000000000
64734  -34.182  -31.722  38.219 0.0000000000
65852  -34.468  -30.852  37.970 0.0000000000
63552  -34.741  -32.439  39.281 0.0000000000
64707  -34.917  -31.446  40.364 0.0000000000
81320  -50.127  -16.511  18.742 0.0000000000
80277  -49.940  -16.769  18.070 0.0000000000
81329  -50.989  -16.648  17.484 0.0000000000
77916  -43.255  -18.655  30.356 0.0000000000
79047  -44.069  -18.789  32.714 0.0000000000
76840  -39.678  -20.647  29.364 0.0000000000
76841  -40.291  -20.073  29.097 0.0000000000
77936  -40.805  -19.647  28.542 0.0000000000
52825  -10.167  -42.158  31.699 0.0000000000
52837  -10.198  -42.253  30.549 0.0000000000
50803  -8.501  -44.330  28.733 0.0000000000
50784  -8.481  -44.205  29.304 0.0000000000
47509  -12.347  -47.083  39.049 0.0000000000
46414  -12.116  -47.278  38.283 0.0000000000
46413  -11.597  -47.579  38.735 0.0000000000
71147  -39.151  -26.040  34.773 0.0000000000
71160  -39.125  -26.184  34.240 0.0000000000
71146  -38.792  -25.704  34.581 0.0000000000
72337  -38.418  -25.232  34.567 0.0000000000
72336  -38.051  -24.539  34.235 0.0000000000
73477  -38.119  -23.453  34.968 0.0000000000
55826  -30.647  -38.540  40.304 0.0000000000
84624  -54.306  -13.507  14.703 0.0000000000
85850  -54.504  -12.852  14.495 0.0000000000
87016  -54.579  -12.288  14.374 0.0000000000
87012  -55.648  -10.949  14.656 0.0000000000
55799  -6.104  -38.742  42.212 0.0000000000
55817  -6.238  -39.379  41.337 0.0000000000
54762  -7.269  -39.841  41.717 0.0000000000
54763  -8.075  -39.892  41.596 0.0000000000
82295  -48.507  -15.796  24.787 0.0000000000
82281  -48.436  -15.948  25.991 0.0000000000
79183  -44.982  -17.887  24.537 0.0000000000
79184  -45.386  -17.713  24.024 0.0000000000
80243  -45.953  -17.390  23.135 0.0000000000
81261  -47.249  -16.734  23.952 0.0000000000
58001  -15.239  -37.584  40.446 0.0000000000
59013  -15.270  -36.721  39.958 0.0000000000
58010  -15.701  -37.626  39.540 0.0000000000
58011  -16.072  -38.117  39.200 0.0000000000
56994  -23.986  -38.044  37.382 0.0000000000
62523  -9.610  -32.988  31.060 0.0000000000
63660  -9.936  -32.166  30.943 0.0000000000
62532  -10.046  -33.474  30.077 0.0000000000
60169  -4.810  -35.535  35.198 0.0000000000
60168  -4.724  -35.137  35.117 0.0000000000
59058  -5.201  -36.174  34.562 0.0000000000
58072  -5.134  -36.920  33.823 0.0000000000
53916  -5.936  -41.462  24.698 0.0000000000
53915  -5.349  -41.510  24.197 0.0000000000
53934  -5.035  -41.318  23.461 0.0000000000
57941  -11.868  -38.327  46.953 0.0000000000
56904  -11.806  -38.639  46.976 0.0000000000
49547  -8.540  -45.873  41.678 0.0000000000
49548  -9.351  -45.481  42.265 0.0000000000
50598  -7.636  -44.803  40.665 0.0000000000
50597  -7.054  -44.733  40.368 0.0000000000
50602  -6.262  -45.296  39.127 0.0000000000
49579  -5.876  -45.622  38.842 0.0000000000
66934  -38.137  -28.768  36.225 0.0000000000
66922  -38.716  -28.212  36.944 0.0000000000
68905  -39.861  -27.368  36.014 0.0000000000
65890  -33.080  -30.263  35.756 0.0000000000
60164  -33.123  -34.831  37.527 0.0000000000
60156  -32.928  -35.381  37.729 0.0000000000
60163  -32.938  -35.219  37.142 0.0000000000
60173  -32.075  -35.539  35.958 0.0000000000
59063  -31.740  -35.991  35.432 0.0000000000
59072  -31.347  -35.696  34.395 0.0000000000
83439  -55.427  -14.155  16.700 0.0000000000
81343  -53.099  -15.426  15.895 0.0000000000
82392  -53.004  -15.135  15.393 0.0000000000
82399  -53.229  -14.835  15.103 0.0000000000
82400  -53.797  -14.647  15.380 0.0000000000
82394  -54.055  -14.924  16.117 0.0000000000
82395  -54.714  -14.658  16.452 0.0000000000
80198  -45.241  -17.325  27.142 0.0000000000
80175  -45.963  -16.971  28.854 0.0000000000
80164  -46.121  -17.119  29.886 0.0000000000
77970  -42.475  -18.539  26.627 0.0000000000
79166  -43.546  -18.401  25.986 0.0000000000
77971  -44.075  -18.418  25.991 0.0000000000
53838  -22.606  -40.015  30.030 0.0000000000
65957  -6.405  -30.846  31.230 0.0000000000
64829  -6.319  -31.448  31.721 0.0000000000
63651  -6.953  -32.195  32.232 0.0000000000
55978  -7.485  -39.871  32.394 0.0000000000
56007  -8.774  -39.251  31.957 0.0000000000
56031  -10.007  -38.836  30.316 0.0000000000
54944  -10.548  -40.626  27.597 0.0000000000
52901  -9.976  -41.835  26.737 0.0000000000
52924  -9.082  -41.872  25.835 0.0000000000
53899  -8.506  -41.454  25.406 0.0000000000
52922  -7.456  -42.823  25.852 0.0000000000
51921  -6.256  -43.889  25.813 0.0000000000
50835  -5.913  -44.574  25.818 0.0000000000
50817  -5.903  -45.041  26.099 0.0000000000
52754  -14.646  -42.509  44.892 0.0000000000
51678  -14.491  -43.119  45.160 0.0000000000
50579  -14.566  -43.928  44.769 0.0000000000
49541  -14.349  -44.619  44.651 0.0000000000
47477  -11.571  -47.298  41.121 0.0000000000
47464  -11.157  -47.256  42.017 0.0000000000
47463  -10.344  -47.118  42.161 0.0000000000
47462  -9.710  -47.044  42.027 0.0000000000
76802  -40.482  -20.489  32.023 0.0000000000
76781  -40.979  -19.772  33.560 0.0000000000
70037  -37.844  -26.804  30.218 0.0000000000
75665  -37.784  -21.772  31.812 0.0000000000
75680  -38.492  -21.307  31.212 0.0000000000
75668  -40.059  -20.610  32.273 0.0000000000
54816  -25.992  -39.487  38.362 0.0000000000
55873  -26.210  -39.169  37.999 0.0000000000
55878  -31.597  -38.103  38.509 0.0000000000
55860  -31.525  -38.402  39.052 0.0000000000
55897  -31.206  -38.163  38.030 0.0000000000
55896  -30.711  -38.685  37.913 0.0000000000
55964  -28.196  -38.131  33.264 0.0000000000
57036  -27.020  -38.097  34.100 0.0000000000
57056  -26.607  -37.917  33.226 0.0000000000
57079  -25.522  -37.412  31.771 0.0000000000
55985  -24.897  -37.841  30.742 0.0000000000
56010  -24.916  -38.057  30.174 0.0000000000
87033  -51.797  -11.353  12.078 0.0000000000
59012  -4.555  -37.014  39.473 0.0000000000
58008  -4.406  -37.201  39.075 0.0000000000
54822  -5.063  -39.437  37.176 0.0000000000
54835  -6.360  -40.105  36.653 0.0000000000
55900  -7.103  -39.988  36.419 0.0000000000
55883  -9.494  -39.116  37.633 0.0000000000
56998  -9.620  -38.849  37.135 0.0000000000
56988  -9.915  -38.828  37.334 0.0000000000
57000  -10.551  -39.004  36.543 0.0000000000
55923  -11.362  -39.487  35.494 0.0000000000
54844  -11.513  -40.313  35.074 0.0000000000
82329  -51.874  -15.610  22.559 0.0000000000
80249  -47.564  -16.891  21.428 0.0000000000
80256  -48.009  -16.890  20.634 0.0000000000
80257  -48.717  -16.691  20.228 0.0000000000
55791  -15.056  -40.302  43.016 0.0000000000
54767  -16.453  -40.634  40.764 0.0000000000
53778  -16.320  -41.478  41.481 0.0000000000
52764  -16.341  -42.111  40.977 0.0000000000
50605  -15.545  -44.327  40.003 0.0000000000
50610  -15.409  -44.336  39.436 0.0000000000
49596  -14.807  -44.591  38.823 0.0000000000
48579  -14.536  -44.633  38.422 0.0000000000
53807  -20.924  -39.979  31.987 0.0000000000
55959  -21.079  -38.584  32.251 0.0000000000
54863  -20.452  -39.437  32.265 0.0000000000
54862  -19.178  -39.667  32.683 0.0000000000
51749  -17.227  -41.806  33.805 0.0000000000
53801  -17.907  -40.777  33.983 0.0000000000
55924  -17.295  -38.702  35.344 0.0000000000
57014  -17.076  -38.258  35.644 0.0000000000
55906  -17.017  -39.087  35.831 0.0000000000
55887  -16.883  -39.574  36.880 0.0000000000
54827  -16.935  -40.105  36.947 0.0000000000
53791  -16.692  -41.176  37.215 0.0000000000
51723  -16.153  -42.387  36.814 0.0000000000
49661  -14.420  -43.942  34.311 0.0000000000
48619  -13.749  -44.409  35.235 0.0000000000
48609  -13.330  -44.960  36.082 0.0000000000
61361  -5.932  -35.084  33.924 0.0000000000
61349  -5.796  -34.645  34.190 0.0000000000
60193  -5.843  -35.140  33.957 0.0000000000
61350  -6.128  -34.369  33.875 0.0000000000
61351  -6.468  -34.376  33.399 0.0000000000
61362  -6.856  -34.442  32.790 0.0000000000
60205  -6.549  -35.346  32.695 0.0000000000
60212  -6.637  -35.916  31.587 0.0000000000
56028  -6.779  -39.782  30.777 0.0000000000
56026  -5.718  -39.329  30.834 0.0000000000
56051  -6.306  -39.560  30.069 0.0000000000
56067  -5.924  -38.506  29.432 0.0000000000
59120  -5.546  -37.034  27.204 0.0000000000
59131  -5.453  -36.578  26.705 0.0000000000
59141  -5.416  -36.221  26.452 0.0000000000
60281  -5.597  -35.789  26.246 0.0000000000
60295  -5.377  -36.049  25.637 0.0000000000
50570  -13.360  -42.999  45.632 0.0000000000
51670  -13.131  -42.565  45.714 0.0000000000
51675  -12.884  -42.945  45.586 0.0000000000
52749  -12.072  -42.023  45.598 0.0000000000
51683  -11.402  -43.331  43.959 0.0000000000
54732  -10.778  -41.005  44.564 0.0000000000
54740  -10.699  -40.772  43.956 0.0000000000
54751  -10.590  -40.470  42.757 0.0000000000
54752  -11.053  -40.686  42.283 0.0000000000
53783  -11.055  -41.515  40.535 0.0000000000
51713  -7.610  -44.008  37.979 0.0000000000
51714  -8.449  -43.412  38.209 0.0000000000
51721  -8.078  -43.287  37.185 0.0000000000
52783  -8.661  -42.823  36.319 0.0000000000
51760  -6.372  -44.102  33.670 0.0000000000
46459  -3.462  -48.115  35.827 0.0000000000
45364  -3.906  -48.874  34.990 0.0000000000
46480  -3.841  -47.939  34.986 0.0000000000
48663  -5.319  -47.167  31.969 0.0000000000
66972  -34.823  -29.044  34.508 0.0000000000
66973  -35.836  -29.127  34.217 0.0000000000
66952  -35.137  -29.017  35.223 0.0000000000
66919  -36.390  -29.038  36.968 0.0000000000
66920  -37.402  -28.947  37.049 0.0000000000
66909  -38.068  -28.210  37.992 0.0000000000
61340  -31.997  -33.845  35.875 0.0000000000
62476  -32.359  -33.164  36.165 0.0000000000
63613  -32.747  -32.168  36.296 0.0000000000
64783  -33.064  -31.202  36.195 0.0000000000
66971  -33.754  -29.118  34.958 0.0000000000
61299  -33.784  -34.076  38.821 0.0000000000
62433  -34.331  -33.328  39.037 0.0000000000
62432  -34.053  -33.422  38.681 0.0000000000
61311  -33.392  -34.177  38.147 0.0000000000
61322  -33.362  -34.396  37.173 0.0000000000
61328  -32.625  -34.153  36.387 0.0000000000
82374  -55.597  -15.503  18.200 0.0000000000
81336  -52.039  -16.134  16.537 0.0000000000
81337  -52.929  -15.675  16.488 0.0000000000
79089  -45.092  -18.029  30.705 0.0000000000
76873  -41.128  -19.373  26.599 0.0000000000
77954  -42.454  -18.510  27.372 0.0000000000
79135  -42.775  -18.215  27.664 0.0000000000
79122  -43.400  -17.894  28.358 0.0000000000
57098  -11.288  -39.050  32.218 0.0000000000
56009  -11.275  -39.356  31.314 0.0000000000
53850  -11.387  -40.716  30.132 0.0000000000
52880  -9.098  -43.160  27.491 0.0000000000
51906  -8.017  -43.985  26.874 0.0000000000
51885  -7.732  -44.346  26.953 0.0000000000
49753  -7.646  -45.555  27.385 0.0000000000
47661  -7.470  -47.144  27.413 0.0000000000
49560  -14.605  -45.285  41.962 0.0000000000
49555  -14.488  -45.208  42.968 0.0000000000
48538  -13.707  -46.447  41.634 0.0000000000
47478  -12.435  -47.105  41.033 0.0000000000
47495  -12.724  -46.898  40.103 0.0000000000
47494  -11.925  -47.450  40.100 0.0000000000
46373  -11.063  -47.667  40.386 0.0000000000
75657  -38.964  -20.815  33.651 0.0000000000
76764  -39.680  -20.386  34.821 0.0000000000
67965  -39.226  -28.177  32.641 0.0000000000
67985  -38.968  -27.910  31.449 0.0000000000
68955  -39.177  -27.891  32.103 0.0000000000
68954  -39.144  -27.294  32.202 0.0000000000
70024  -38.745  -26.839  31.888 0.0000000000
70011  -38.862  -26.486  32.874 0.0000000000
70023  -38.065  -26.477  31.326 0.0000000000
71204  -37.418  -26.026  30.692 0.0000000000
71203  -37.199  -25.203  31.069 0.0000000000
71189  -37.419  -25.111  31.544 0.0000000000
72367  -37.431  -24.339  32.460 0.0000000000
73513  -37.379  -23.606  32.805 0.0000000000
73500  -37.786  -23.668  33.794 0.0000000000
73499  -37.561  -23.679  33.279 0.0000000000
74572  -37.502  -23.184  33.225 0.0000000000
54805  -28.347  -40.070  39.601 0.0000000000
54819  -28.376  -39.796  38.837 0.0000000000
55945  -30.305  -38.007  35.447 0.0000000000
56015  -29.089  -38.158  31.747 0.0000000000
55989  -28.625  -38.227  32.511 0.0000000000
56013  -27.349  -38.081  31.026 0.0000000000
85857  -52.158  -12.414  12.590 0.0000000000
87024  -52.248  -11.759  12.434 0.0000000000
87034  -52.315  -10.890  12.234 0.0000000000
88136  -52.093  -10.591  12.085 0.0000000000
88132  -54.057  -9.855  13.028 0.0000000000
88121  -54.464  -10.332  13.692 0.0000000000
55828  -5.365  -38.314  40.595 0.0000000000
55844  -5.187  -38.807  39.547 0.0000000000
54811  -5.749  -39.465  38.692 0.0000000000
54796  -5.705  -39.343  39.519 0.0000000000
55832  -7.101  -40.065  40.422 0.0000000000
55847  -7.535  -40.019  39.636 0.0000000000
55865  -8.980  -39.601  38.549 0.0000000000
55866  -9.840  -39.334  38.567 0.0000000000
55867  -10.524  -39.592  38.493 0.0000000000
82326  -49.065  -15.768  22.763 0.0000000000
82311  -49.808  -15.478  23.663 0.0000000000
76911  -44.618  -18.414  22.853 0.0000000000
76926  -44.326  -18.553  22.364 0.0000000000
79201  -46.339  -17.764  21.146 0.0000000000
80244  -46.517  -17.162  22.815 0.0000000000
80248  -46.769  -17.243  21.930 0.0000000000
57978  -14.538  -37.918  42.153 0.0000000000
56954  -15.326  -39.075  41.188 0.0000000000
56965  -15.746  -39.012  40.589 0.0000000000
53782  -16.506  -41.463  39.959 0.0000000000
52768  -16.185  -42.002  39.578 0.0000000000
50750  -17.828  -41.648  31.306 0.0000000000
51794  -18.192  -41.672  31.661 0.0000000000
50733  -17.554  -42.158  32.141 0.0000000000
51763  -17.693  -41.796  32.751 0.0000000000
50716  -17.060  -42.380  33.103 0.0000000000
50698  -16.610  -42.238  33.771 0.0000000000
51748  -16.569  -42.037  34.194 0.0000000000
50697  -16.061  -42.301  34.356 0.0000000000
50675  -15.852  -42.437  35.433 0.0000000000
50714  -15.661  -42.811  33.990 0.0000000000
49663  -15.325  -43.109  33.791 0.0000000000
64771  -4.305  -31.739  35.551 0.0000000000
63605  -4.212  -32.488  35.624 0.0000000000
62496  -5.102  -34.252  34.769 0.0000000000
60183  -4.893  -35.608  35.083 0.0000000000
61338  -5.093  -34.809  34.843 0.0000000000
61348  -5.511  -34.944  34.450 0.0000000000
60202  -5.578  -35.873  33.803 0.0000000000
59078  -5.522  -36.469  32.955 0.0000000000
59085  -5.407  -36.789  32.095 0.0000000000
56108  -7.776  -39.168  26.931 0.0000000000
57138  -7.014  -39.147  27.692 0.0000000000
57166  -7.118  -38.946  26.282 0.0000000000
57165  -6.771  -38.801  26.021 0.0000000000
57164  -6.294  -38.616  25.715 0.0000000000
56150  -5.943  -39.644  24.673 0.0000000000
57163  -5.929  -38.489  25.200 0.0000000000
57185  -5.384  -38.388  24.480 0.0000000000
57202  -5.089  -38.505  23.634 0.0000000000
58935  -10.765  -35.807  47.767 0.0000000000
58932  -10.537  -36.344  47.735 0.0000000000
57937  -10.402  -37.162  47.612 0.0000000000
56898  -10.310  -37.847  47.664 0.0000000000
55756  -10.638  -38.929  47.361 0.0000000000
48509  -11.040  -45.646  44.311 0.0000000000
49536  -11.155  -45.284  44.363 0.0000000000
49544  -10.775  -45.007  43.768 0.0000000000
49549  -9.876  -44.972  42.588 0.0000000000
50587  -10.529  -44.209  43.039 0.0000000000
51686  -10.397  -43.895  42.673 0.0000000000
51690  -9.908  -43.824  42.129 0.0000000000
51696  -10.186  -43.159  41.865 0.0000000000
52762  -10.246  -42.817  41.364 0.0000000000
51695  -9.693  -43.418  41.350 0.0000000000
51701  -8.707  -43.830  40.130 0.0000000000
50604  -7.322  -44.761  40.022 0.0000000000
51706  -7.795  -44.052  38.953 0.0000000000
51718  -6.020  -44.907  36.560 0.0000000000
65952  -38.585  -28.748  32.595 0.0000000000
65910  -37.343  -29.141  33.618 0.0000000000
65894  -38.441  -28.737  34.536 0.0000000000
65911  -38.166  -28.890  33.760 0.0000000000
65934  -38.515  -29.000  33.142 0.0000000000
65935  -39.049  -28.762  33.345 0.0000000000
66995  -39.232  -28.371  33.007 0.0000000000
67949  -39.393  -28.267  33.273 0.0000000000
68926  -39.748  -27.544  34.260 0.0000000000
69987  -39.726  -26.819  35.170 0.0000000000
72322  -39.013  -25.417  35.575 0.0000000000
56984  -32.040  -37.935  38.881 0.0000000000
55916  -31.361  -37.872  37.707 0.0000000000
59026  -33.007  -36.479  38.733 0.0000000000
59034  -32.805  -36.073  38.160 0.0000000000
58030  -32.496  -36.710  37.782 0.0000000000
57009  -32.176  -37.127  37.462 0.0000000000
57037  -30.834  -37.588  35.970 0.0000000000
57058  -30.513  -37.371  34.718 0.0000000000
57082  -30.080  -37.217  33.269 0.0000000000
58100  -30.377  -36.581  33.208 0.0000000000
58108  -30.125  -36.827  32.654 0.0000000000
81377  -51.549  -15.637  14.226 0.0000000000
83461  -50.818  -14.934  13.317 0.0000000000
83480  -52.764  -14.096  14.020 0.0000000000
83462  -53.512  -14.018  14.481 0.0000000000
83449  -53.813  -14.316  14.930 0.0000000000
83463  -53.989  -14.054  14.827 0.0000000000
84621  -55.421  -12.700  15.792 0.0000000000
81238  -47.205  -16.518  25.784 0.0000000000
77989  -44.323  -18.230  25.406 0.0000000000
79182  -44.648  -18.000  25.081 0.0000000000
57053  -23.029  -36.999  33.089 0.0000000000
53808  -21.664  -39.591  31.624 0.0000000000
52815  -21.931  -40.156  30.814 0.0000000000
53816  -21.390  -40.067  31.510 0.0000000000
52813  -20.287  -40.619  31.280 0.0000000000
50773  -18.047  -41.387  30.747 0.0000000000
63653  -9.088  -32.413  31.562 0.0000000000
61393  -8.617  -34.637  30.234 0.0000000000
54848  -5.150  -39.124  34.213 0.0000000000
55950  -5.249  -38.827  33.522 0.0000000000
55951  -5.453  -39.212  33.448 0.0000000000
54886  -5.892  -39.658  32.668 0.0000000000
56004  -6.464  -39.941  31.606 0.0000000000
56005  -7.208  -39.840  31.550 0.0000000000
56070  -7.537  -39.421  28.893 0.0000000000
56008  -10.661  -38.964  30.931 0.0000000000
56055  -10.204  -39.220  29.181 0.0000000000
56073  -10.481  -39.687  28.158 0.0000000000
56072  -9.407  -39.245  28.328 0.0000000000
56088  -8.544  -39.205  27.545 0.0000000000
54970  -7.910  -39.856  25.201 0.0000000000
54985  -7.387  -40.474  24.940 0.0000000000
53918  -7.396  -41.472  25.124 0.0000000000
53917  -6.663  -41.442  24.949 0.0000000000
53757  -13.667  -41.405  45.865 0.0000000000
52745  -13.663  -41.934  45.846 0.0000000000
51677  -14.078  -42.971  45.597 0.0000000000
51671  -13.611  -42.723  45.709 0.0000000000
50573  -13.378  -43.558  45.449 0.0000000000
49534  -12.885  -44.424  45.318 0.0000000000
49538  -12.392  -45.072  45.084 0.0000000000
48525  -13.978  -45.773  43.448 0.0000000000
48520  -13.477  -45.698  44.235 0.0000000000
47451  -12.442  -46.740  43.460 0.0000000000
48519  -12.570  -46.193  44.165 0.0000000000
48511  -11.750  -45.706  44.828 0.0000000000
47447  -10.507  -46.228  43.072 0.0000000000
48523  -9.618  -46.475  42.339 0.0000000000
47453  -9.090  -46.704  42.084 0.0000000000
47452  -8.731  -46.651  41.890 0.0000000000
48527  -7.053  -46.264  40.807 0.0000000000
67984  -38.824  -28.085  30.771 0.0000000000
67990  -38.883  -28.423  29.896 0.0000000000
68985  -38.548  -27.756  29.323 0.0000000000
75704  -37.661  -21.591  29.060 0.0000000000
75705  -38.436  -21.275  29.396 0.0000000000
75706  -39.334  -21.005  29.856 0.0000000000
75694  -39.214  -21.103  30.691 0.0000000000
75707  -39.678  -21.033  30.387 0.0000000000
76826  -39.748  -20.823  29.781 0.0000000000
76827  -40.153  -20.749  30.113 0.0000000000
55856  -24.959  -39.505  38.752 0.0000000000
55871  -24.491  -39.100  38.370 0.0000000000
57005  -24.211  -37.778  36.665 0.0000000000
54793  -30.341  -39.265  39.930 0.0000000000
55859  -30.575  -39.064  39.382 0.0000000000
54808  -30.137  -39.501  39.788 0.0000000000
55857  -29.435  -39.719  39.238 0.0000000000
55874  -28.766  -39.632  38.550 0.0000000000
54831  -28.041  -39.689  38.400 0.0000000000
55931  -29.955  -38.454  36.127 0.0000000000
55912  -28.513  -38.975  36.644 0.0000000000
55893  -27.759  -39.168  37.433 0.0000000000
57022  -26.686  -38.073  34.801 0.0000000000
57021  -26.030  -37.812  34.964 0.0000000000
55926  -25.886  -37.876  35.657 0.0000000000
57020  -25.241  -37.498  35.396 0.0000000000
57033  -24.339  -36.962  34.174 0.0000000000
55962  -23.612  -37.739  31.464 0.0000000000
54876  -23.141  -38.496  30.826 0.0000000000
54877  -23.987  -38.123  30.473 0.0000000000
54890  -23.515  -38.388  30.246 0.0000000000
89202  -52.731  -9.189  11.352 0.0000000000
90269  -52.695  -8.791  10.729 0.0000000000
91268  -54.223  -7.170  9.445 0.0000000000
62464  -4.312  -33.574  36.487 0.0000000000
61319  -4.359  -34.494  35.935 0.0000000000
59043  -4.895  -36.055  35.470 0.0000000000
58038  -4.995  -36.816  35.344 0.0000000000
57010  -4.483  -37.652  35.729 0.0000000000
60138  -4.499  -35.486  37.914 0.0000000000
59021  -4.191  -36.344  38.520 0.0000000000
58017  -4.167  -37.082  38.025 0.0000000000
59028  -4.401  -36.265  37.449 0.0000000000
55917  -4.522  -38.259  35.202 0.0000000000
54839  -4.754  -38.796  34.777 0.0000000000
54849  -5.546  -39.767  34.486 0.0000000000
54859  -6.956  -39.976  34.033 0.0000000000
54841  -5.589  -39.907  35.443 0.0000000000
55953  -8.470  -39.553  33.594 0.0000000000
57072  -10.109  -38.662  33.066 0.0000000000
55902  -9.170  -39.051  36.694 0.0000000000
55920  -8.730  -39.280  35.683 0.0000000000
55937  -9.407  -39.090  34.936 0.0000000000
57073  -11.043  -38.776  32.901 0.0000000000
57074  -11.449  -39.243  32.847 0.0000000000
54874  -11.405  -40.370  32.489 0.0000000000
54852  -11.640  -40.470  34.043 0.0000000000
53815  -11.093  -40.988  32.797 0.0000000000
53827  -10.655  -41.516  32.249 0.0000000000
52810  -8.580  -42.748  31.735 0.0000000000
82340  -52.909  -15.763  21.467 0.0000000000
81227  -47.927  -16.243  26.549 0.0000000000
78069  -45.991  -19.032  19.281 0.0000000000
79213  -46.785  -18.078  20.036 0.0000000000
78086  -46.464  -18.647  18.877 0.0000000000
78098  -46.283  -18.568  18.173 0.0000000000
79236  -46.591  -17.972  17.451 0.0000000000
79228  -47.567  -17.670  18.096 0.0000000000
53766  -14.832  -41.989  44.598 0.0000000000
52755  -15.096  -42.467  44.333 0.0000000000
51684  -15.147  -43.465  43.955 0.0000000000
50588  -15.314  -44.085  43.073 0.0000000000
56942  -14.701  -39.083  42.330 0.0000000000
54742  -15.403  -40.934  43.020 0.0000000000
53775  -15.936  -41.609  42.478 0.0000000000
52759  -15.703  -42.484  42.925 0.0000000000
51688  -15.594  -43.148  42.986 0.0000000000
49556  -14.943  -44.638  42.550 0.0000000000
48567  -13.780  -45.908  39.677 0.0000000000
49580  -14.783  -45.198  40.052 0.0000000000
48568  -14.319  -45.386  39.656 0.0000000000
47518  -12.978  -46.424  38.451 0.0000000000
47527  -12.394  -46.672  37.360 0.0000000000
58078  -22.471  -36.832  33.417 0.0000000000
58057  -22.484  -36.715  34.220 0.0000000000
58056  -21.793  -36.530  34.620 0.0000000000
57075  -20.787  -37.724  32.673 0.0000000000
58076  -21.013  -36.805  33.398 0.0000000000
59047  -20.385  -35.838  35.289 0.0000000000
51764  -18.442  -41.259  32.383 0.0000000000
53805  -18.805  -40.282  32.649 0.0000000000
54861  -18.719  -39.547  33.059 0.0000000000
54854  -18.176  -39.982  33.587 0.0000000000
55939  -18.225  -38.987  33.651 0.0000000000
57048  -18.774  -38.017  33.667 0.0000000000
58053  -18.822  -37.220  34.098 0.0000000000
60172  -18.349  -35.318  36.153 0.0000000000
60162  -18.669  -35.209  36.689 0.0000000000
59044  -17.079  -36.566  35.782 0.0000000000
59023  -15.879  -36.706  38.690 0.0000000000
58019  -16.087  -37.605  38.670 0.0000000000
56980  -16.372  -38.472  38.932 0.0000000000
55868  -16.941  -39.615  38.028 0.0000000000
56981  -16.730  -38.967  38.540 0.0000000000
55852  -16.744  -39.743  39.077 0.0000000000
53785  -16.392  -41.311  39.141 0.0000000000
51710  -15.845  -42.641  39.195 0.0000000000
50654  -15.770  -42.788  36.208 0.0000000000
51728  -15.841  -42.845  36.598 0.0000000000
49624  -15.360  -43.370  36.262 0.0000000000
51722  -15.951  -42.818  37.107 0.0000000000
50621  -15.686  -43.429  38.066 0.0000000000
50620  -15.559  -43.740  38.217 0.0000000000
49610  -14.912  -44.437  38.149 0.0000000000
48590  -14.373  -44.681  38.006 0.0000000000
47529  -13.328  -45.531  37.337 0.0000000000
48600  -13.574  -45.054  37.001 0.0000000000
67941  -5.872  -29.386  33.066 0.0000000000
64788  -4.631  -31.714  34.821 0.0000000000
64802  -5.000  -31.787  34.334 0.0000000000
63632  -5.244  -32.450  34.168 0.0000000000
65918  -5.154  -31.399  34.036 0.0000000000
64815  -5.485  -31.565  32.854 0.0000000000
64816  -5.828  -31.789  32.267 0.0000000000
62511  -7.107  -33.668  32.666 0.0000000000
61379  -8.189  -34.613  31.239 0.0000000000
61406  -7.920  -35.108  29.340 0.0000000000
55949  -5.086  -38.172  33.063 0.0000000000
57095  -4.921  -38.002  31.739 0.0000000000
58114  -5.178  -37.487  31.410 0.0000000000
58115  -5.471  -37.414  30.955 0.0000000000
57124  -6.717  -39.012  28.415 0.0000000000
56085  -6.438  -38.678  28.400 0.0000000000
57123  -6.069  -38.305  28.743 0.0000000000
57122  -5.855  -38.013  28.796 0.0000000000
57115  -5.515  -37.991  29.937 0.0000000000
58116  -5.802  -37.282  30.709 0.0000000000
59095  -6.085  -36.893  30.890 0.0000000000
59104  -6.519  -36.202  30.136 0.0000000000
59114  -6.249  -36.315  28.704 0.0000000000
60227  -6.425  -36.216  29.196 0.0000000000
60228  -6.659  -35.916  29.620 0.0000000000
60229  -7.242  -35.438  29.488 0.0000000000
60241  -7.400  -35.382  28.556 0.0000000000
61422  -7.867  -34.964  28.382 0.0000000000
61438  -7.459  -34.805  27.404 0.0000000000
61456  -6.873  -34.893  26.576 0.0000000000
61469  -6.884  -34.791  25.800 0.0000000000
60297  -6.322  -35.106  25.015 0.0000000000
55779  -7.238  -38.721  44.258 0.0000000000
55764  -12.757  -39.641  46.584 0.0000000000
55759  -12.429  -39.697  46.635 0.0000000000
52738  -12.782  -41.249  46.073 0.0000000000
53750  -12.329  -40.534  46.367 0.0000000000
54708  -11.813  -39.744  46.711 0.0000000000
54707  -11.196  -39.537  46.897 0.0000000000
54706  -10.561  -39.466  46.851 0.0000000000
50577  -11.978  -43.950  44.897 0.0000000000
51680  -12.106  -43.310  45.179 0.0000000000
51673  -11.899  -42.429  45.289 0.0000000000
52748  -11.539  -41.581  45.537 0.0000000000
53760  -11.162  -40.987  45.823 0.0000000000
53753  -10.598  -39.893  46.398 0.0000000000
54713  -9.746  -39.456  46.450 0.0000000000
54712  -9.033  -39.152  46.325 0.0000000000
54718  -9.133  -39.523  45.776 0.0000000000
55768  -8.365  -38.943  45.722 0.0000000000
54717  -8.327  -39.047  45.518 0.0000000000
55774  -7.671  -38.790  45.082 0.0000000000
54728  -7.515  -39.048  44.098 0.0000000000
54749  -8.339  -39.808  42.574 0.0000000000
55820  -9.328  -39.650  41.003 0.0000000000
54765  -10.177  -39.769  41.474 0.0000000000
55835  -9.825  -39.481  40.342 0.0000000000
54797  -10.823  -39.822  39.342 0.0000000000
52766  -10.084  -42.757  40.641 0.0000000000
52770  -10.626  -42.124  40.021 0.0000000000
52774  -9.672  -42.539  38.636 0.0000000000
52775  -10.571  -42.055  38.930 0.0000000000
53790  -10.886  -41.160  38.164 0.0000000000
53795  -10.610  -41.316  36.130 0.0000000000
53799  -10.692  -41.469  35.215 0.0000000000
52794  -10.074  -41.985  34.826 0.0000000000
52793  -9.349  -42.492  34.383 0.0000000000
52800  -8.584  -42.751  32.732 0.0000000000
51793  -7.831  -43.124  31.304 0.0000000000
47474  -6.450  -46.811  40.059 0.0000000000
47473  -5.747  -46.457  40.242 0.0000000000
45321  -3.865  -49.188  38.117 0.0000000000
46424  -4.306  -48.386  38.429 0.0000000000
46405  -4.617  -47.396  38.613 0.0000000000
47507  -5.051  -47.053  38.887 0.0000000000
48550  -5.739  -46.444  39.971 0.0000000000
49578  -5.626  -46.089  38.863 0.0000000000
49594  -5.074  -46.356  38.118 0.0000000000
50617  -5.234  -45.873  37.793 0.0000000000
48599  -3.692  -46.546  36.890 0.0000000000
50631  -4.380  -45.828  37.380 0.0000000000
50632  -4.910  -45.672  37.265 0.0000000000
50650  -4.916  -45.586  36.621 0.0000000000
50651  -5.539  -45.330  36.269 0.0000000000
50673  -5.804  -45.527  35.443 0.0000000000
46496  -3.782  -48.098  34.126 0.0000000000
47571  -4.141  -47.477  33.557 0.0000000000
50726  -5.177  -46.066  34.101 0.0000000000
50695  -5.866  -45.491  34.543 0.0000000000
51759  -6.003  -44.703  33.774 0.0000000000
51773  -6.107  -44.508  33.193 0.0000000000
48652  -5.692  -46.205  32.174 0.0000000000
50765  -6.284  -44.827  32.187 0.0000000000
51812  -6.500  -44.326  32.172 0.0000000000
51813  -6.725  -44.184  31.774 0.0000000000
51814  -7.272  -43.873  31.042 0.0000000000
46614  -8.369  -49.126  27.931 0.0000000000
47543  -13.111  -45.547  36.811 0.0000000000
47584  -4.715  -47.508  33.191 0.0000000000
48510  -11.233  -45.630  44.521 0.0000000000
48513  -13.004  -45.476  44.662 0.0000000000
48514  -9.723  -46.194  42.490 0.0000000000
48521  -8.502  -46.451  41.701 0.0000000000
48522  -9.252  -46.269  42.213 0.0000000000
48530  -14.148  -45.914  42.351 0.0000000000
48536  -6.467  -46.266  39.890 0.0000000000
48552  -14.289  -45.684  40.391 0.0000000000
48566  -5.270  -46.586  38.953 0.0000000000
48575  -4.484  -46.558  38.156 0.0000000000
48576  -4.972  -46.553  38.359 0.0000000000
48617  -4.069  -46.718  35.002 0.0000000000
48628  -4.203  -46.714  34.027 0.0000000000
48664  -5.847  -46.648  31.671 0.0000000000
49532  -12.187  -44.496  45.197 0.0000000000
49552  -6.592  -46.169  40.119 0.0000000000
49557  -5.662  -46.253  40.347 0.0000000000
49558  -6.532  -46.044  39.851 0.0000000000
49561  -15.045  -44.708  41.530 0.0000000000
49581  -15.147  -44.685  39.565 0.0000000000
49582  -15.240  -44.344  39.096 0.0000000000
49609  -4.751  -46.031  37.635 0.0000000000
49621  -3.894  -45.924  37.258 0.0000000000
49632  -3.974  -45.997  36.439 0.0000000000
49662  -14.954  -43.346  34.055 0.0000000000
49673  -5.465  -45.769  33.337 0.0000000000
49679  -15.166  -43.247  33.526 0.0000000000
49688  -4.967  -46.636  33.292 0.0000000000
49690  -5.690  -45.738  32.670 0.0000000000
50569  -13.164  -43.156  45.581 0.0000000000
50583  -15.210  -43.543  43.739 0.0000000000
50589  -15.355  -43.558  43.382 0.0000000000
50596  -6.674  -45.473  39.756 0.0000000000
50607  -5.556  -45.745  38.346 0.0000000000
50633  -5.430  -45.236  36.996 0.0000000000
50649  -4.306  -45.643  36.874 0.0000000000
50653  -15.646  -43.284  36.752 0.0000000000
50672  -5.193  -45.802  35.893 0.0000000000
50694  -5.557  -46.033  35.007 0.0000000000
50711  -5.221  -46.201  34.583 0.0000000000
50712  -5.500  -45.795  34.223 0.0000000000
50713  -5.719  -45.258  33.926 0.0000000000
50744  -5.979  -44.982  32.894 0.0000000000
50751  -18.312  -41.298  30.831 0.0000000000
50774  -18.350  -41.192  30.612 0.0000000000
51669  -12.602  -42.314  45.674 0.0000000000
51672  -13.852  -42.540  45.758 0.0000000000
51682  -15.219  -42.810  44.075 0.0000000000
51715  -8.962  -43.068  38.758 0.0000000000
51716  -15.662  -43.403  38.308 0.0000000000
51724  -6.080  -44.996  35.772 0.0000000000
51732  -6.219  -45.089  34.914 0.0000000000
51733  -6.413  -44.653  35.259 0.0000000000
51736  -16.510  -41.844  34.896 0.0000000000
51744  -5.999  -44.963  34.247 0.0000000000
51745  -6.352  -44.488  34.445 0.0000000000
51761  -7.029  -43.616  33.464 0.0000000000
51790  -6.295  -44.384  32.575 0.0000000000
51791  -6.645  -43.933  32.256 0.0000000000
51816  -8.572  -43.256  29.996 0.0000000000
51903  -6.215  -44.291  25.957 0.0000000000
52746  -13.865  -41.832  45.776 0.0000000000
52765  -16.385  -42.037  40.304 0.0000000000
52777  -16.286  -41.666  37.712 0.0000000000
52781  -16.143  -42.389  37.092 0.0000000000
52782  -16.412  -41.896  36.854 0.0000000000
52791  -17.506  -41.307  34.275 0.0000000000
52805  -20.940  -40.295  31.601 0.0000000000
52827  -21.957  -40.350  30.428 0.0000000000
52846  -9.363  -43.051  28.996 0.0000000000
52863  -9.205  -43.186  28.270 0.0000000000
52879  -8.674  -43.579  27.224 0.0000000000
52897  -6.658  -43.538  26.040 0.0000000000
53747  -10.749  -39.748  46.614 0.0000000000
53752  -13.221  -40.893  46.117 0.0000000000
53756  -13.440  -41.156  45.992 0.0000000000
53761  -13.997  -41.558  45.670 0.0000000000
53762  -9.773  -40.077  45.565 0.0000000000
53764  -10.801  -41.057  45.087 0.0000000000
53769  -14.786  -41.461  44.529 0.0000000000
53777  -11.209  -41.059  41.940 0.0000000000
53786  -16.430  -41.232  38.400 0.0000000000
53788  -11.181  -40.443  39.503 0.0000000000
53817  -22.094  -39.775  31.173 0.0000000000
53885  -10.076  -41.356  26.685 0.0000000000
53900  -9.132  -41.359  25.740 0.0000000000
53919  -7.894  -41.523  25.201 0.0000000000
54709  -12.393  -40.027  46.556 0.0000000000
54714  -13.124  -40.251  46.406 0.0000000000
54719  -9.674  -39.758  46.026 0.0000000000
54735  -6.462  -39.015  42.808 0.0000000000
54741  -15.002  -40.609  43.369 0.0000000000
54761  -6.743  -39.762  41.307 0.0000000000
54768  -16.567  -41.081  40.281 0.0000000000
54775  -30.057  -39.157  40.372 0.0000000000
54776  -30.473  -38.969  40.083 0.0000000000
54778  -5.715  -39.334  39.977 0.0000000000
54779  -6.856  -39.966  40.838 0.0000000000
54781  -7.640  -39.988  41.245 0.0000000000
54798  -11.131  -40.059  39.928 0.0000000000
54815  -16.754  -40.711  37.652 0.0000000000
54820  -28.819  -39.889  39.211 0.0000000000
54828  -16.953  -40.472  36.770 0.0000000000
54830  -27.658  -39.547  38.124 0.0000000000
54836  -11.029  -40.629  36.688 0.0000000000
54842  -6.532  -40.106  35.746 0.0000000000
54846  -17.733  -40.529  34.263 0.0000000000
54847  -4.969  -38.699  34.342 0.0000000000
54851  -7.071  -40.040  34.969 0.0000000000
54856  -5.357  -39.176  33.707 0.0000000000
54871  -5.797  -39.597  33.073 0.0000000000
54887  -6.291  -39.868  32.399 0.0000000000
54892  -24.817  -38.132  29.900 0.0000000000
54914  -10.994  -40.964  29.012 0.0000000000
54927  -10.942  -39.917  28.696 0.0000000000
54960  -9.704  -40.570  26.174 0.0000000000
54961  -10.150  -40.773  26.689 0.0000000000
55752  -9.945  -38.298  47.545 0.0000000000
55763  -12.204  -39.253  46.759 0.0000000000
55788  -7.547  -39.459  43.398 0.0000000000
55789  -7.795  -39.539  43.398 0.0000000000
55800  -6.198  -39.074  41.931 0.0000000000
55801  -7.653  -39.533  43.192 0.0000000000
55818  -8.239  -39.957  41.093 0.0000000000
55819  -8.612  -39.857  41.059 0.0000000000
55829  -5.452  -38.761  40.382 0.0000000000
55858  -29.773  -39.545  39.285 0.0000000000
55862  -6.229  -39.642  39.219 0.0000000000
55886  -11.228  -39.854  36.938 0.0000000000
55903  -9.691  -38.928  36.339 0.0000000000
55905  -11.238  -39.699  36.474 0.0000000000
55922  -11.118  -39.097  35.683 0.0000000000
55934  -5.070  -38.705  34.092 0.0000000000
55940  -18.542  -39.410  33.271 0.0000000000
55956  -18.866  -38.527  33.336 0.0000000000
55957  -19.119  -38.921  32.964 0.0000000000
55979  -8.278  -39.604  32.625 0.0000000000
55981  -11.505  -39.655  32.264 0.0000000000
55982  -21.239  -38.292  32.302 0.0000000000
56049  -5.563  -38.539  30.237 0.0000000000
56074  -10.774  -39.723  28.605 0.0000000000
56084  -6.217  -38.524  28.764 0.0000000000
56128  -5.807  -39.280  24.818 0.0000000000
56133  -8.885  -40.103  25.568 0.0000000000
56908  -8.863  -38.294  47.085 0.0000000000
56914  -12.416  -38.557  46.559 0.0000000000
56974  -16.587  -39.061  39.198 0.0000000000
56987  -9.679  -38.896  37.371 0.0000000000
56997  -4.002  -37.719  36.653 0.0000000000
57011  -10.111  -38.921  36.080 0.0000000000
57013  -11.149  -38.938  35.279 0.0000000000
57047  -11.424  -39.137  33.631 0.0000000000
57051  -20.658  -38.435  32.460 0.0000000000
57057  -27.181  -38.051  33.366 0.0000000000
57076  -21.101  -37.983  32.423 0.0000000000
57077  -21.664  -37.735  32.351 0.0000000000
57139  -7.399  -39.182  27.321 0.0000000000
57150  -7.256  -39.056  26.779 0.0000000000
57184  -5.827  -37.883  24.964 0.0000000000
58000  -4.704  -37.171  39.600 0.0000000000
58009  -4.626  -37.213  39.468 0.0000000000
58023  -32.586  -36.862  38.429 0.0000000000
58039  -5.060  -36.323  35.134 0.0000000000
58041  -17.910  -37.221  34.659 0.0000000000
58044  -31.717  -36.610  36.132 0.0000000000
58054  -19.765  -36.768  33.975 0.0000000000
58058  -22.846  -36.749  33.853 0.0000000000
58059  -24.884  -37.096  33.335 0.0000000000
58073  -18.980  -37.624  33.821 0.0000000000
58080  -25.129  -37.260  32.868 0.0000000000
58095  -21.148  -37.304  32.794 0.0000000000
58096  -21.573  -37.347  32.611 0.0000000000
58097  -24.782  -37.219  32.427 0.0000000000
58099  -30.146  -36.834  33.050 0.0000000000
58124  -6.118  -37.132  30.157 0.0000000000
58164  -5.431  -37.815  24.568 0.0000000000
58173  -5.221  -37.698  24.055 0.0000000000
58999  -4.682  -36.963  39.687 0.0000000000
59011  -4.437  -36.553  39.417 0.0000000000
59022  -15.617  -36.739  39.222 0.0000000000
59029  -4.651  -35.924  36.761 0.0000000000
59031  -16.380  -36.757  37.299 0.0000000000
59042  -4.793  -36.483  35.954 0.0000000000
59059  -5.081  -36.050  34.935 0.0000000000
59093  -5.255  -37.145  31.582 0.0000000000
59096  -6.419  -36.371  30.707 0.0000000000
59150  -5.722  -35.931  24.803 0.0000000000
59158  -5.179  -37.193  24.022 0.0000000000
60151  -4.590  -35.453  36.474 0.0000000000
60159  -4.518  -35.363  35.811 0.0000000000
60170  -17.420  -36.002  35.730 0.0000000000
60184  -4.976  -35.739  35.069 0.0000000000
60194  -5.969  -35.146  33.752 0.0000000000
60239  -6.526  -36.038  28.849 0.0000000000
60252  -6.436  -35.959  28.134 0.0000000000
60280  -5.334  -36.052  25.918 0.0000000000
61318  -33.305  -34.396  37.662 0.0000000000
61329  -33.221  -34.124  36.694 0.0000000000
61360  -5.696  -35.430  33.976 0.0000000000
62449  -34.184  -33.115  38.649 0.0000000000
62475  -4.420  -32.769  35.334 0.0000000000
64764  -33.117  -31.904  36.615 0.0000000000
65895  -38.846  -28.691  34.521 0.0000000000
66897  -37.728  -28.187  38.722 0.0000000000
66898  -38.170  -28.013  38.431 0.0000000000
66930  -34.418  -29.226  35.889 0.0000000000
66936  -39.398  -28.171  36.041 0.0000000000
66975  -39.335  -28.535  34.367 0.0000000000
67011  -39.041  -28.515  32.902 0.0000000000
67012  -39.030  -28.253  32.468 0.0000000000
67023  -38.794  -28.137  31.729 0.0000000000
67029  -38.737  -28.100  31.203 0.0000000000
67905  -38.396  -28.152  37.695 0.0000000000
67907  -39.299  -27.493  37.545 0.0000000000
67913  -38.928  -28.081  36.824 0.0000000000
67975  -39.046  -28.066  32.035 0.0000000000
68889  -39.645  -27.034  37.786 0.0000000000
68927  -39.551  -27.924  33.542 0.0000000000
68953  -38.967  -27.029  31.819 0.0000000000
68969  -39.033  -27.964  31.716 0.0000000000
69999  -38.864  -26.184  33.497 0.0000000000
70012  -39.215  -26.900  32.941 0.0000000000
72368  -37.805  -25.063  32.852 0.0000000000
76779  -39.459  -20.438  34.127 0.0000000000
76912  -44.808  -18.435  22.703 0.0000000000
77972  -44.367  -18.284  25.924 0.0000000000
78033  -44.198  -18.386  22.942 0.0000000000
78054  -46.398  -18.451  20.115 0.0000000000
78085  -45.969  -18.895  18.615 0.0000000000
79149  -42.935  -18.142  27.046 0.0000000000
81280  -51.003  -15.897  20.954 0.0000000000
81297  -53.160  -16.007  20.102 0.0000000000
81357  -52.370  -15.376  15.302 0.0000000000
82280  -47.867  -16.298  25.751 0.0000000000
82355  -50.706  -15.856  20.946 0.0000000000
82366  -54.361  -16.071  20.117 0.0000000000
82422  -53.392  -14.478  14.798 0.0000000000
