#!ascii label  , from subject sub-01 vox2ras=TkReg
1212
46464  -11.292  -46.771  36.656 0.0000000000
63679  -33.645  -31.296  27.639 0.0000000000
71295  -34.719  -26.284  24.399 0.0000000000
56101  -28.276  -38.001  28.068 0.0000000000
78117  -40.465  -19.512  14.901 0.0000000000
75895  -36.540  -20.928  18.756 0.0000000000
66992  -35.288  -29.311  33.568 0.0000000000
62524  -29.087  -32.833  30.996 0.0000000000
79236  -46.591  -17.972  17.451 0.0000000000
81374  -49.080  -16.331  13.640 0.0000000000
83496  -51.183  -14.042  12.381 0.0000000000
74658  -36.552  -22.084  27.258 0.0000000000
73674  -32.694  -23.231  21.273 0.0000000000
76899  -39.109  -20.121  24.741 0.0000000000
78030  -41.992  -18.673  22.073 0.0000000000
54931  -20.555  -40.042  28.221 0.0000000000
46371  -9.419  -47.854  40.894 0.0000000000
66075  -36.638  -30.042  25.131 0.0000000000
71218  -36.455  -25.414  29.974 0.0000000000
57169  -22.571  -38.064  25.018 0.0000000000
58176  -27.256  -37.387  23.690 0.0000000000
84681  -48.949  -13.281  8.081 0.0000000000
88145  -52.255  -9.600  11.496 0.0000000000
74825  -39.409  -20.948  16.623 0.0000000000
75880  -44.829  -20.236  19.695 0.0000000000
48629  -12.995  -45.820  33.016 0.0000000000
43236  -4.386  -51.511  37.856 0.0000000000
80300  -47.664  -17.443  16.005 0.0000000000
75756  -37.707  -21.133  26.488 0.0000000000
53879  -18.201  -41.492  27.399 0.0000000000
46412  -10.749  -47.932  38.888 0.0000000000
64955  -34.523  -32.009  23.738 0.0000000000
63710  -35.673  -31.947  26.602 0.0000000000
56138  -25.686  -38.091  26.054 0.0000000000
57207  -24.689  -38.089  23.509 0.0000000000
57175  -27.824  -37.610  26.389 0.0000000000
65976  -31.385  -29.967  30.491 0.0000000000
64894  -27.902  -31.504  27.631 0.0000000000
66034  -29.694  -30.259  26.117 0.0000000000
56058  -27.160  -38.581  29.412 0.0000000000
54952  -24.819  -38.080  28.007 0.0000000000
82430  -44.366  -15.727  11.751 0.0000000000
84679  -47.712  -13.494  8.995 0.0000000000
87033  -51.797  -11.353  12.078 0.0000000000
75868  -34.487  -21.437  20.389 0.0000000000
75914  -37.850  -21.062  17.595 0.0000000000
75826  -43.079  -19.547  20.663 0.0000000000
51819  -16.006  -42.221  30.469 0.0000000000
50747  -15.265  -43.264  31.964 0.0000000000
49661  -14.420  -43.942  34.311 0.0000000000
49691  -13.242  -45.431  30.760 0.0000000000
43246  -5.333  -51.016  36.912 0.0000000000
64851  -34.271  -29.467  30.433 0.0000000000
64854  -36.705  -30.272  30.076 0.0000000000
65932  -36.988  -29.563  32.799 0.0000000000
59088  -30.307  -36.091  32.082 0.0000000000
60242  -29.383  -35.664  29.476 0.0000000000
62514  -30.176  -33.531  33.434 0.0000000000
65944  -32.110  -29.522  32.573 0.0000000000
78121  -43.133  -18.695  16.379 0.0000000000
80312  -44.537  -17.390  14.659 0.0000000000
81371  -45.891  -16.383  13.431 0.0000000000
83473  -46.911  -14.314  12.391 0.0000000000
84652  -48.579  -13.478  11.931 0.0000000000
83460  -50.283  -14.814  13.185 0.0000000000
72449  -34.383  -24.093  26.392 0.0000000000
72502  -33.355  -24.792  23.334 0.0000000000
74699  -34.746  -21.777  24.817 0.0000000000
75807  -35.880  -21.119  23.069 0.0000000000
75822  -37.802  -20.292  21.531 0.0000000000
75844  -38.958  -20.161  20.256 0.0000000000
78001  -40.636  -18.894  23.504 0.0000000000
51846  -19.369  -40.462  29.587 0.0000000000
52848  -16.558  -42.332  28.770 0.0000000000
89230  -52.048  -9.173  6.082 0.0000000000
46368  -7.366  -47.195  40.758 0.0000000000
64999  -35.736  -31.105  22.189 0.0000000000
69040  -35.847  -28.168  24.996 0.0000000000
66024  -38.899  -29.610  27.847 0.0000000000
70075  -37.435  -27.452  27.289 0.0000000000
71267  -35.760  -26.308  26.824 0.0000000000
72405  -35.577  -23.916  29.202 0.0000000000
61474  -27.914  -35.175  27.014 0.0000000000
54916  -23.301  -38.248  29.644 0.0000000000
56114  -21.478  -38.268  26.721 0.0000000000
87040  -48.796  -11.780  10.237 0.0000000000
88159  -49.545  -10.673  9.139 0.0000000000
89228  -50.575  -9.659  7.360 0.0000000000
90274  -52.616  -8.497  10.011 0.0000000000
46511  -10.538  -47.990  33.496 0.0000000000
46461  -9.099  -47.519  36.056 0.0000000000
75933  -40.295  -20.230  16.533 0.0000000000
75846  -40.980  -19.778  19.787 0.0000000000
74787  -41.316  -19.718  18.874 0.0000000000
75936  -42.831  -19.542  17.955 0.0000000000
78085  -45.969  -18.895  18.615 0.0000000000
47564  -12.160  -46.146  34.945 0.0000000000
46441  -7.401  -48.179  37.299 0.0000000000
46425  -6.081  -48.032  38.693 0.0000000000
46424  -4.306  -48.386  38.429 0.0000000000
46430  -10.959  -47.468  38.104 0.0000000000
64910  -33.142  -31.482  26.233 0.0000000000
64925  -33.582  -31.709  25.585 0.0000000000
63695  -34.348  -31.544  27.030 0.0000000000
56120  -26.994  -38.464  26.941 0.0000000000
56140  -27.306  -38.267  26.332 0.0000000000
56122  -28.255  -37.713  27.316 0.0000000000
64864  -32.249  -30.275  29.129 0.0000000000
66008  -31.046  -30.079  28.403 0.0000000000
64897  -31.547  -30.833  27.527 0.0000000000
64922  -30.825  -30.807  24.715 0.0000000000
56060  -28.685  -37.719  29.761 0.0000000000
56037  -28.652  -38.197  30.563 0.0000000000
56076  -28.106  -37.987  28.846 0.0000000000
54955  -26.837  -38.698  27.917 0.0000000000
83517  -46.503  -14.204  9.707 0.0000000000
69048  -35.119  -27.990  23.280 0.0000000000
70125  -34.113  -27.032  22.608 0.0000000000
75894  -35.532  -21.259  19.052 0.0000000000
74805  -34.762  -22.018  17.499 0.0000000000
75913  -36.799  -21.152  17.735 0.0000000000
51840  -14.314  -43.497  29.644 0.0000000000
50770  -15.624  -42.720  31.231 0.0000000000
50768  -14.077  -43.855  30.973 0.0000000000
49692  -13.838  -44.494  31.471 0.0000000000
49708  -13.340  -45.621  29.571 0.0000000000
65963  -34.861  -29.489  31.951 0.0000000000
65948  -35.989  -30.021  32.239 0.0000000000
66993  -35.973  -29.618  33.429 0.0000000000
60207  -30.865  -35.029  33.698 0.0000000000
60215  -30.358  -35.229  32.471 0.0000000000
61352  -31.060  -34.151  34.278 0.0000000000
65907  -32.936  -29.651  35.016 0.0000000000
64809  -31.827  -30.880  34.339 0.0000000000
65928  -33.409  -29.333  33.847 0.0000000000
65961  -33.157  -29.226  31.609 0.0000000000
78123  -44.885  -18.088  16.964 0.0000000000
79247  -43.746  -18.086  15.911 0.0000000000
79249  -45.813  -17.858  16.549 0.0000000000
81352  -48.643  -16.928  14.230 0.0000000000
81350  -46.438  -17.143  14.016 0.0000000000
81372  -47.021  -16.391  13.580 0.0000000000
82414  -46.556  -15.691  13.040 0.0000000000
82416  -48.599  -15.778  13.134 0.0000000000
82435  -48.964  -15.097  12.941 0.0000000000
82417  -49.569  -15.476  13.331 0.0000000000
74657  -35.526  -22.583  27.286 0.0000000000
73628  -33.984  -23.041  25.657 0.0000000000
74677  -36.070  -22.212  26.527 0.0000000000
75773  -38.242  -20.640  25.480 0.0000000000
75784  -36.671  -21.260  24.874 0.0000000000
75797  -37.467  -20.399  23.552 0.0000000000
75808  -36.753  -20.621  22.804 0.0000000000
75798  -38.127  -20.181  23.217 0.0000000000
75810  -38.392  -20.140  22.361 0.0000000000
76900  -39.784  -19.392  24.117 0.0000000000
53854  -21.890  -40.281  29.067 0.0000000000
52826  -21.339  -40.590  30.191 0.0000000000
52869  -20.505  -40.207  28.824 0.0000000000
53865  -17.695  -41.710  28.138 0.0000000000
90283  -52.417  -8.162  7.724 0.0000000000
90284  -53.160  -7.779  7.214 0.0000000000
46370  -8.622  -47.786  41.051 0.0000000000
64957  -36.095  -31.568  24.271 0.0000000000
64978  -35.106  -31.462  22.846 0.0000000000
66093  -36.649  -30.188  24.174 0.0000000000
67119  -36.056  -29.311  23.086 0.0000000000
67096  -36.388  -29.113  24.955 0.0000000000
65965  -37.868  -29.615  30.804 0.0000000000
64871  -38.154  -30.423  29.070 0.0000000000
67037  -38.718  -28.894  29.661 0.0000000000
70037  -37.844  -26.804  30.218 0.0000000000
70059  -38.082  -27.541  28.674 0.0000000000
71240  -37.188  -26.799  28.411 0.0000000000
70074  -36.990  -27.141  26.871 0.0000000000
71239  -36.422  -26.231  28.747 0.0000000000
71255  -35.370  -25.088  28.169 0.0000000000
71217  -35.965  -25.103  29.585 0.0000000000
57209  -26.720  -38.080  23.350 0.0000000000
61395  -29.454  -34.198  30.523 0.0000000000
61443  -28.875  -35.180  28.466 0.0000000000
62554  -28.208  -33.806  29.067 0.0000000000
63705  -27.492  -32.508  26.445 0.0000000000
54902  -24.984  -38.134  29.589 0.0000000000
57153  -23.170  -38.102  25.963 0.0000000000
56095  -23.161  -37.894  27.478 0.0000000000
57152  -22.014  -38.042  25.857 0.0000000000
56153  -20.589  -39.684  24.837 0.0000000000
84653  -49.799  -13.049  12.112 0.0000000000
84668  -49.055  -12.632  11.275 0.0000000000
84669  -49.721  -12.365  11.414 0.0000000000
87044  -51.488  -10.608  11.601 0.0000000000
87043  -51.016  -10.843  11.415 0.0000000000
89206  -50.747  -9.612  10.366 0.0000000000
88160  -50.022  -10.088  8.760 0.0000000000
89207  -51.277  -9.122  9.957 0.0000000000
89208  -51.960  -8.866  9.424 0.0000000000
89201  -52.100  -9.231  10.667 0.0000000000
73666  -32.986  -23.240  22.641 0.0000000000
71324  -32.764  -25.589  21.241 0.0000000000
75961  -39.654  -21.223  14.647 0.0000000000
75932  -39.662  -20.552  16.237 0.0000000000
78028  -40.939  -19.141  21.594 0.0000000000
76972  -39.914  -20.004  19.477 0.0000000000
76956  -41.301  -19.533  20.379 0.0000000000
75850  -44.042  -20.239  20.456 0.0000000000
75877  -42.468  -19.653  19.778 0.0000000000
74765  -43.262  -20.420  19.646 0.0000000000
74811  -42.155  -19.523  18.693 0.0000000000
75902  -44.070  -20.386  18.901 0.0000000000
75938  -44.113  -19.336  18.072 0.0000000000
75903  -44.948  -19.897  19.069 0.0000000000
48643  -13.789  -44.938  33.429 0.0000000000
48630  -13.260  -45.403  33.825 0.0000000000
47565  -12.564  -45.652  35.257 0.0000000000
47575  -12.472  -46.234  33.828 0.0000000000
47574  -11.810  -47.022  33.303 0.0000000000
47587  -11.732  -47.268  32.191 0.0000000000
45350  -7.593  -48.833  35.313 0.0000000000
46442  -8.091  -47.827  36.935 0.0000000000
45349  -6.898  -49.364  35.822 0.0000000000
43237  -4.857  -51.352  37.785 0.0000000000
45335  -5.471  -49.178  37.239 0.0000000000
44255  -4.735  -50.133  37.724 0.0000000000
45311  -5.442  -48.162  38.488 0.0000000000
45322  -4.735  -48.764  38.195 0.0000000000
62488  -31.925  -33.272  35.426 0.0000000000
79237  -47.718  -17.583  17.413 0.0000000000
79250  -46.846  -17.647  16.553 0.0000000000
80288  -48.485  -17.528  16.874 0.0000000000
75735  -37.210  -21.686  27.160 0.0000000000
56112  -19.716  -39.567  26.979 0.0000000000
54929  -18.907  -40.423  28.078 0.0000000000
46373  -11.063  -47.667  40.386 0.0000000000
46391  -10.473  -47.944  39.772 0.0000000000
64954  -33.517  -31.725  23.437 0.0000000000
63731  -35.396  -32.159  24.982 0.0000000000
64926  -36.561  -31.155  26.084 0.0000000000
72380  -37.207  -24.587  31.627 0.0000000000
57170  -23.705  -38.145  25.252 0.0000000000
57189  -24.252  -38.096  24.477 0.0000000000
57190  -25.491  -38.291  24.689 0.0000000000
57191  -26.525  -38.446  24.407 0.0000000000
58166  -27.665  -37.184  25.009 0.0000000000
64849  -29.788  -30.427  30.816 0.0000000000
63667  -28.381  -32.184  29.063 0.0000000000
65991  -29.418  -30.426  28.991 0.0000000000
66020  -28.762  -30.261  27.403 0.0000000000
66056  -29.984  -30.489  24.106 0.0000000000
56035  -26.823  -38.180  30.072 0.0000000000
54918  -25.069  -38.205  29.102 0.0000000000
54937  -26.113  -38.486  28.462 0.0000000000
56117  -24.742  -37.992  26.686 0.0000000000
82411  -43.824  -15.889  12.250 0.0000000000
84680  -48.223  -13.397  8.560 0.0000000000
84656  -51.954  -13.837  12.771 0.0000000000
85871  -51.222  -12.305  12.059 0.0000000000
74739  -33.139  -21.996  20.724 0.0000000000
74837  -37.704  -21.720  15.869 0.0000000000
74806  -39.044  -21.216  17.269 0.0000000000
78018  -43.099  -18.367  23.332 0.0000000000
76939  -42.752  -19.179  21.267 0.0000000000
76925  -43.895  -18.651  22.152 0.0000000000
50772  -17.282  -41.656  31.000 0.0000000000
50749  -16.981  -42.239  31.656 0.0000000000
50697  -16.061  -42.301  34.356 0.0000000000
49678  -14.873  -43.590  33.378 0.0000000000
49676  -13.837  -44.940  32.171 0.0000000000
48641  -13.124  -45.811  31.894 0.0000000000
47599  -12.266  -47.081  31.235 0.0000000000
47616  -12.564  -47.237  29.998 0.0000000000
64866  -34.701  -30.227  29.192 0.0000000000
63669  -35.405  -30.940  28.677 0.0000000000
64852  -35.370  -29.767  30.194 0.0000000000
64823  -36.717  -29.879  31.445 0.0000000000
57116  -29.174  -36.696  29.918 0.0000000000
57141  -28.516  -36.682  28.608 0.0000000000
59105  -29.885  -36.091  30.127 0.0000000000
61396  -29.684  -34.519  30.896 0.0000000000
63656  -29.624  -33.071  32.144 0.0000000000
63633  -31.392  -32.032  34.513 0.0000000000
63645  -30.431  -32.311  33.559 0.0000000000
64817  -29.890  -31.226  32.455 0.0000000000
65959  -31.321  -29.680  31.576 0.0000000000
65995  -32.752  -29.835  30.153 0.0000000000
57100  -29.858  -36.631  31.576 0.0000000000
78120  -42.257  -18.885  16.090 0.0000000000
79256  -41.178  -18.526  14.788 0.0000000000
79246  -42.665  -18.242  15.633 0.0000000000
80311  -43.251  -17.254  14.640 0.0000000000
80326  -43.860  -16.756  13.901 0.0000000000
79261  -46.140  -17.915  15.469 0.0000000000
81349  -45.301  -16.981  13.999 0.0000000000
81370  -44.678  -16.194  13.520 0.0000000000
82413  -45.446  -15.528  12.993 0.0000000000
82431  -45.169  -14.947  12.145 0.0000000000
83491  -45.883  -13.811  11.491 0.0000000000
84650  -46.441  -13.448  11.173 0.0000000000
83493  -47.606  -13.854  12.091 0.0000000000
84631  -48.921  -13.866  12.199 0.0000000000
83477  -50.944  -14.527  12.980 0.0000000000
81376  -50.840  -15.906  14.014 0.0000000000
82437  -51.887  -14.605  13.206 0.0000000000
72473  -34.470  -25.437  25.049 0.0000000000
71294  -34.255  -25.771  23.901 0.0000000000
72472  -33.926  -24.805  25.097 0.0000000000
73655  -33.353  -23.515  23.661 0.0000000000
74709  -33.492  -22.593  23.250 0.0000000000
75783  -36.161  -21.694  25.184 0.0000000000
75794  -35.242  -21.413  23.801 0.0000000000
74731  -34.344  -21.661  22.732 0.0000000000
75840  -35.165  -21.182  21.166 0.0000000000
75841  -36.075  -20.579  20.927 0.0000000000
75870  -36.319  -20.725  19.839 0.0000000000
75871  -37.348  -20.444  19.581 0.0000000000
75823  -38.619  -20.007  21.304 0.0000000000
76921  -40.100  -19.200  21.828 0.0000000000
78016  -41.429  -18.747  22.817 0.0000000000
78002  -41.521  -18.649  23.924 0.0000000000
78017  -42.214  -18.546  23.108 0.0000000000
51796  -19.579  -40.702  30.726 0.0000000000
53853  -18.565  -40.891  28.701 0.0000000000
52850  -18.218  -41.229  29.072 0.0000000000
51821  -17.820  -41.358  30.347 0.0000000000
51843  -16.631  -41.933  29.625 0.0000000000
68062  -35.724  -28.580  23.454 0.0000000000
71296  -35.249  -27.016  24.849 0.0000000000
63682  -35.955  -31.250  28.140 0.0000000000
64913  -37.556  -30.802  26.943 0.0000000000
66047  -37.631  -29.564  26.607 0.0000000000
68013  -38.229  -28.653  27.450 0.0000000000
68027  -37.261  -28.230  26.243 0.0000000000
70100  -36.832  -27.540  25.971 0.0000000000
71277  -36.288  -26.976  25.816 0.0000000000
71285  -35.588  -26.725  25.336 0.0000000000
71275  -35.170  -25.682  26.258 0.0000000000
72443  -35.034  -24.428  27.672 0.0000000000
73575  -35.933  -22.608  28.857 0.0000000000
73541  -36.579  -23.393  30.967 0.0000000000
74606  -36.405  -22.678  30.088 0.0000000000
58159  -28.638  -36.784  26.953 0.0000000000
59143  -28.102  -36.329  26.579 0.0000000000
59152  -27.506  -36.297  25.101 0.0000000000
63693  -28.225  -32.946  27.610 0.0000000000
62583  -27.206  -34.283  26.336 0.0000000000
53839  -22.803  -39.096  29.811 0.0000000000
54933  -21.979  -38.988  28.634 0.0000000000
54935  -24.395  -38.057  28.693 0.0000000000
54950  -22.417  -38.035  28.225 0.0000000000
56092  -20.297  -39.332  27.379 0.0000000000
56134  -19.841  -39.647  26.308 0.0000000000
84666  -46.996  -13.091  10.555 0.0000000000
85890  -47.806  -12.833  9.218 0.0000000000
87058  -48.593  -11.666  9.235 0.0000000000
87031  -50.391  -11.627  11.429 0.0000000000
87051  -49.123  -11.058  9.786 0.0000000000
87059  -49.072  -11.465  8.567 0.0000000000
87064  -49.377  -11.501  7.509 0.0000000000
87071  -49.781  -11.378  6.710 0.0000000000
88176  -51.016  -10.685  5.958 0.0000000000
89229  -51.175  -9.621  6.580 0.0000000000
89214  -51.867  -8.741  8.284 0.0000000000
46484  -10.544  -47.224  35.653 0.0000000000
46462  -10.046  -47.311  36.342 0.0000000000
46482  -8.937  -47.850  34.879 0.0000000000
71325  -33.494  -26.345  21.941 0.0000000000
75951  -40.412  -19.967  15.885 0.0000000000
75897  -38.642  -21.058  18.535 0.0000000000
75898  -39.603  -21.065  18.446 0.0000000000
74785  -40.372  -20.865  18.277 0.0000000000
75847  -41.810  -19.484  20.183 0.0000000000
74762  -41.348  -19.669  19.230 0.0000000000
74809  -41.156  -20.250  17.793 0.0000000000
74827  -41.026  -20.298  17.478 0.0000000000
75934  -41.203  -20.123  16.922 0.0000000000
75953  -41.890  -19.599  16.812 0.0000000000
77005  -43.442  -19.239  17.543 0.0000000000
77007  -44.753  -18.790  17.956 0.0000000000
78109  -45.969  -18.452  17.799 0.0000000000
47528  -13.012  -46.098  37.595 0.0000000000
47543  -13.111  -45.547  36.811 0.0000000000
47552  -11.455  -46.489  35.702 0.0000000000
47562  -11.115  -47.348  33.748 0.0000000000
46519  -10.590  -48.378  32.372 0.0000000000
46443  -9.448  -47.485  37.230 0.0000000000
46428  -9.024  -47.992  38.132 0.0000000000
46410  -8.745  -47.888  39.156 0.0000000000
45336  -6.197  -48.710  36.945 0.0000000000
45324  -6.430  -48.501  37.703 0.0000000000
46409  -7.723  -47.760  39.305 0.0000000000
46408  -6.933  -47.756  39.333 0.0000000000
46386  -6.061  -47.291  39.607 0.0000000000
43245  -3.830  -51.298  37.557 0.0000000000
45321  -3.865  -49.188  38.117 0.0000000000
46446  -11.830  -46.993  37.294 0.0000000000
46445  -11.166  -47.101  37.361 0.0000000000
64898  -32.757  -31.406  27.195 0.0000000000
63694  -33.592  -31.475  26.768 0.0000000000
56121  -27.689  -38.125  27.190 0.0000000000
64880  -32.744  -30.812  28.341 0.0000000000
64909  -32.097  -31.333  26.293 0.0000000000
56077  -28.396  -37.324  29.026 0.0000000000
56100  -27.493  -38.558  27.935 0.0000000000
83508  -46.232  -13.913  10.122 0.0000000000
70117  -34.877  -27.271  24.178 0.0000000000
70126  -34.728  -27.615  23.186 0.0000000000
71308  -34.416  -26.894  23.599 0.0000000000
75911  -34.664  -21.744  18.357 0.0000000000
75912  -35.655  -21.501  17.864 0.0000000000
50785  -14.012  -43.845  29.697 0.0000000000
50786  -14.326  -43.460  30.455 0.0000000000
49709  -13.579  -44.654  30.222 0.0000000000
67009  -34.748  -29.280  33.298 0.0000000000
65930  -35.715  -29.720  32.850 0.0000000000
60196  -31.366  -34.842  34.499 0.0000000000
66991  -34.316  -29.204  33.992 0.0000000000
65929  -34.277  -29.186  33.436 0.0000000000
65946  -34.502  -29.208  32.693 0.0000000000
59072  -31.347  -35.696  34.395 0.0000000000
79235  -45.906  -17.976  17.209 0.0000000000
81373  -48.088  -16.398  13.624 0.0000000000
82415  -47.614  -15.790  13.074 0.0000000000
74676  -35.070  -22.404  26.480 0.0000000000
75785  -37.459  -20.761  24.605 0.0000000000
75786  -38.250  -20.338  24.182 0.0000000000
76909  -39.021  -20.058  23.381 0.0000000000
53869  -20.931  -40.204  28.596 0.0000000000
52870  -21.112  -40.329  28.866 0.0000000000
53868  -20.141  -40.137  28.633 0.0000000000
90280  -53.095  -7.627  8.267 0.0000000000
46372  -10.232  -47.719  40.608 0.0000000000
46359  -9.476  -47.453  41.541 0.0000000000
64958  -36.700  -30.781  24.672 0.0000000000
64980  -36.434  -30.904  23.656 0.0000000000
66074  -36.688  -30.361  24.618 0.0000000000
66094  -36.489  -29.611  24.542 0.0000000000
65981  -38.333  -29.134  30.235 0.0000000000
67028  -38.600  -28.481  30.875 0.0000000000
71204  -37.418  -26.026  30.692 0.0000000000
71219  -37.186  -26.457  29.532 0.0000000000
57186  -21.606  -39.092  24.362 0.0000000000
57187  -22.141  -38.735  24.106 0.0000000000
62535  -29.298  -33.785  30.702 0.0000000000
61409  -28.929  -34.011  29.685 0.0000000000
62534  -28.941  -33.160  30.317 0.0000000000
57168  -21.433  -38.582  24.889 0.0000000000
85898  -49.114  -12.348  7.818 0.0000000000
83495  -50.543  -13.608  12.292 0.0000000000
84654  -50.835  -13.098  12.151 0.0000000000
88144  -51.793  -10.081  11.620 0.0000000000
88143  -51.268  -10.211  11.181 0.0000000000
89200  -51.396  -9.656  10.779 0.0000000000
72523  -32.733  -24.493  21.908 0.0000000000
74838  -38.442  -21.633  15.524 0.0000000000
74839  -39.103  -21.120  15.472 0.0000000000
78029  -41.456  -18.954  21.749 0.0000000000
78040  -41.165  -19.250  21.246 0.0000000000
76923  -41.894  -19.064  21.398 0.0000000000
75851  -44.568  -20.284  20.261 0.0000000000
75878  -43.586  -20.628  20.088 0.0000000000
75879  -44.100  -20.842  19.765 0.0000000000
74790  -43.348  -20.438  19.210 0.0000000000
48631  -13.803  -44.701  34.101 0.0000000000
47576  -12.712  -45.690  34.549 0.0000000000
47588  -12.455  -46.556  32.597 0.0000000000
44256  -5.057  -50.162  37.469 0.0000000000
75720  -38.276  -21.275  28.454 0.0000000000
54963  -19.265  -40.365  26.594 0.0000000000
46413  -11.597  -47.579  38.735 0.0000000000
47508  -11.799  -47.537  39.368 0.0000000000
46392  -11.308  -47.817  39.556 0.0000000000
46411  -9.785  -47.862  39.050 0.0000000000
64937  -32.659  -31.516  24.272 0.0000000000
63709  -34.922  -31.871  26.386 0.0000000000
63718  -34.140  -32.176  25.221 0.0000000000
63720  -35.483  -31.993  25.735 0.0000000000
63732  -35.895  -31.794  25.098 0.0000000000
63721  -36.130  -31.710  25.887 0.0000000000
57171  -24.870  -38.134  25.573 0.0000000000
57172  -25.508  -38.213  25.459 0.0000000000
57174  -27.616  -38.004  25.837 0.0000000000
57173  -27.023  -38.402  25.386 0.0000000000
57192  -27.502  -37.989  24.637 0.0000000000
57193  -27.709  -37.539  25.732 0.0000000000
65975  -30.478  -29.956  30.211 0.0000000000
65974  -29.457  -30.280  29.995 0.0000000000
65992  -30.304  -29.890  29.212 0.0000000000
66022  -30.652  -30.368  27.703 0.0000000000
66007  -30.073  -30.078  28.263 0.0000000000
66021  -29.834  -30.364  27.199 0.0000000000
66033  -28.938  -30.062  26.501 0.0000000000
66045  -29.857  -30.513  25.187 0.0000000000
56059  -28.078  -38.339  29.563 0.0000000000
56036  -27.724  -38.322  30.320 0.0000000000
56013  -27.349  -38.081  31.026 0.0000000000
56057  -26.436  -38.414  29.507 0.0000000000
54920  -26.474  -38.723  29.018 0.0000000000
56119  -26.226  -38.178  26.776 0.0000000000
56098  -25.990  -38.079  27.365 0.0000000000
56118  -25.535  -37.964  26.752 0.0000000000
57155  -24.771  -38.056  26.171 0.0000000000
74740  -33.837  -21.567  20.535 0.0000000000
74760  -33.153  -22.571  19.525 0.0000000000
74761  -33.812  -21.860  19.891 0.0000000000
75929  -37.009  -21.345  16.686 0.0000000000
75930  -38.024  -21.363  16.663 0.0000000000
74823  -38.143  -21.436  16.386 0.0000000000
75915  -38.838  -21.192  17.508 0.0000000000
78019  -43.950  -18.321  23.499 0.0000000000
78032  -43.669  -18.520  22.511 0.0000000000
76942  -44.959  -18.914  21.394 0.0000000000
50771  -16.467  -42.197  31.169 0.0000000000
50748  -16.122  -42.771  31.920 0.0000000000
49679  -15.166  -43.247  33.526 0.0000000000
50730  -14.864  -43.719  32.606 0.0000000000
49693  -14.213  -44.487  32.137 0.0000000000
49675  -13.525  -45.142  31.598 0.0000000000
48653  -12.774  -46.344  30.734 0.0000000000
65949  -36.580  -29.859  32.126 0.0000000000
64822  -36.241  -29.968  31.607 0.0000000000
65950  -37.299  -29.657  31.754 0.0000000000
58117  -29.637  -36.792  30.904 0.0000000000
58125  -29.599  -36.442  30.462 0.0000000000
58126  -29.852  -36.198  30.638 0.0000000000
61366  -30.396  -34.373  33.270 0.0000000000
60214  -30.190  -35.087  32.023 0.0000000000
61365  -30.139  -34.019  32.929 0.0000000000
62526  -29.592  -33.906  31.864 0.0000000000
62513  -29.910  -33.424  32.756 0.0000000000
63626  -32.095  -32.148  35.239 0.0000000000
63625  -31.708  -32.451  34.892 0.0000000000
65927  -32.327  -29.897  33.713 0.0000000000
64819  -31.309  -30.732  33.586 0.0000000000
64818  -30.494  -31.118  32.919 0.0000000000
65943  -31.154  -29.917  32.610 0.0000000000
67007  -31.410  -29.747  32.460 0.0000000000
67008  -31.618  -29.648  32.416 0.0000000000
65979  -33.729  -29.125  30.962 0.0000000000
65978  -33.184  -29.553  30.591 0.0000000000
64850  -33.611  -29.660  30.159 0.0000000000
64865  -33.295  -29.889  29.471 0.0000000000
57110  -29.295  -36.864  30.922 0.0000000000
79245  -41.769  -18.588  15.478 0.0000000000
79259  -44.436  -17.789  15.521 0.0000000000
80298  -43.849  -17.584  15.271 0.0000000000
80299  -46.697  -17.691  15.906 0.0000000000
80314  -46.952  -17.549  15.004 0.0000000000
82412  -44.419  -15.599  12.655 0.0000000000
82433  -47.214  -15.015  12.789 0.0000000000
82432  -46.178  -14.859  12.709 0.0000000000
83472  -45.993  -14.262  12.095 0.0000000000
83492  -46.683  -13.770  11.836 0.0000000000
83474  -47.842  -14.407  12.510 0.0000000000
83459  -49.558  -14.728  12.962 0.0000000000
83475  -48.866  -14.293  12.487 0.0000000000
83476  -50.100  -14.101  12.582 0.0000000000
72462  -34.583  -24.941  25.762 0.0000000000
72461  -33.918  -23.977  25.701 0.0000000000
74686  -34.294  -22.369  25.270 0.0000000000
73640  -33.817  -22.870  25.042 0.0000000000
74698  -34.042  -22.323  24.424 0.0000000000
74697  -33.645  -22.755  23.867 0.0000000000
74710  -34.063  -22.126  23.570 0.0000000000
75755  -37.089  -21.684  26.360 0.0000000000
75772  -37.301  -21.208  25.603 0.0000000000
75796  -36.657  -20.828  23.860 0.0000000000
75795  -35.712  -21.325  24.179 0.0000000000
75806  -35.183  -21.419  23.374 0.0000000000
75819  -34.797  -21.401  22.337 0.0000000000
75820  -35.891  -20.744  22.035 0.0000000000
75821  -36.900  -20.448  21.767 0.0000000000
75842  -37.078  -20.245  20.679 0.0000000000
75843  -38.051  -20.265  20.462 0.0000000000
76910  -39.807  -19.239  22.926 0.0000000000
76920  -39.169  -19.651  22.161 0.0000000000
78015  -40.734  -18.980  22.420 0.0000000000
77986  -41.742  -18.905  25.025 0.0000000000
78003  -42.482  -18.530  24.230 0.0000000000
78004  -43.466  -18.395  24.392 0.0000000000
51824  -20.780  -40.545  29.837 0.0000000000
51797  -20.515  -40.609  30.455 0.0000000000
51780  -20.240  -40.700  30.967 0.0000000000
51823  -19.881  -40.473  30.071 0.0000000000
54945  -18.634  -40.699  27.690 0.0000000000
54928  -18.630  -40.685  27.980 0.0000000000
53866  -18.435  -40.944  28.165 0.0000000000
52866  -17.132  -42.195  28.331 0.0000000000
53851  -17.731  -41.638  28.516 0.0000000000
52849  -17.420  -41.707  28.830 0.0000000000
51844  -17.559  -41.457  29.677 0.0000000000
47475  -6.990  -46.960  40.670 0.0000000000
64998  -35.078  -31.842  21.499 0.0000000000
66109  -35.757  -30.520  22.124 0.0000000000
68063  -35.894  -28.718  23.771 0.0000000000
68074  -35.985  -28.975  23.220 0.0000000000
69050  -35.673  -28.416  24.199 0.0000000000
69049  -35.527  -28.278  23.846 0.0000000000
70118  -35.363  -27.715  24.686 0.0000000000
64867  -35.689  -30.082  29.194 0.0000000000
63671  -36.474  -30.590  28.704 0.0000000000
65996  -38.782  -30.130  28.841 0.0000000000
64885  -37.859  -30.915  28.407 0.0000000000
64902  -38.580  -30.386  27.395 0.0000000000
64914  -38.191  -30.474  26.873 0.0000000000
66036  -38.360  -29.971  26.927 0.0000000000
70058  -37.657  -27.236  28.101 0.0000000000
70076  -37.837  -27.697  27.666 0.0000000000
69012  -37.636  -28.080  26.940 0.0000000000
68028  -37.470  -28.390  26.543 0.0000000000
69011  -37.428  -27.964  26.523 0.0000000000
69025  -37.296  -27.993  26.242 0.0000000000
70091  -37.254  -27.682  26.580 0.0000000000
71268  -36.411  -26.807  26.435 0.0000000000
71276  -35.765  -26.414  25.919 0.0000000000
72428  -35.605  -24.517  29.121 0.0000000000
72427  -35.414  -24.357  28.569 0.0000000000
73597  -35.350  -23.451  27.928 0.0000000000
73574  -35.585  -23.351  28.800 0.0000000000
73529  -37.078  -23.512  32.017 0.0000000000
74621  -36.996  -21.973  29.630 0.0000000000
57206  -23.623  -38.293  23.525 0.0000000000
59115  -29.170  -36.059  29.097 0.0000000000
58142  -28.547  -36.630  28.037 0.0000000000
59124  -29.034  -35.913  28.146 0.0000000000
61462  -28.600  -35.403  27.643 0.0000000000
60285  -28.578  -35.872  26.934 0.0000000000
60284  -27.851  -35.603  26.495 0.0000000000
59142  -27.405  -35.843  26.023 0.0000000000
60283  -27.410  -35.311  25.992 0.0000000000
64861  -28.522  -31.723  28.994 0.0000000000
63678  -28.119  -32.728  28.430 0.0000000000
63677  -27.896  -32.138  27.919 0.0000000000
53856  -22.605  -38.804  29.440 0.0000000000
53872  -22.455  -38.530  29.289 0.0000000000
54936  -25.356  -38.242  28.537 0.0000000000
54951  -23.710  -37.797  28.163 0.0000000000
56094  -22.073  -38.303  27.492 0.0000000000
54949  -21.661  -38.961  28.003 0.0000000000
56093  -21.096  -38.816  27.423 0.0000000000
56113  -20.396  -38.890  26.622 0.0000000000
84651  -47.387  -13.376  11.438 0.0000000000
84667  -48.038  -12.777  10.990 0.0000000000
85882  -48.647  -12.157  10.400 0.0000000000
85881  -47.804  -12.718  10.033 0.0000000000
85891  -48.241  -12.186  9.540 0.0000000000
87050  -48.685  -11.672  9.937 0.0000000000
85872  -51.724  -12.343  12.318 0.0000000000
87032  -50.812  -11.570  11.622 0.0000000000
88152  -49.959  -10.178  9.967 0.0000000000
87052  -49.600  -10.700  10.146 0.0000000000
88151  -49.535  -10.609  9.746 0.0000000000
88167  -49.646  -10.786  8.153 0.0000000000
89220  -50.596  -9.559  8.284 0.0000000000
88168  -50.053  -10.141  7.732 0.0000000000
88175  -50.249  -10.409  6.703 0.0000000000
90279  -52.499  -8.244  8.865 0.0000000000
46500  -10.656  -47.458  34.610 0.0000000000
46483  -9.907  -47.556  35.290 0.0000000000
46499  -9.753  -48.010  34.176 0.0000000000
72503  -33.909  -25.518  23.740 0.0000000000
71307  -33.903  -26.042  23.282 0.0000000000
71306  -33.159  -25.495  22.399 0.0000000000
75950  -39.653  -20.670  15.365 0.0000000000
75962  -39.943  -20.772  14.520 0.0000000000
75872  -38.375  -20.667  19.485 0.0000000000
75845  -40.779  -19.884  19.595 0.0000000000
75874  -40.304  -20.108  19.288 0.0000000000
74784  -40.016  -21.113  18.298 0.0000000000
75899  -40.048  -20.675  18.945 0.0000000000
75825  -42.396  -19.464  20.550 0.0000000000
74763  -42.098  -19.546  19.499 0.0000000000
75876  -41.917  -19.516  19.666 0.0000000000
74786  -40.829  -20.251  18.587 0.0000000000
74810  -41.442  -19.796  18.407 0.0000000000
74829  -42.221  -19.581  18.129 0.0000000000
74828  -41.657  -19.826  17.882 0.0000000000
75935  -42.004  -19.622  17.333 0.0000000000
75952  -41.404  -19.743  16.550 0.0000000000
77003  -42.230  -19.456  16.917 0.0000000000
77004  -42.732  -19.321  17.269 0.0000000000
76994  -44.478  -19.199  18.168 0.0000000000
76995  -45.018  -18.923  18.235 0.0000000000
78108  -45.334  -18.339  17.567 0.0000000000
78097  -45.644  -18.751  18.163 0.0000000000
47554  -12.765  -45.489  35.980 0.0000000000
47553  -12.123  -45.913  35.915 0.0000000000
46501  -11.024  -47.040  35.283 0.0000000000
47563  -11.515  -46.806  34.485 0.0000000000
47573  -11.178  -47.653  32.836 0.0000000000
46427  -7.669  -48.131  38.099 0.0000000000
44276  -5.656  -50.292  36.592 0.0000000000
45347  -5.628  -49.514  36.793 0.0000000000
45323  -5.489  -48.736  37.865 0.0000000000
46426  -6.709  -48.092  38.523 0.0000000000
45310  -5.243  -48.003  38.674 0.0000000000
46407  -5.922  -47.756  39.179 0.0000000000
46406  -5.098  -47.601  38.865 0.0000000000
46385  -5.730  -47.139  39.510 0.0000000000
64924  -32.827  -31.488  25.344 0.0000000000
63708  -34.091  -31.671  26.094 0.0000000000
63696  -35.084  -31.938  27.310 0.0000000000
56139  -26.488  -38.302  26.028 0.0000000000
56142  -28.125  -37.577  26.817 0.0000000000
64863  -31.854  -30.288  29.061 0.0000000000
65993  -31.463  -30.037  29.378 0.0000000000
64879  -31.834  -30.412  28.646 0.0000000000
64896  -30.664  -30.703  27.186 0.0000000000
64908  -30.760  -30.845  26.183 0.0000000000
56038  -29.340  -37.549  30.949 0.0000000000
56075  -27.658  -38.538  28.818 0.0000000000
54938  -26.893  -38.791  28.479 0.0000000000
56099  -26.637  -38.475  27.467 0.0000000000
82450  -45.127  -15.200  10.847 0.0000000000
84675  -47.177  -13.393  9.630 0.0000000000
69059  -34.963  -28.314  22.467 0.0000000000
75893  -34.590  -21.553  19.421 0.0000000000
74783  -33.772  -22.223  18.814 0.0000000000
74804  -33.981  -22.503  17.723 0.0000000000
51818  -15.153  -42.698  30.515 0.0000000000
51817  -14.774  -42.959  30.557 0.0000000000
50769  -14.737  -43.188  31.022 0.0000000000
50746  -14.523  -43.986  31.914 0.0000000000
50745  -14.168  -44.087  31.509 0.0000000000
48667  -12.909  -46.320  29.794 0.0000000000
64836  -35.192  -29.536  31.342 0.0000000000
65947  -35.350  -29.726  32.170 0.0000000000
65931  -36.320  -29.795  32.841 0.0000000000
65909  -36.549  -29.428  33.534 0.0000000000
60223  -30.223  -35.707  31.709 0.0000000000
62500  -30.670  -33.286  34.163 0.0000000000
64810  -32.360  -30.561  34.725 0.0000000000
65945  -33.301  -29.197  32.671 0.0000000000
65962  -34.294  -29.124  31.576 0.0000000000
59080  -30.697  -35.830  33.313 0.0000000000
78122  -44.094  -18.564  16.842 0.0000000000
79248  -44.696  -17.930  16.250 0.0000000000
79260  -45.241  -17.941  15.467 0.0000000000
80315  -48.200  -17.372  15.024 0.0000000000
81351  -47.556  -16.938  14.272 0.0000000000
82434  -48.187  -15.047  12.898 0.0000000000
73615  -34.747  -23.492  27.099 0.0000000000
73614  -34.345  -23.225  26.296 0.0000000000
74687  -34.974  -21.977  25.626 0.0000000000
75809  -37.598  -20.367  22.532 0.0000000000
53829  -22.445  -39.892  30.612 0.0000000000
52855  -21.848  -40.464  29.449 0.0000000000
52853  -20.789  -40.327  29.082 0.0000000000
52852  -19.973  -40.157  29.049 0.0000000000
53878  -17.777  -42.063  27.675 0.0000000000
89222  -51.850  -8.827  7.152 0.0000000000
90291  -52.565  -8.404  6.641 0.0000000000
90303  -52.840  -8.828  5.674 0.0000000000
90292  -53.386  -8.200  6.301 0.0000000000
46369  -7.945  -47.337  41.022 0.0000000000
64956  -35.442  -31.859  23.671 0.0000000000
64979  -35.883  -31.336  23.246 0.0000000000
65000  -36.149  -30.930  22.990 0.0000000000
66110  -36.183  -30.274  22.987 0.0000000000
67106  -36.346  -29.349  24.076 0.0000000000
67095  -36.278  -29.100  24.478 0.0000000000
69041  -36.482  -28.247  25.088 0.0000000000
64840  -37.396  -29.916  30.465 0.0000000000
64870  -37.490  -30.539  29.175 0.0000000000
64856  -37.579  -29.931  29.743 0.0000000000
65997  -38.695  -29.460  29.224 0.0000000000
67046  -38.850  -29.115  28.724 0.0000000000
70050  -38.248  -27.309  29.757 0.0000000000
70049  -37.673  -27.116  29.127 0.0000000000
71258  -37.251  -27.021  27.593 0.0000000000
71257  -36.584  -26.645  27.499 0.0000000000
71256  -35.771  -25.947  27.909 0.0000000000
71238  -35.741  -25.188  28.959 0.0000000000
72406  -35.833  -24.539  29.696 0.0000000000
74594  -37.140  -22.466  31.482 0.0000000000
57208  -25.773  -38.336  23.462 0.0000000000
61411  -29.466  -34.995  29.838 0.0000000000
61444  -29.075  -35.569  28.956 0.0000000000
61426  -28.930  -34.730  29.268 0.0000000000
61442  -28.307  -34.265  28.564 0.0000000000
61460  -27.970  -34.122  28.057 0.0000000000
66031  -27.795  -30.914  27.130 0.0000000000
63692  -28.050  -32.235  27.151 0.0000000000
54901  -24.229  -38.287  29.710 0.0000000000
56096  -24.289  -37.874  27.404 0.0000000000
56115  -22.630  -38.079  26.745 0.0000000000
57151  -20.921  -38.391  25.786 0.0000000000
57167  -20.775  -38.765  25.246 0.0000000000
56154  -21.159  -39.502  24.469 0.0000000000
85883  -49.404  -11.983  10.940 0.0000000000
88142  -50.678  -10.287  10.809 0.0000000000
89212  -50.628  -9.550  9.356 0.0000000000
89213  -51.310  -9.225  8.826 0.0000000000
90269  -52.695  -8.791  10.729 0.0000000000
46510  -9.724  -48.905  33.067 0.0000000000
76935  -39.476  -19.520  21.022 0.0000000000
76954  -39.845  -19.721  19.981 0.0000000000
76936  -40.664  -19.336  20.843 0.0000000000
76955  -40.654  -19.744  19.897 0.0000000000
75827  -43.704  -19.701  20.769 0.0000000000
75849  -43.351  -20.121  20.241 0.0000000000
74741  -42.994  -20.034  19.878 0.0000000000
74764  -42.641  -19.796  19.631 0.0000000000
74788  -41.983  -19.482  19.269 0.0000000000
74789  -42.807  -19.950  19.170 0.0000000000
74812  -42.665  -19.790  18.787 0.0000000000
75918  -43.204  -19.925  18.568 0.0000000000
75937  -43.658  -19.486  18.034 0.0000000000
75919  -44.042  -19.711  18.361 0.0000000000
76985  -44.681  -19.587  18.562 0.0000000000
76986  -45.409  -19.260  18.754 0.0000000000
48619  -13.749  -44.409  35.235 0.0000000000
48618  -13.091  -45.102  34.976 0.0000000000
47586  -11.174  -47.930  31.843 0.0000000000
46460  -8.190  -48.108  35.673 0.0000000000
45338  -7.538  -48.546  36.097 0.0000000000
45337  -7.041  -48.571  36.656 0.0000000000
43238  -5.121  -51.244  37.413 0.0000000000
44266  -5.282  -50.239  37.078 0.0000000000
65908  -33.278  -29.595  35.465 0.0000000000
80287  -47.465  -17.562  16.857 0.0000000000
80316  -49.365  -17.127  15.020 0.0000000000
81353  -49.457  -16.615  14.308 0.0000000000
75719  -37.376  -21.567  28.132 0.0000000000
75734  -36.939  -21.893  27.317 0.0000000000
75736  -38.009  -21.185  27.480 0.0000000000
75757  -38.544  -20.659  26.775 0.0000000000
76889  -39.831  -19.318  25.342 0.0000000000
54947  -20.061  -39.774  27.830 0.0000000000
54930  -19.671  -40.081  28.232 0.0000000000
54946  -19.257  -40.083  27.495 0.0000000000
54962  -18.677  -40.697  27.114 0.0000000000
46390  -9.548  -47.949  39.992 0.0000000000
64938  -33.680  -31.994  24.585 0.0000000000
64939  -34.262  -32.284  24.369 0.0000000000
63742  -35.108  -32.285  23.996 0.0000000000
63744  -35.747  -31.932  24.648 0.0000000000
64940  -36.414  -31.340  25.212 0.0000000000
64941  -36.726  -30.853  25.534 0.0000000000
71203  -37.199  -25.203  31.069 0.0000000000
57188  -23.121  -38.169  24.290 0.0000000000
56156  -25.898  -38.308  25.491 0.0000000000
64833  -29.322  -31.648  31.331 0.0000000000
63662  -28.863  -32.208  30.453 0.0000000000
64848  -29.145  -31.225  30.762 0.0000000000
64862  -28.733  -31.393  29.514 0.0000000000
64878  -28.756  -30.802  28.687 0.0000000000
66006  -29.189  -30.312  28.137 0.0000000000
66005  -28.475  -30.689  28.063 0.0000000000
66032  -28.256  -30.478  26.797 0.0000000000
56034  -25.994  -38.014  29.736 0.0000000000
54954  -26.359  -38.461  27.917 0.0000000000
54953  -25.693  -38.137  27.931 0.0000000000
56097  -25.220  -38.006  27.352 0.0000000000
57154  -24.197  -38.191  26.087 0.0000000000
81388  -43.529  -16.594  11.963 0.0000000000
84655  -51.694  -13.218  12.454 0.0000000000
84633  -51.987  -13.009  12.688 0.0000000000
74729  -33.234  -22.049  21.945 0.0000000000
73683  -32.611  -23.245  20.014 0.0000000000
74807  -39.562  -21.164  17.605 0.0000000000
78031  -42.801  -18.691  22.169 0.0000000000
76924  -42.295  -18.980  21.492 0.0000000000
78043  -43.305  -18.783  21.998 0.0000000000
76940  -43.596  -19.010  21.593 0.0000000000
76941  -44.374  -19.306  21.172 0.0000000000
76958  -44.538  -19.940  20.618 0.0000000000
76959  -45.103  -19.604  20.590 0.0000000000
50732  -16.598  -42.629  32.530 0.0000000000
50729  -14.646  -44.080  32.480 0.0000000000
49677  -14.399  -44.454  32.948 0.0000000000
48642  -13.633  -45.252  32.890 0.0000000000
42144  -4.699  -52.386  38.247 0.0000000000
64881  -33.957  -30.820  28.478 0.0000000000
64853  -36.119  -30.068  30.122 0.0000000000
64837  -35.919  -29.825  31.014 0.0000000000
64838  -36.489  -29.967  30.859 0.0000000000
64839  -37.052  -30.013  30.805 0.0000000000
65964  -37.460  -29.902  30.979 0.0000000000
65892  -36.761  -28.944  34.361 0.0000000000
56102  -28.408  -37.362  28.132 0.0000000000
57127  -28.736  -36.625  29.179 0.0000000000
58134  -29.220  -36.404  29.577 0.0000000000
59097  -30.057  -35.762  30.693 0.0000000000
60230  -29.871  -35.429  30.368 0.0000000000
62536  -29.450  -33.965  31.259 0.0000000000
63655  -29.428  -32.256  31.728 0.0000000000
62487  -31.489  -33.080  34.843 0.0000000000
63634  -31.921  -31.396  34.784 0.0000000000
63644  -29.853  -32.181  32.639 0.0000000000
63643  -29.648  -31.688  32.176 0.0000000000
64834  -29.592  -31.026  31.661 0.0000000000
65958  -30.455  -30.132  31.166 0.0000000000
65960  -32.302  -29.444  31.476 0.0000000000
65977  -32.209  -29.728  30.669 0.0000000000
65994  -32.254  -30.098  29.923 0.0000000000
57099  -29.893  -37.004  31.817 0.0000000000
56061  -28.927  -37.068  30.023 0.0000000000
78119  -41.482  -19.094  15.744 0.0000000000
78118  -40.770  -19.204  15.096 0.0000000000
79244  -41.281  -18.864  15.310 0.0000000000
79257  -41.896  -17.972  15.003 0.0000000000
79258  -42.600  -17.649  15.057 0.0000000000
80310  -42.117  -17.336  14.394 0.0000000000
80313  -45.780  -17.755  14.605 0.0000000000
80327  -44.579  -16.810  14.024 0.0000000000
81369  -43.520  -16.120  12.993 0.0000000000
83471  -45.402  -14.366  11.547 0.0000000000
83490  -45.476  -14.071  10.931 0.0000000000
84648  -45.617  -13.846  10.897 0.0000000000
84665  -46.199  -13.666  10.543 0.0000000000
83494  -48.233  -14.002  12.260 0.0000000000
84632  -49.271  -13.770  12.253 0.0000000000
81375  -49.962  -16.071  13.914 0.0000000000
82418  -50.499  -15.407  13.525 0.0000000000
82436  -51.289  -14.624  12.873 0.0000000000
82451  -51.557  -14.310  12.568 0.0000000000
83498  -52.155  -13.977  12.783 0.0000000000
72487  -34.622  -25.765  24.764 0.0000000000
72486  -34.099  -25.385  24.328 0.0000000000
72485  -33.513  -24.362  24.352 0.0000000000
72460  -33.707  -23.854  25.350 0.0000000000
74719  -33.426  -22.228  22.702 0.0000000000
74678  -36.657  -22.016  26.429 0.0000000000
74688  -35.944  -22.041  25.742 0.0000000000
74700  -35.491  -21.671  25.027 0.0000000000
74712  -35.197  -21.534  24.481 0.0000000000
74721  -34.577  -21.749  23.113 0.0000000000
74720  -33.955  -21.945  22.986 0.0000000000
75838  -33.508  -21.631  21.553 0.0000000000
75839  -34.061  -21.350  21.235 0.0000000000
75869  -35.375  -21.120  20.125 0.0000000000
77985  -40.744  -19.052  24.638 0.0000000000
53867  -19.201  -40.402  28.624 0.0000000000
52851  -19.068  -40.537  29.019 0.0000000000
53852  -18.034  -41.401  28.571 0.0000000000
51845  -18.448  -40.987  29.672 0.0000000000
51822  -18.689  -40.934  30.416 0.0000000000
51820  -16.903  -41.703  30.431 0.0000000000
51868  -16.050  -43.169  28.312 0.0000000000
51842  -15.600  -42.550  29.466 0.0000000000
90281  -53.846  -7.419  7.732 0.0000000000
68073  -35.662  -28.795  22.859 0.0000000000
69060  -35.402  -28.310  23.077 0.0000000000
70127  -35.119  -27.823  23.851 0.0000000000
63680  -34.484  -31.573  27.926 0.0000000000
63681  -35.275  -31.656  28.126 0.0000000000
63697  -35.854  -31.738  27.468 0.0000000000
64884  -37.129  -30.836  28.543 0.0000000000
63699  -36.854  -31.070  27.913 0.0000000000
63711  -36.317  -31.522  26.763 0.0000000000
64927  -36.865  -30.640  26.382 0.0000000000
64928  -37.402  -30.415  26.576 0.0000000000
66057  -36.978  -29.914  26.356 0.0000000000
68005  -38.577  -28.665  28.189 0.0000000000
68996  -38.333  -28.142  28.134 0.0000000000
68014  -38.466  -28.741  27.746 0.0000000000
67072  -37.962  -29.120  26.857 0.0000000000
67083  -37.305  -28.858  26.399 0.0000000000
67082  -36.747  -29.223  25.930 0.0000000000
68040  -36.984  -28.402  25.939 0.0000000000
69033  -36.612  -27.827  25.542 0.0000000000
69032  -36.234  -27.845  25.354 0.0000000000
70090  -36.736  -27.255  26.223 0.0000000000
70099  -36.577  -27.017  26.009 0.0000000000
70108  -36.262  -27.505  25.499 0.0000000000
70107  -35.676  -27.124  25.266 0.0000000000
71284  -35.014  -25.917  25.326 0.0000000000
72450  -34.745  -24.724  26.771 0.0000000000
71266  -35.244  -25.426  27.253 0.0000000000
74636  -35.835  -22.587  28.090 0.0000000000
74637  -36.534  -22.010  28.303 0.0000000000
72392  -36.593  -24.573  30.750 0.0000000000
72391  -36.128  -23.966  30.320 0.0000000000
73540  -36.178  -23.311  30.284 0.0000000000
73553  -35.818  -23.291  29.604 0.0000000000
74620  -36.409  -22.333  29.254 0.0000000000
74638  -36.987  -21.824  28.881 0.0000000000
56123  -28.476  -37.281  27.524 0.0000000000
57156  -28.462  -37.374  27.048 0.0000000000
57176  -28.175  -37.217  26.700 0.0000000000
59133  -28.850  -36.281  27.414 0.0000000000
59144  -28.678  -36.351  26.922 0.0000000000
58167  -27.629  -36.922  26.136 0.0000000000
59151  -27.426  -36.826  24.240 0.0000000000
62543  -28.120  -33.087  29.204 0.0000000000
62553  -28.094  -33.455  28.674 0.0000000000
62573  -27.670  -33.903  27.357 0.0000000000
63706  -28.051  -33.026  26.874 0.0000000000
62584  -27.521  -34.542  27.012 0.0000000000
60299  -27.342  -35.432  25.240 0.0000000000
59165  -27.398  -36.265  24.147 0.0000000000
53830  -22.955  -39.129  30.298 0.0000000000
53855  -22.252  -39.981  29.344 0.0000000000
53870  -21.745  -40.049  28.801 0.0000000000
54932  -21.392  -39.814  28.233 0.0000000000
56033  -25.474  -38.019  29.698 0.0000000000
54917  -24.198  -38.241  29.269 0.0000000000
54934  -22.878  -37.980  29.089 0.0000000000
54948  -20.893  -39.566  27.790 0.0000000000
56135  -20.287  -39.318  25.528 0.0000000000
84674  -46.555  -13.580  10.071 0.0000000000
85896  -47.941  -13.016  8.773 0.0000000000
85897  -48.367  -12.453  8.612 0.0000000000
85870  -50.368  -12.163  11.594 0.0000000000
85884  -49.854  -11.909  11.272 0.0000000000
87042  -49.958  -11.183  10.968 0.0000000000
87041  -49.098  -11.611  10.389 0.0000000000
85902  -49.734  -12.395  6.914 0.0000000000
88174  -49.667  -10.765  7.292 0.0000000000
89221  -51.184  -9.161  7.728 0.0000000000
46485  -10.933  -46.901  35.962 0.0000000000
46463  -10.697  -47.046  36.562 0.0000000000
46498  -8.896  -48.847  33.921 0.0000000000
46481  -8.266  -48.575  34.749 0.0000000000
72545  -32.275  -24.526  20.272 0.0000000000
77016  -40.271  -19.728  15.025 0.0000000000
75896  -37.626  -20.831  18.594 0.0000000000
75873  -39.415  -20.528  19.383 0.0000000000
75916  -39.379  -21.229  17.847 0.0000000000
76938  -42.077  -19.403  20.893 0.0000000000
75848  -42.625  -19.676  20.062 0.0000000000
75875  -40.935  -19.890  19.280 0.0000000000
75900  -40.564  -20.393  18.707 0.0000000000
74808  -40.333  -20.790  17.645 0.0000000000
74826  -40.287  -20.531  17.063 0.0000000000
77017  -41.008  -19.520  15.835 0.0000000000
77018  -41.848  -19.383  16.408 0.0000000000
77019  -42.595  -19.147  16.705 0.0000000000
77020  -43.312  -19.015  17.016 0.0000000000
77021  -43.786  -18.951  17.280 0.0000000000
78107  -44.642  -18.436  17.292 0.0000000000
76974  -45.445  -19.560  19.613 0.0000000000
47527  -12.394  -46.672  37.360 0.0000000000
47542  -12.548  -46.022  36.766 0.0000000000
47541  -11.920  -46.458  36.679 0.0000000000
47598  -11.684  -47.736  31.394 0.0000000000
46444  -10.398  -47.281  37.336 0.0000000000
46429  -10.067  -47.634  38.183 0.0000000000
44277  -6.236  -50.391  36.032 0.0000000000
45348  -6.201  -49.416  36.369 0.0000000000
45325  -6.964  -48.373  37.384 0.0000000000
46389  -8.636  -47.817  40.186 0.0000000000
46388  -7.804  -47.574  40.228 0.0000000000
46387  -6.951  -47.394  40.154 0.0000000000
47493  -6.548  -47.096  40.076 0.0000000000
42157  -3.914  -52.294  37.933 0.0000000000
44254  -4.177  -50.209  37.844 0.0000000000
46432  -12.184  -47.136  37.752 0.0000000000
47476  -7.581  -47.113  41.021 0.0000000000
47492  -6.036  -47.147  40.031 0.0000000000
51841  -14.600  -43.135  29.949 0.0000000000
51847  -20.341  -40.322  29.478 0.0000000000
51848  -21.007  -40.499  29.397 0.0000000000
51866  -14.376  -43.550  29.263 0.0000000000
52838  -21.442  -40.554  29.615 0.0000000000
52839  -21.986  -40.481  29.824 0.0000000000
52854  -21.538  -40.412  29.164 0.0000000000
52867  -19.359  -40.359  28.860 0.0000000000
52868  -19.708  -40.204  28.804 0.0000000000
53871  -22.258  -39.071  29.122 0.0000000000
54903  -25.480  -38.134  29.442 0.0000000000
54919  -25.857  -38.392  29.126 0.0000000000
56078  -28.663  -36.872  29.454 0.0000000000
56091  -19.784  -39.631  27.444 0.0000000000
56116  -23.738  -38.023  26.742 0.0000000000
56136  -20.763  -39.103  24.918 0.0000000000
56137  -25.153  -37.995  26.262 0.0000000000
56141  -27.793  -37.871  26.637 0.0000000000
56157  -26.291  -38.428  25.198 0.0000000000
57111  -29.696  -36.636  31.343 0.0000000000
57126  -28.248  -37.147  28.900 0.0000000000
57140  -28.440  -36.866  28.022 0.0000000000
57157  -28.559  -37.011  27.286 0.0000000000
57177  -28.525  -37.100  26.941 0.0000000000
57194  -27.772  -37.370  26.312 0.0000000000
58109  -30.151  -36.615  32.022 0.0000000000
58118  -29.771  -36.403  31.174 0.0000000000
58143  -28.723  -36.442  28.485 0.0000000000
58150  -28.625  -36.616  27.687 0.0000000000
58151  -28.771  -36.333  27.930 0.0000000000
58158  -28.184  -36.828  26.656 0.0000000000
58165  -27.514  -37.370  24.364 0.0000000000
59098  -30.047  -35.996  31.011 0.0000000000
59106  -30.116  -35.794  30.398 0.0000000000
59123  -29.016  -36.010  27.879 0.0000000000
59134  -28.889  -36.200  27.771 0.0000000000
59153  -27.487  -36.355  26.065 0.0000000000
60222  -30.119  -35.327  31.397 0.0000000000
60255  -29.018  -35.657  27.964 0.0000000000
60256  -29.083  -35.801  28.572 0.0000000000
60270  -28.877  -35.827  27.473 0.0000000000
61380  -30.043  -34.578  32.262 0.0000000000
61381  -30.294  -34.756  32.652 0.0000000000
61410  -29.267  -34.186  29.968 0.0000000000
61425  -28.715  -34.144  29.381 0.0000000000
61427  -29.126  -35.288  29.227 0.0000000000
61441  -28.018  -34.017  28.304 0.0000000000
61461  -28.083  -34.722  27.804 0.0000000000
61473  -27.565  -35.060  26.267 0.0000000000
61475  -28.546  -35.624  27.258 0.0000000000
61487  -27.234  -34.900  25.631 0.0000000000
62525  -29.378  -33.351  31.483 0.0000000000
62544  -28.744  -33.616  29.706 0.0000000000
62545  -29.141  -33.697  30.152 0.0000000000
62562  -28.078  -33.667  28.180 0.0000000000
62563  -28.084  -33.837  28.605 0.0000000000
62572  -27.510  -33.386  26.626 0.0000000000
62574  -27.686  -34.639  27.334 0.0000000000
63654  -29.151  -32.039  31.072 0.0000000000
63668  -28.506  -32.609  29.803 0.0000000000
63670  -36.059  -30.567  28.571 0.0000000000
63683  -36.600  -30.936  28.302 0.0000000000
63684  -36.970  -31.012  28.124 0.0000000000
63698  -36.559  -31.190  27.600 0.0000000000
63707  -33.608  -31.507  26.304 0.0000000000
63719  -34.791  -32.097  25.512 0.0000000000
63729  -34.180  -32.337  24.698 0.0000000000
63730  -34.752  -32.400  24.601 0.0000000000
63743  -35.485  -32.107  24.335 0.0000000000
64820  -35.456  -29.818  31.770 0.0000000000
64821  -35.710  -29.906  31.726 0.0000000000
64835  -34.681  -29.259  31.062 0.0000000000
64855  -37.180  -30.226  29.934 0.0000000000
64868  -36.428  -30.298  29.234 0.0000000000
64869  -36.943  -30.562  29.324 0.0000000000
64876  -27.935  -31.725  28.044 0.0000000000
64877  -28.263  -31.580  28.442 0.0000000000
64882  -34.775  -31.145  28.512 0.0000000000
64883  -36.730  -30.641  28.804 0.0000000000
64886  -38.499  -30.599  28.203 0.0000000000
64895  -28.105  -31.042  27.875 0.0000000000
64899  -36.891  -30.994  27.455 0.0000000000
64900  -37.241  -30.992  27.715 0.0000000000
64901  -38.137  -30.914  27.523 0.0000000000
64907  -27.692  -31.593  26.772 0.0000000000
64911  -33.607  -31.539  26.053 0.0000000000
64912  -36.839  -30.947  26.987 0.0000000000
64915  -38.433  -30.316  27.019 0.0000000000
64942  -36.699  -30.453  25.921 0.0000000000
64959  -36.700  -30.560  25.274 0.0000000000
65890  -33.080  -30.263  35.756 0.0000000000
65942  -30.306  -30.314  32.188 0.0000000000
65980  -38.111  -29.654  29.536 0.0000000000
66009  -38.836  -30.180  28.041 0.0000000000
66010  -38.957  -29.680  28.308 0.0000000000
66018  -27.940  -30.985  27.565 0.0000000000
66019  -28.199  -30.683  27.485 0.0000000000
66023  -38.832  -29.843  27.600 0.0000000000
66035  -38.204  -30.234  26.776 0.0000000000
66046  -37.872  -30.146  26.656 0.0000000000
66058  -37.144  -29.352  26.363 0.0000000000
66970  -33.390  -29.279  34.816 0.0000000000
66990  -33.588  -29.257  34.486 0.0000000000
67010  -35.170  -29.442  32.882 0.0000000000
67020  -31.427  -29.636  32.237 0.0000000000
67021  -31.757  -29.476  32.055 0.0000000000
67056  -38.796  -29.540  27.651 0.0000000000
67057  -38.798  -29.280  27.946 0.0000000000
67063  -38.549  -29.352  27.410 0.0000000000
67064  -38.552  -28.950  27.709 0.0000000000
67107  -36.385  -29.355  24.507 0.0000000000
67994  -38.776  -28.682  29.082 0.0000000000
68004  -38.403  -28.478  27.887 0.0000000000
68041  -37.267  -28.456  26.290 0.0000000000
68052  -36.133  -28.761  24.575 0.0000000000
68053  -36.351  -28.268  25.263 0.0000000000
68997  -38.523  -28.361  28.430 0.0000000000
69026  -37.461  -28.125  26.540 0.0000000000
69039  -35.499  -28.121  24.545 0.0000000000
70092  -37.541  -27.773  27.085 0.0000000000
70109  -36.606  -27.467  25.737 0.0000000000
70119  -35.783  -27.595  25.241 0.0000000000
71237  -35.465  -24.895  28.584 0.0000000000
71286  -36.078  -26.869  25.684 0.0000000000
72407  -36.207  -24.660  30.241 0.0000000000
72471  -33.593  -24.021  25.074 0.0000000000
73552  -35.640  -23.498  29.220 0.0000000000
73627  -33.711  -23.519  25.239 0.0000000000
73639  -33.579  -23.332  24.518 0.0000000000
74659  -36.926  -21.923  26.775 0.0000000000
74675  -34.498  -22.565  25.911 0.0000000000
74689  -36.376  -22.070  26.083 0.0000000000
74711  -34.828  -21.648  23.937 0.0000000000
74730  -33.905  -21.687  22.490 0.0000000000
74742  -43.281  -20.413  20.002 0.0000000000
74766  -43.612  -20.678  19.349 0.0000000000
75718  -36.926  -21.811  27.610 0.0000000000
75770  -36.272  -21.853  25.555 0.0000000000
75771  -36.587  -21.773  25.731 0.0000000000
75817  -33.506  -21.677  21.846 0.0000000000
75818  -33.821  -21.515  21.952 0.0000000000
75824  -42.098  -19.410  20.539 0.0000000000
75901  -43.284  -20.277  18.873 0.0000000000
75917  -42.583  -19.680  18.491 0.0000000000
75931  -38.518  -21.268  16.963 0.0000000000
75949  -37.770  -21.549  16.229 0.0000000000
76922  -41.660  -19.109  21.391 0.0000000000
76937  -41.537  -19.297  21.095 0.0000000000
76957  -41.747  -19.445  20.624 0.0000000000
76973  -40.212  -19.842  19.612 0.0000000000
77006  -44.259  -18.917  17.663 0.0000000000
78041  -41.322  -19.173  21.424 0.0000000000
78042  -43.116  -18.943  21.750 0.0000000000
80297  -43.227  -17.759  15.325 0.0000000000
82429  -43.839  -16.020  11.898 0.0000000000
82452  -51.686  -14.380  12.739 0.0000000000
83478  -51.835  -14.291  12.883 0.0000000000
83479  -52.217  -14.076  13.265 0.0000000000
83497  -51.727  -14.105  12.605 0.0000000000
84649  -45.809  -13.679  10.953 0.0000000000
84664  -45.750  -13.884  10.697 0.0000000000
89199  -51.043  -9.895  10.807 0.0000000000
