#!ascii label  , from subject sub-01 vox2ras=TkReg
1020
60337  -36.048  -35.677  22.457 0.0000000000
50848  -21.171  -44.069  25.430 0.0000000000
56200  -29.623  -39.824  20.533 0.0000000000
83507  -45.845  -14.311  10.250 0.0000000000
85911  -51.651  -12.561  5.906 0.0000000000
49723  -13.850  -45.283  28.846 0.0000000000
81368  -42.919  -16.738  12.644 0.0000000000
62621  -39.528  -33.577  22.299 0.0000000000
60334  -31.406  -35.883  22.541 0.0000000000
49755  -17.778  -45.313  27.298 0.0000000000
46551  -18.628  -49.367  30.469 0.0000000000
65017  -32.596  -31.633  20.081 0.0000000000
65039  -36.255  -31.658  19.234 0.0000000000
52964  -25.896  -42.757  23.453 0.0000000000
66069  -27.364  -30.728  24.302 0.0000000000
71460  -41.285  -25.483  14.129 0.0000000000
75976  -44.653  -22.022  12.842 0.0000000000
78184  -47.012  -19.289  11.406 0.0000000000
44334  -10.209  -51.063  31.673 0.0000000000
44288  -6.837  -50.765  34.904 0.0000000000
68105  -36.132  -29.026  18.413 0.0000000000
71387  -35.642  -25.857  17.895 0.0000000000
71438  -37.118  -25.266  15.172 0.0000000000
44371  -14.251  -51.254  30.425 0.0000000000
48711  -22.656  -46.779  26.901 0.0000000000
50841  -24.134  -45.262  26.221 0.0000000000
61517  -33.414  -34.975  22.545 0.0000000000
53887  -19.364  -41.257  26.030 0.0000000000
50837  -19.923  -44.004  26.165 0.0000000000
48697  -20.412  -47.393  27.629 0.0000000000
64937  -32.659  -31.516  24.272 0.0000000000
66090  -30.263  -30.149  22.093 0.0000000000
74863  -40.171  -21.947  13.738 0.0000000000
73771  -43.385  -23.492  13.630 0.0000000000
75986  -41.669  -20.725  12.708 0.0000000000
79288  -45.239  -18.330  11.239 0.0000000000
80356  -45.728  -17.289  10.317 0.0000000000
79302  -48.830  -18.833  9.896 0.0000000000
81421  -48.335  -16.289  8.941 0.0000000000
82478  -49.046  -15.522  8.759 0.0000000000
67117  -35.210  -29.826  21.156 0.0000000000
66154  -36.687  -30.663  18.796 0.0000000000
69058  -34.306  -28.449  21.293 0.0000000000
71384  -32.204  -24.638  18.272 0.0000000000
73714  -33.980  -23.255  16.978 0.0000000000
71408  -36.391  -25.694  17.203 0.0000000000
73727  -35.718  -23.084  16.084 0.0000000000
73742  -37.666  -22.939  14.809 0.0000000000
53982  -27.154  -40.919  21.325 0.0000000000
46547  -12.252  -48.299  30.266 0.0000000000
46589  -14.262  -48.392  28.528 0.0000000000
41043  -6.113  -53.124  37.218 0.0000000000
42128  -5.285  -53.097  38.563 0.0000000000
80309  -41.457  -17.895  14.296 0.0000000000
64981  -41.038  -31.375  22.285 0.0000000000
58208  -30.998  -37.511  21.173 0.0000000000
49741  -16.191  -45.062  27.445 0.0000000000
46591  -16.213  -48.504  28.380 0.0000000000
47650  -18.627  -47.635  28.123 0.0000000000
85939  -52.871  -12.207  4.876 0.0000000000
61574  -34.220  -35.100  19.416 0.0000000000
61596  -36.598  -34.449  19.210 0.0000000000
63815  -34.787  -32.525  19.636 0.0000000000
54975  -21.048  -40.849  24.714 0.0000000000
52929  -23.180  -43.034  24.943 0.0000000000
54998  -23.298  -40.372  22.803 0.0000000000
56197  -25.483  -39.433  21.421 0.0000000000
57254  -27.104  -38.447  20.609 0.0000000000
62609  -26.513  -33.903  24.368 0.0000000000
61547  -27.182  -34.532  20.529 0.0000000000
63790  -28.329  -32.633  20.131 0.0000000000
62653  -30.884  -33.568  19.805 0.0000000000
69123  -42.032  -27.946  15.668 0.0000000000
78160  -42.978  -19.360  12.246 0.0000000000
77062  -46.351  -20.467  12.544 0.0000000000
82492  -50.645  -15.189  8.170 0.0000000000
44317  -8.097  -51.147  33.494 0.0000000000
42187  -8.079  -53.240  35.113 0.0000000000
62669  -38.210  -33.313  19.668 0.0000000000
65042  -39.335  -31.552  19.469 0.0000000000
68093  -38.575  -28.591  19.120 0.0000000000
70151  -32.989  -26.811  19.810 0.0000000000
70165  -35.366  -26.755  18.470 0.0000000000
69072  -38.202  -27.141  19.894 0.0000000000
72585  -37.992  -25.503  19.323 0.0000000000
71411  -39.099  -26.114  18.320 0.0000000000
70213  -40.201  -27.737  16.659 0.0000000000
71458  -38.843  -25.560  14.341 0.0000000000
74849  -39.280  -21.793  14.443 0.0000000000
51929  -25.874  -44.692  26.111 0.0000000000
47586  -11.174  -47.930  31.843 0.0000000000
44352  -11.817  -51.327  30.710 0.0000000000
45472  -16.631  -50.174  30.579 0.0000000000
39986  -3.872  -54.523  37.863 0.0000000000
50827  -21.857  -45.345  26.072 0.0000000000
49760  -23.062  -46.091  26.311 0.0000000000
50840  -23.223  -45.383  25.695 0.0000000000
60336  -34.988  -35.477  22.326 0.0000000000
51922  -20.086  -42.763  25.563 0.0000000000
51908  -19.737  -43.142  25.944 0.0000000000
50838  -20.767  -44.294  25.799 0.0000000000
49758  -20.747  -46.170  26.766 0.0000000000
77031  -40.239  -20.200  14.082 0.0000000000
75973  -41.322  -21.221  12.875 0.0000000000
78141  -40.538  -19.734  13.873 0.0000000000
82450  -45.127  -15.200  10.847 0.0000000000
81399  -45.055  -16.459  10.728 0.0000000000
81408  -45.764  -16.287  10.046 0.0000000000
80370  -47.060  -16.666  9.523 0.0000000000
82465  -46.685  -15.626  9.561 0.0000000000
82477  -47.934  -15.085  8.792 0.0000000000
68071  -34.511  -28.892  21.013 0.0000000000
74783  -33.772  -22.223  18.814 0.0000000000
73726  -34.753  -23.189  16.544 0.0000000000
75928  -36.124  -21.533  17.014 0.0000000000
75929  -37.009  -21.345  16.686 0.0000000000
55019  -28.373  -40.658  21.327 0.0000000000
52967  -28.875  -42.059  23.299 0.0000000000
53965  -29.541  -41.354  22.399 0.0000000000
47633  -13.258  -47.317  29.158 0.0000000000
48679  -13.859  -46.419  28.610 0.0000000000
84698  -51.781  -13.469  6.249 0.0000000000
41032  -5.502  -53.343  38.024 0.0000000000
61489  -39.675  -34.401  24.272 0.0000000000
63745  -40.203  -32.764  22.587 0.0000000000
59177  -30.987  -36.542  21.894 0.0000000000
58178  -32.591  -37.345  22.833 0.0000000000
51889  -17.591  -43.326  27.347 0.0000000000
51888  -16.892  -43.273  27.781 0.0000000000
51868  -16.050  -43.169  28.312 0.0000000000
49754  -16.893  -45.005  27.315 0.0000000000
48693  -16.560  -46.273  27.521 0.0000000000
48694  -17.861  -46.532  27.563 0.0000000000
48682  -21.283  -48.220  28.495 0.0000000000
47638  -20.553  -48.553  29.110 0.0000000000
63836  -32.985  -33.069  18.781 0.0000000000
62688  -33.887  -33.593  18.769 0.0000000000
65038  -33.786  -31.936  20.093 0.0000000000
56154  -21.159  -39.502  24.469 0.0000000000
54989  -22.120  -40.407  23.864 0.0000000000
56165  -22.293  -39.468  23.609 0.0000000000
57225  -25.040  -38.330  22.559 0.0000000000
57226  -26.068  -38.329  22.398 0.0000000000
57253  -26.458  -38.808  20.852 0.0000000000
58191  -26.930  -37.520  22.483 0.0000000000
66042  -27.788  -30.933  26.320 0.0000000000
63741  -26.268  -32.835  23.530 0.0000000000
62632  -26.262  -34.221  21.893 0.0000000000
63756  -26.052  -32.852  22.193 0.0000000000
62650  -27.889  -33.614  20.253 0.0000000000
64992  -27.378  -31.373  21.172 0.0000000000
66107  -31.333  -30.734  20.867 0.0000000000
66124  -30.507  -30.775  20.109 0.0000000000
65016  -31.846  -31.796  19.627 0.0000000000
61572  -32.322  -33.939  19.499 0.0000000000
71442  -41.960  -26.439  14.603 0.0000000000
70216  -43.425  -27.598  15.505 0.0000000000
71461  -42.405  -25.509  14.139 0.0000000000
74867  -44.046  -22.724  13.207 0.0000000000
73758  -44.010  -23.742  13.978 0.0000000000
80325  -42.707  -16.898  13.532 0.0000000000
79278  -42.229  -18.554  12.434 0.0000000000
79279  -42.932  -18.359  12.078 0.0000000000
78183  -45.958  -19.192  11.591 0.0000000000
78182  -45.056  -19.005  11.863 0.0000000000
78164  -46.657  -19.799  12.140 0.0000000000
77047  -47.898  -21.169  12.820 0.0000000000
82491  -49.706  -14.905  8.376 0.0000000000
84682  -49.653  -13.592  7.730 0.0000000000
83540  -50.613  -13.737  7.306 0.0000000000
46510  -9.724  -48.905  33.067 0.0000000000
46509  -9.143  -49.315  33.338 0.0000000000
45421  -9.075  -50.577  32.715 0.0000000000
42202  -8.651  -52.829  34.274 0.0000000000
41057  -8.633  -53.630  36.767 0.0000000000
63840  -36.277  -32.696  18.822 0.0000000000
62668  -37.695  -33.951  19.820 0.0000000000
63841  -37.316  -32.567  18.762 0.0000000000
67147  -35.798  -29.872  18.855 0.0000000000
66155  -37.795  -30.586  18.443 0.0000000000
67149  -37.700  -29.579  18.491 0.0000000000
66143  -39.441  -30.499  19.264 0.0000000000
68106  -37.157  -28.875  18.600 0.0000000000
72545  -32.275  -24.526  20.272 0.0000000000
71386  -34.248  -25.946  17.592 0.0000000000
70182  -33.338  -26.215  17.981 0.0000000000
71363  -35.101  -26.234  18.238 0.0000000000
70166  -36.520  -26.628  18.763 0.0000000000
71364  -36.083  -26.097  18.718 0.0000000000
71366  -37.710  -26.093  19.984 0.0000000000
71388  -37.047  -25.803  18.559 0.0000000000
71425  -37.194  -25.859  16.361 0.0000000000
71409  -37.530  -25.920  17.575 0.0000000000
71426  -38.027  -26.511  16.880 0.0000000000
70198  -39.344  -26.561  18.015 0.0000000000
70227  -38.696  -26.854  16.533 0.0000000000
70228  -39.303  -27.202  15.925 0.0000000000
71457  -37.808  -25.365  14.528 0.0000000000
74838  -38.442  -21.633  15.524 0.0000000000
73755  -38.608  -23.045  14.244 0.0000000000
74839  -39.103  -21.120  15.472 0.0000000000
52949  -24.521  -42.906  24.206 0.0000000000
52931  -25.038  -44.012  24.760 0.0000000000
52950  -25.565  -43.481  24.219 0.0000000000
45491  -13.396  -49.480  29.425 0.0000000000
45468  -12.631  -49.752  30.011 0.0000000000
44370  -13.255  -51.059  30.271 0.0000000000
46569  -17.202  -49.202  29.018 0.0000000000
46568  -16.061  -49.510  29.226 0.0000000000
46531  -17.721  -49.925  30.824 0.0000000000
47653  -22.209  -48.193  28.191 0.0000000000
48700  -23.323  -47.177  27.581 0.0000000000
50807  -24.843  -45.797  27.667 0.0000000000
50831  -25.564  -45.244  27.996 0.0000000000
61502  -32.329  -35.077  22.930 0.0000000000
59154  -33.438  -36.731  23.662 0.0000000000
53886  -18.697  -41.319  26.601 0.0000000000
51907  -19.029  -43.130  26.497 0.0000000000
50824  -19.125  -44.301  26.578 0.0000000000
49743  -19.200  -46.307  27.189 0.0000000000
49757  -19.640  -45.628  26.811 0.0000000000
48709  -20.886  -47.126  27.169 0.0000000000
64975  -32.382  -31.162  21.907 0.0000000000
64976  -33.369  -31.700  22.302 0.0000000000
66044  -28.976  -30.103  25.516 0.0000000000
66088  -28.294  -30.260  22.773 0.0000000000
64951  -30.901  -30.500  23.084 0.0000000000
72655  -41.011  -23.488  13.442 0.0000000000
72640  -41.891  -24.617  13.788 0.0000000000
73769  -41.355  -22.984  13.264 0.0000000000
74875  -42.365  -21.819  12.820 0.0000000000
74876  -42.869  -21.694  12.658 0.0000000000
80344  -43.827  -17.552  11.630 0.0000000000
81398  -44.403  -16.614  11.419 0.0000000000
79299  -45.701  -17.992  10.696 0.0000000000
79290  -46.964  -18.704  10.718 0.0000000000
78199  -48.426  -19.385  10.611 0.0000000000
79301  -47.547  -18.418  9.993 0.0000000000
79322  -48.295  -18.001  9.466 0.0000000000
80372  -48.819  -17.258  9.144 0.0000000000
82489  -48.330  -14.492  8.630 0.0000000000
43306  -10.821  -51.910  32.086 0.0000000000
43305  -10.020  -51.963  32.338 0.0000000000
42218  -11.246  -52.687  33.445 0.0000000000
66140  -35.703  -30.894  19.946 0.0000000000
66141  -36.335  -31.006  19.235 0.0000000000
67130  -35.128  -29.812  20.454 0.0000000000
68082  -34.908  -29.368  20.226 0.0000000000
68090  -34.504  -28.634  19.282 0.0000000000
73683  -32.611  -23.245  20.014 0.0000000000
74760  -33.153  -22.571  19.525 0.0000000000
72597  -32.973  -24.149  17.619 0.0000000000
71406  -33.816  -25.089  17.084 0.0000000000
72599  -34.319  -24.615  16.679 0.0000000000
72609  -35.696  -24.536  16.024 0.0000000000
71437  -36.543  -24.749  15.446 0.0000000000
72636  -37.502  -24.469  14.512 0.0000000000
73741  -36.614  -22.991  15.519 0.0000000000
53938  -26.282  -42.034  22.640 0.0000000000
52951  -26.722  -43.355  24.388 0.0000000000
52966  -28.121  -42.366  23.403 0.0000000000
46565  -13.104  -48.363  29.449 0.0000000000
45492  -14.379  -49.978  29.223 0.0000000000
42173  -6.218  -52.160  35.962 0.0000000000
44277  -6.236  -50.391  36.032 0.0000000000
42158  -5.488  -52.056  37.079 0.0000000000
42145  -5.109  -52.457  37.979 0.0000000000
42144  -4.699  -52.386  38.247 0.0000000000
66111  -41.096  -30.490  21.614 0.0000000000
57257  -30.211  -38.377  20.179 0.0000000000
55001  -31.083  -41.218  22.120 0.0000000000
51867  -14.952  -43.325  28.774 0.0000000000
50804  -14.448  -44.304  28.388 0.0000000000
48691  -14.516  -46.436  28.118 0.0000000000
48692  -15.456  -46.438  27.828 0.0000000000
47649  -17.540  -47.677  28.061 0.0000000000
47636  -18.470  -48.571  28.905 0.0000000000
47651  -19.361  -47.573  28.083 0.0000000000
47637  -19.539  -48.475  28.821 0.0000000000
47618  -19.217  -49.150  30.032 0.0000000000
87087  -52.250  -11.682  5.325 0.0000000000
60351  -34.750  -35.481  21.275 0.0000000000
60369  -36.465  -35.433  20.535 0.0000000000
61575  -35.334  -35.084  19.414 0.0000000000
63839  -35.254  -32.927  18.944 0.0000000000
63816  -35.551  -32.226  19.670 0.0000000000
64997  -34.199  -32.112  21.489 0.0000000000
65020  -35.370  -31.950  20.726 0.0000000000
65021  -35.528  -31.528  20.570 0.0000000000
67118  -35.471  -29.917  22.012 0.0000000000
52927  -21.278  -42.522  25.097 0.0000000000
51925  -22.692  -43.695  25.053 0.0000000000
53904  -22.375  -42.033  24.446 0.0000000000
53921  -22.725  -41.499  23.861 0.0000000000
54999  -24.012  -40.851  22.517 0.0000000000
57223  -23.261  -38.835  22.980 0.0000000000
55016  -23.905  -40.119  22.339 0.0000000000
53960  -25.084  -41.158  21.995 0.0000000000
53981  -26.333  -40.911  21.414 0.0000000000
55053  -27.163  -39.691  20.509 0.0000000000
57255  -27.969  -38.465  20.110 0.0000000000
60315  -27.242  -35.589  24.133 0.0000000000
60331  -27.018  -35.599  22.172 0.0000000000
59189  -27.465  -36.698  20.798 0.0000000000
58219  -28.429  -37.563  20.021 0.0000000000
60364  -28.831  -35.702  20.117 0.0000000000
61549  -29.316  -34.964  20.272 0.0000000000
61531  -29.923  -34.578  20.695 0.0000000000
66122  -28.771  -30.578  20.841 0.0000000000
62652  -29.997  -33.535  19.802 0.0000000000
62635  -30.458  -34.129  20.314 0.0000000000
61534  -32.422  -34.728  21.296 0.0000000000
61552  -33.401  -34.936  20.393 0.0000000000
53902  -20.840  -41.494  25.116 0.0000000000
71462  -43.388  -25.359  14.259 0.0000000000
78158  -41.510  -19.632  12.801 0.0000000000
77058  -42.645  -20.270  12.394 0.0000000000
77059  -43.559  -20.308  12.273 0.0000000000
78181  -44.216  -19.004  11.851 0.0000000000
78162  -44.757  -19.723  12.179 0.0000000000
75990  -44.962  -21.403  12.707 0.0000000000
75978  -46.702  -21.835  12.983 0.0000000000
83530  -51.330  -14.647  7.669 0.0000000000
84689  -50.837  -13.484  6.966 0.0000000000
85910  -50.619  -12.406  6.354 0.0000000000
46497  -8.243  -49.040  34.203 0.0000000000
45383  -7.343  -50.344  34.244 0.0000000000
43293  -8.606  -52.007  33.415 0.0000000000
43281  -8.012  -52.044  33.918 0.0000000000
43268  -7.012  -51.743  34.907 0.0000000000
41065  -7.435  -53.456  35.756 0.0000000000
61555  -37.613  -34.795  20.546 0.0000000000
61556  -38.265  -34.566  21.018 0.0000000000
62637  -39.353  -33.250  21.275 0.0000000000
65054  -37.151  -31.544  18.557 0.0000000000
63819  -38.928  -32.157  19.379 0.0000000000
63775  -39.827  -32.348  20.808 0.0000000000
65023  -40.458  -31.254  20.684 0.0000000000
66128  -40.574  -30.446  20.596 0.0000000000
67120  -40.257  -28.845  20.525 0.0000000000
70152  -33.307  -27.336  20.276 0.0000000000
69070  -33.443  -27.399  19.343 0.0000000000
71344  -32.088  -25.073  19.456 0.0000000000
69082  -33.741  -27.146  18.736 0.0000000000
69083  -34.514  -27.768  18.705 0.0000000000
69097  -37.194  -28.119  18.748 0.0000000000
69087  -38.480  -27.847  19.670 0.0000000000
72586  -38.602  -25.528  19.213 0.0000000000
70214  -41.194  -28.093  16.079 0.0000000000
71441  -40.790  -26.545  14.613 0.0000000000
71459  -40.077  -25.443  14.307 0.0000000000
72637  -38.329  -24.450  14.192 0.0000000000
72638  -39.352  -24.312  14.042 0.0000000000
72639  -40.605  -24.132  13.649 0.0000000000
74862  -39.740  -22.212  13.879 0.0000000000
75962  -39.943  -20.772  14.520 0.0000000000
51926  -23.580  -44.058  24.862 0.0000000000
51913  -24.831  -44.868  26.273 0.0000000000
52933  -27.711  -44.062  25.189 0.0000000000
46527  -10.600  -49.520  31.412 0.0000000000
46529  -11.657  -48.308  30.919 0.0000000000
45466  -11.268  -49.761  30.780 0.0000000000
44351  -10.996  -50.915  31.166 0.0000000000
43308  -12.633  -52.425  32.033 0.0000000000
46590  -15.195  -48.489  28.438 0.0000000000
45493  -15.330  -50.091  29.359 0.0000000000
45444  -15.724  -50.854  30.840 0.0000000000
38879  -5.427  -55.375  39.339 0.0000000000
41019  -4.628  -53.512  39.068 0.0000000000
41030  -3.869  -53.077  38.510 0.0000000000
60320  -36.551  -35.690  23.466 0.0000000000
50839  -22.011  -44.769  25.683 0.0000000000
49768  -22.481  -45.548  25.970 0.0000000000
51923  -20.644  -43.414  25.429 0.0000000000
50826  -21.272  -45.237  26.206 0.0000000000
77016  -40.271  -19.728  15.025 0.0000000000
78129  -40.428  -19.575  14.534 0.0000000000
83490  -45.476  -14.071  10.931 0.0000000000
82464  -46.073  -15.254  9.814 0.0000000000
82475  -46.362  -14.775  9.665 0.0000000000
82476  -46.852  -15.030  9.406 0.0000000000
74821  -35.290  -22.171  16.785 0.0000000000
55042  -28.759  -40.276  20.768 0.0000000000
55020  -28.931  -40.776  21.550 0.0000000000
55021  -29.851  -40.928  21.862 0.0000000000
49722  -13.605  -45.928  29.009 0.0000000000
85912  -52.061  -13.047  5.820 0.0000000000
62611  -39.832  -33.338  23.290 0.0000000000
62612  -40.399  -32.643  23.354 0.0000000000
60333  -30.774  -35.443  22.028 0.0000000000
59178  -31.524  -36.572  22.397 0.0000000000
59166  -32.048  -36.514  22.878 0.0000000000
50823  -18.125  -44.283  27.125 0.0000000000
50822  -17.251  -44.212  27.357 0.0000000000
48708  -17.152  -45.760  27.310 0.0000000000
65036  -32.646  -32.023  19.507 0.0000000000
63813  -33.213  -32.281  19.281 0.0000000000
65018  -33.236  -31.800  20.462 0.0000000000
56155  -21.751  -39.604  24.056 0.0000000000
57209  -26.720  -38.080  23.350 0.0000000000
57227  -26.556  -37.975  22.611 0.0000000000
58206  -26.445  -37.988  21.798 0.0000000000
66053  -27.531  -30.800  25.400 0.0000000000
64934  -26.943  -31.570  24.909 0.0000000000
64950  -26.773  -31.683  23.543 0.0000000000
63740  -26.382  -32.317  22.779 0.0000000000
64949  -26.617  -31.762  22.661 0.0000000000
64991  -26.852  -31.982  21.348 0.0000000000
64973  -26.939  -31.251  22.428 0.0000000000
64994  -31.951  -31.271  20.427 0.0000000000
66125  -31.340  -31.054  19.971 0.0000000000
65035  -32.278  -32.246  19.386 0.0000000000
80336  -42.422  -17.522  12.562 0.0000000000
81387  -42.899  -17.021  12.226 0.0000000000
78165  -47.676  -19.896  12.135 0.0000000000
77063  -47.292  -20.465  12.539 0.0000000000
45422  -9.481  -50.019  32.312 0.0000000000
44333  -9.344  -51.144  32.303 0.0000000000
65053  -36.782  -32.124  18.755 0.0000000000
67148  -36.900  -29.762  18.651 0.0000000000
71439  -38.218  -26.326  15.467 0.0000000000
53923  -24.525  -42.440  23.530 0.0000000000
52963  -25.037  -42.715  23.623 0.0000000000
45469  -13.787  -50.519  29.727 0.0000000000
44354  -13.979  -51.817  31.307 0.0000000000
46570  -17.949  -48.915  29.337 0.0000000000
46550  -17.943  -49.465  30.094 0.0000000000
45365  -7.082  -49.608  34.793 0.0000000000
44278  -6.633  -50.177  35.406 0.0000000000
60323  -38.894  -35.044  23.379 0.0000000000
48699  -22.405  -47.629  27.498 0.0000000000
48683  -23.049  -47.942  28.296 0.0000000000
50828  -23.685  -45.638  26.400 0.0000000000
49761  -23.714  -46.028  26.857 0.0000000000
50829  -24.277  -45.559  27.005 0.0000000000
50842  -24.598  -45.188  26.716 0.0000000000
61516  -32.676  -34.849  22.351 0.0000000000
54963  -19.265  -40.365  26.594 0.0000000000
50836  -19.445  -43.642  26.316 0.0000000000
51890  -18.323  -43.290  26.905 0.0000000000
48710  -21.669  -46.928  27.078 0.0000000000
48698  -21.369  -47.883  27.769 0.0000000000
64953  -32.542  -31.305  23.127 0.0000000000
66055  -29.046  -30.226  24.501 0.0000000000
64923  -31.813  -31.164  25.143 0.0000000000
64936  -31.710  -31.033  23.970 0.0000000000
64952  -31.508  -30.817  22.811 0.0000000000
73768  -40.463  -23.010  13.393 0.0000000000
74864  -40.889  -22.119  13.167 0.0000000000
74865  -41.869  -22.211  13.018 0.0000000000
75974  -41.942  -21.594  12.834 0.0000000000
75987  -42.221  -21.103  12.602 0.0000000000
81389  -43.992  -16.199  11.748 0.0000000000
82449  -44.773  -16.001  11.237 0.0000000000
79300  -46.456  -18.097  10.351 0.0000000000
80357  -46.734  -17.262  9.771 0.0000000000
80371  -47.676  -17.154  9.363 0.0000000000
81422  -49.431  -16.444  8.976 0.0000000000
83518  -47.338  -14.222  9.194 0.0000000000
67131  -35.392  -30.273  20.764 0.0000000000
68081  -34.524  -28.872  20.374 0.0000000000
68091  -34.882  -29.189  19.485 0.0000000000
69071  -33.729  -28.234  20.044 0.0000000000
74804  -33.981  -22.503  17.723 0.0000000000
74803  -33.350  -22.796  18.158 0.0000000000
73713  -33.381  -23.352  17.553 0.0000000000
71405  -33.271  -24.698  17.332 0.0000000000
72598  -33.585  -24.183  16.973 0.0000000000
72607  -34.285  -23.917  16.616 0.0000000000
72608  -35.112  -24.225  16.363 0.0000000000
72620  -35.748  -23.955  15.961 0.0000000000
72621  -36.204  -24.204  15.642 0.0000000000
73740  -36.068  -23.579  15.786 0.0000000000
72622  -36.873  -24.135  15.084 0.0000000000
75948  -37.486  -21.552  16.231 0.0000000000
53962  -26.821  -41.440  21.910 0.0000000000
52965  -27.049  -42.596  23.476 0.0000000000
53939  -27.437  -41.850  22.706 0.0000000000
53924  -29.597  -42.119  23.315 0.0000000000
52953  -29.051  -42.878  23.889 0.0000000000
46588  -13.612  -48.180  28.837 0.0000000000
46566  -13.880  -49.018  28.892 0.0000000000
41054  -6.307  -52.865  36.266 0.0000000000
42159  -5.933  -52.447  36.583 0.0000000000
41042  -5.520  -52.770  37.619 0.0000000000
42127  -5.063  -52.830  38.955 0.0000000000
63746  -40.770  -32.077  22.896 0.0000000000
64960  -41.430  -31.415  23.225 0.0000000000
66095  -41.593  -30.696  22.619 0.0000000000
57244  -30.897  -38.448  20.806 0.0000000000
56202  -31.266  -39.232  21.250 0.0000000000
57245  -31.436  -38.443  21.277 0.0000000000
50805  -15.464  -44.125  27.861 0.0000000000
49740  -15.380  -45.290  27.665 0.0000000000
47635  -17.683  -48.596  28.658 0.0000000000
48695  -18.863  -46.891  27.606 0.0000000000
48696  -19.645  -47.099  27.651 0.0000000000
47619  -20.176  -49.006  30.102 0.0000000000
60367  -34.508  -35.422  20.271 0.0000000000
60387  -35.157  -35.448  19.935 0.0000000000
63838  -34.349  -33.027  19.085 0.0000000000
62689  -34.718  -33.671  18.671 0.0000000000
63795  -35.056  -32.229  20.492 0.0000000000
64977  -34.324  -31.834  22.553 0.0000000000
64999  -35.736  -31.105  22.189 0.0000000000
66126  -35.588  -30.723  21.277 0.0000000000
52928  -22.233  -42.718  24.762 0.0000000000
53903  -21.756  -41.569  24.585 0.0000000000
54997  -22.649  -40.374  23.345 0.0000000000
53935  -23.043  -40.889  23.261 0.0000000000
53936  -23.598  -41.287  23.100 0.0000000000
57241  -25.267  -38.716  21.785 0.0000000000
57240  -24.588  -38.812  22.031 0.0000000000
56196  -24.826  -39.446  21.691 0.0000000000
55017  -24.697  -40.482  21.910 0.0000000000
55038  -25.138  -39.944  21.546 0.0000000000
53980  -25.907  -40.885  21.533 0.0000000000
55039  -25.703  -40.401  21.434 0.0000000000
57243  -26.562  -38.260  21.141 0.0000000000
56210  -26.825  -39.325  20.604 0.0000000000
56211  -27.488  -39.231  20.331 0.0000000000
58218  -27.671  -37.605  20.489 0.0000000000
62596  -26.862  -33.492  25.367 0.0000000000
62582  -26.997  -33.242  26.167 0.0000000000
62610  -26.741  -34.392  24.788 0.0000000000
61500  -26.974  -34.771  24.709 0.0000000000
60314  -26.868  -35.443  23.128 0.0000000000
61499  -26.707  -34.713  23.611 0.0000000000
60347  -27.115  -35.710  21.052 0.0000000000
59202  -28.017  -36.874  20.281 0.0000000000
60363  -27.805  -35.858  20.126 0.0000000000
59203  -28.645  -36.626  20.031 0.0000000000
61548  -28.335  -34.745  20.024 0.0000000000
60348  -29.866  -35.300  20.894 0.0000000000
62651  -29.209  -33.894  19.968 0.0000000000
66089  -29.276  -29.947  22.399 0.0000000000
66104  -28.321  -30.341  21.599 0.0000000000
66105  -29.419  -30.177  21.367 0.0000000000
65015  -30.712  -31.657  19.491 0.0000000000
65033  -29.748  -31.861  19.456 0.0000000000
63792  -30.267  -32.584  19.468 0.0000000000
61533  -31.260  -34.468  20.766 0.0000000000
61550  -31.668  -33.966  19.832 0.0000000000
61573  -33.160  -34.364  19.252 0.0000000000
60366  -33.950  -35.262  20.419 0.0000000000
60350  -33.957  -35.290  21.008 0.0000000000
54987  -20.867  -40.202  24.581 0.0000000000
54974  -20.389  -40.462  25.071 0.0000000000
69110  -42.109  -28.254  16.573 0.0000000000
70232  -43.689  -26.877  15.076 0.0000000000
70217  -44.422  -27.258  15.823 0.0000000000
72657  -42.529  -23.970  13.696 0.0000000000
72641  -42.847  -24.639  14.044 0.0000000000
72658  -43.119  -24.080  13.970 0.0000000000
79267  -41.126  -18.506  13.800 0.0000000000
78159  -42.078  -19.459  12.474 0.0000000000
80345  -44.457  -17.556  11.329 0.0000000000
79287  -44.399  -18.305  11.584 0.0000000000
78163  -45.679  -19.786  12.196 0.0000000000
77061  -45.280  -20.701  12.548 0.0000000000
77045  -46.205  -21.159  12.746 0.0000000000
75979  -47.568  -21.791  13.177 0.0000000000
82479  -50.048  -15.724  8.747 0.0000000000
84688  -50.166  -13.319  7.177 0.0000000000
84696  -50.593  -13.070  6.709 0.0000000000
84697  -51.148  -13.116  6.496 0.0000000000
45404  -8.683  -49.990  33.324 0.0000000000
45385  -8.410  -49.321  33.819 0.0000000000
45384  -7.823  -49.601  33.999 0.0000000000
45403  -7.829  -50.427  33.781 0.0000000000
42217  -10.144  -52.632  33.328 0.0000000000
43294  -9.247  -52.022  32.823 0.0000000000
42216  -9.260  -52.557  33.604 0.0000000000
42201  -7.815  -52.664  34.423 0.0000000000
43280  -7.471  -51.983  34.369 0.0000000000
42186  -7.296  -52.664  35.070 0.0000000000
41045  -8.249  -53.899  37.762 0.0000000000
61576  -36.320  -34.934  19.637 0.0000000000
60370  -37.161  -35.528  20.976 0.0000000000
61554  -36.878  -34.949  20.057 0.0000000000
63817  -37.703  -33.247  19.175 0.0000000000
62654  -37.913  -34.183  20.337 0.0000000000
62655  -38.479  -33.844  20.616 0.0000000000
63797  -38.799  -32.882  19.821 0.0000000000
66153  -36.029  -30.550  19.278 0.0000000000
65040  -36.622  -31.232  18.884 0.0000000000
66142  -38.659  -30.563  18.674 0.0000000000
65041  -38.607  -31.436  18.781 0.0000000000
63798  -39.431  -32.250  19.966 0.0000000000
65001  -40.293  -31.707  20.833 0.0000000000
65022  -39.971  -31.327  20.178 0.0000000000
67141  -39.295  -29.381  19.248 0.0000000000
66127  -40.050  -30.448  19.999 0.0000000000
67132  -40.047  -29.509  20.085 0.0000000000
67133  -40.539  -29.743  20.510 0.0000000000
68094  -39.359  -28.765  19.672 0.0000000000
71324  -32.764  -25.589  21.241 0.0000000000
70136  -33.104  -26.577  20.765 0.0000000000
72566  -32.128  -23.943  19.282 0.0000000000
72544  -32.111  -24.714  19.723 0.0000000000
71361  -32.037  -24.959  18.652 0.0000000000
70164  -34.169  -26.682  18.323 0.0000000000
70163  -32.974  -26.663  18.750 0.0000000000
69084  -35.856  -27.433  18.358 0.0000000000
69096  -36.448  -28.180  18.441 0.0000000000
70167  -37.444  -26.719  19.489 0.0000000000
69086  -37.761  -27.747  19.240 0.0000000000
69073  -38.954  -27.553  20.230 0.0000000000
72568  -38.018  -25.657  19.985 0.0000000000
71410  -38.589  -26.126  17.861 0.0000000000
71389  -38.084  -25.654  18.535 0.0000000000
71390  -38.874  -25.787  18.677 0.0000000000
70212  -39.363  -27.170  17.095 0.0000000000
70184  -40.090  -26.554  18.498 0.0000000000
70199  -40.264  -27.098  17.767 0.0000000000
70200  -41.342  -27.804  17.501 0.0000000000
71440  -39.530  -26.593  14.813 0.0000000000
70229  -40.354  -27.519  15.349 0.0000000000
73754  -37.998  -23.730  14.311 0.0000000000
73756  -39.669  -23.088  13.619 0.0000000000
75961  -39.654  -21.223  14.647 0.0000000000
51928  -25.374  -44.597  25.709 0.0000000000
51914  -25.564  -44.868  26.556 0.0000000000
52952  -27.890  -43.064  24.287 0.0000000000
53943  -31.158  -41.694  22.874 0.0000000000
46519  -10.590  -48.378  32.372 0.0000000000
46528  -11.049  -48.922  31.244 0.0000000000
46530  -11.926  -47.808  30.911 0.0000000000
44369  -12.241  -50.731  30.283 0.0000000000
45467  -11.771  -49.843  30.418 0.0000000000
44368  -11.510  -50.461  30.653 0.0000000000
44367  -11.133  -50.245  30.878 0.0000000000
43316  -11.587  -51.663  31.162 0.0000000000
43317  -12.212  -52.117  31.192 0.0000000000
47647  -15.362  -47.479  28.132 0.0000000000
46548  -16.399  -49.837  30.104 0.0000000000
45471  -15.932  -50.212  30.232 0.0000000000
87100  -52.615  -11.876  4.979 0.0000000000
38881  -4.247  -55.260  38.356 0.0000000000
38878  -4.641  -55.200  39.138 0.0000000000
39978  -4.037  -54.274  38.945 0.0000000000
41031  -4.020  -53.481  39.004 0.0000000000
39985  -3.798  -53.727  38.212 0.0000000000
49759  -21.967  -46.000  26.318 0.0000000000
60335  -34.078  -35.190  22.030 0.0000000000
52925  -19.766  -42.160  25.765 0.0000000000
51909  -20.249  -43.726  25.827 0.0000000000
50825  -20.234  -44.943  26.392 0.0000000000
64924  -32.827  -31.488  25.344 0.0000000000
75972  -40.511  -21.131  13.583 0.0000000000
77043  -40.769  -20.355  13.396 0.0000000000
77044  -41.310  -20.282  12.893 0.0000000000
81409  -46.586  -16.191  9.668 0.0000000000
81420  -47.292  -16.016  9.327 0.0000000000
68072  -34.859  -29.214  21.365 0.0000000000
69059  -34.963  -28.314  22.467 0.0000000000
70138  -34.478  -27.713  22.139 0.0000000000
74820  -34.487  -22.575  17.033 0.0000000000
74822  -36.154  -22.038  16.313 0.0000000000
73728  -36.325  -22.519  15.941 0.0000000000
53963  -27.999  -41.153  21.852 0.0000000000
53940  -28.437  -41.690  22.751 0.0000000000
53964  -28.992  -41.231  22.249 0.0000000000
53941  -29.255  -41.654  22.788 0.0000000000
48678  -13.413  -46.428  29.094 0.0000000000
47645  -13.787  -47.690  28.604 0.0000000000
83542  -52.005  -14.148  6.999 0.0000000000
83549  -52.235  -13.973  6.224 0.0000000000
41033  -6.292  -54.172  38.023 0.0000000000
41020  -5.562  -53.861  38.757 0.0000000000
63759  -40.678  -32.174  21.966 0.0000000000
59191  -30.376  -36.564  21.087 0.0000000000
58209  -31.446  -37.783  21.480 0.0000000000
58193  -31.772  -37.435  22.064 0.0000000000
58194  -32.289  -37.714  22.393 0.0000000000
57210  -33.057  -38.221  22.991 0.0000000000
52884  -17.906  -42.482  27.308 0.0000000000
53878  -17.777  -42.063  27.675 0.0000000000
52883  -17.302  -42.551  27.800 0.0000000000
52865  -16.812  -42.730  28.164 0.0000000000
50806  -16.412  -44.115  27.597 0.0000000000
48707  -16.688  -45.541  27.360 0.0000000000
48681  -20.824  -48.075  28.411 0.0000000000
48680  -20.059  -47.845  28.280 0.0000000000
62687  -33.182  -33.587  18.796 0.0000000000
61593  -34.057  -34.314  18.724 0.0000000000
63837  -33.473  -32.889  18.940 0.0000000000
63814  -33.911  -32.353  19.531 0.0000000000
63794  -34.366  -32.177  20.183 0.0000000000
54988  -21.512  -40.456  24.326 0.0000000000
53920  -22.036  -40.975  24.191 0.0000000000
56166  -22.865  -39.518  23.058 0.0000000000
57242  -26.002  -38.667  21.423 0.0000000000
58207  -27.000  -37.549  21.254 0.0000000000
64921  -27.365  -31.622  25.907 0.0000000000
63717  -27.004  -32.502  25.564 0.0000000000
61512  -26.584  -34.771  22.503 0.0000000000
62619  -26.220  -33.702  22.785 0.0000000000
62618  -25.981  -33.386  22.232 0.0000000000
61546  -26.794  -33.853  20.708 0.0000000000
63788  -26.831  -32.969  20.743 0.0000000000
63789  -27.316  -32.549  20.609 0.0000000000
65012  -27.844  -31.949  20.460 0.0000000000
66106  -30.394  -30.345  21.097 0.0000000000
63793  -31.203  -32.582  19.458 0.0000000000
63811  -31.959  -32.631  19.384 0.0000000000
62667  -32.713  -33.716  19.107 0.0000000000
70230  -41.584  -27.433  15.146 0.0000000000
69139  -42.424  -27.775  15.421 0.0000000000
70231  -42.679  -27.381  15.073 0.0000000000
71443  -43.040  -26.370  14.403 0.0000000000
73772  -44.359  -23.394  13.715 0.0000000000
80324  -41.723  -17.717  13.426 0.0000000000
80335  -41.828  -18.042  12.753 0.0000000000
82490  -48.826  -14.695  8.542 0.0000000000
83529  -50.314  -14.200  7.724 0.0000000000
84687  -49.513  -12.996  7.534 0.0000000000
45405  -9.263  -49.543  33.011 0.0000000000
44318  -8.736  -51.153  32.892 0.0000000000
41066  -8.235  -53.593  35.974 0.0000000000
62690  -35.722  -33.680  18.689 0.0000000000
61577  -37.063  -34.537  19.605 0.0000000000
62691  -36.901  -33.775  18.873 0.0000000000
67140  -38.581  -29.717  18.650 0.0000000000
68107  -38.019  -28.978  18.513 0.0000000000
68092  -37.750  -28.440  18.797 0.0000000000
71345  -32.443  -25.920  19.888 0.0000000000
71385  -32.802  -25.213  17.794 0.0000000000
70181  -32.778  -26.022  18.199 0.0000000000
70153  -38.039  -26.470  20.094 0.0000000000
71365  -37.191  -25.988  19.411 0.0000000000
72584  -37.555  -25.715  19.440 0.0000000000
71424  -36.107  -25.189  15.999 0.0000000000
70197  -38.881  -26.461  17.764 0.0000000000
70211  -38.774  -26.677  17.381 0.0000000000
73743  -38.322  -22.335  14.774 0.0000000000
74848  -38.699  -21.918  14.821 0.0000000000
52948  -23.508  -42.571  24.304 0.0000000000
52930  -24.057  -43.456  24.740 0.0000000000
52932  -26.314  -44.505  25.412 0.0000000000
45490  -12.818  -48.981  29.741 0.0000000000
44353  -12.782  -51.683  30.717 0.0000000000
46592  -17.032  -48.374  28.284 0.0000000000
46549  -17.030  -49.743  30.172 0.0000000000
61505  -39.571  -34.128  23.480 0.0000000000
61520  -39.506  -33.911  22.914 0.0000000000
47640  -22.413  -48.182  29.156 0.0000000000
47641  -23.253  -47.776  29.196 0.0000000000
48684  -23.777  -47.171  28.628 0.0000000000
49724  -24.447  -46.545  28.661 0.0000000000
48712  -23.413  -46.536  27.004 0.0000000000
49746  -24.108  -46.368  27.695 0.0000000000
61515  -31.687  -35.005  22.217 0.0000000000
60316  -32.010  -35.511  22.895 0.0000000000
52903  -19.128  -42.202  26.251 0.0000000000
52902  -18.440  -42.293  26.752 0.0000000000
49756  -18.723  -45.313  27.081 0.0000000000
49744  -19.991  -46.590  27.176 0.0000000000
49745  -20.450  -46.858  27.126 0.0000000000
47652  -21.714  -48.290  28.565 0.0000000000
64995  -32.550  -31.503  20.897 0.0000000000
64996  -33.249  -31.843  21.304 0.0000000000
66043  -28.265  -30.423  25.907 0.0000000000
66054  -28.125  -30.192  24.924 0.0000000000
66087  -27.444  -30.713  23.175 0.0000000000
66070  -28.182  -30.242  23.847 0.0000000000
66071  -29.170  -30.146  23.463 0.0000000000
66072  -30.224  -30.267  23.096 0.0000000000
64935  -30.861  -30.658  23.645 0.0000000000
66073  -30.847  -30.413  22.631 0.0000000000
66091  -31.139  -30.517  21.895 0.0000000000
66092  -31.730  -30.821  21.577 0.0000000000
72656  -41.617  -23.759  13.475 0.0000000000
73770  -42.286  -23.176  13.292 0.0000000000
74866  -42.928  -22.460  12.993 0.0000000000
75975  -43.665  -21.875  12.721 0.0000000000
81388  -43.529  -16.594  11.963 0.0000000000
81397  -44.028  -17.066  11.555 0.0000000000
80346  -45.041  -17.396  10.889 0.0000000000
79289  -46.211  -18.634  10.970 0.0000000000
78185  -48.088  -19.660  11.434 0.0000000000
78198  -47.566  -19.167  10.776 0.0000000000
80358  -47.399  -17.690  9.648 0.0000000000
79321  -47.707  -17.842  9.582 0.0000000000
44335  -10.907  -51.499  31.632 0.0000000000
42230  -10.723  -52.415  32.687 0.0000000000
67139  -35.484  -30.243  19.746 0.0000000000
67138  -35.183  -29.713  19.562 0.0000000000
67146  -35.190  -29.482  19.044 0.0000000000
68104  -35.169  -28.940  18.744 0.0000000000
73695  -32.501  -23.207  18.953 0.0000000000
74782  -33.076  -22.793  18.710 0.0000000000
73701  -32.865  -23.358  18.168 0.0000000000
72583  -32.308  -24.048  18.265 0.0000000000
71407  -35.075  -25.295  16.808 0.0000000000
71423  -35.461  -24.869  16.264 0.0000000000
74836  -36.820  -21.908  15.924 0.0000000000
74837  -37.704  -21.720  15.869 0.0000000000
74823  -38.143  -21.436  16.386 0.0000000000
74824  -38.624  -21.252  16.710 0.0000000000
47616  -12.564  -47.237  29.998 0.0000000000
48667  -12.909  -46.320  29.794 0.0000000000
45470  -15.055  -50.930  29.921 0.0000000000
46533  -19.011  -49.304  31.241 0.0000000000
43267  -6.569  -51.533  35.466 0.0000000000
44287  -6.496  -50.848  35.575 0.0000000000
43257  -6.182  -51.339  36.001 0.0000000000
42172  -5.861  -51.852  36.420 0.0000000000
43238  -5.121  -51.244  37.413 0.0000000000
43237  -4.857  -51.352  37.785 0.0000000000
79257  -41.896  -17.972  15.003 0.0000000000
80326  -43.860  -16.756  13.901 0.0000000000
67108  -41.456  -29.678  22.077 0.0000000000
56214  -30.012  -39.273  20.367 0.0000000000
55044  -30.287  -40.385  21.282 0.0000000000
56201  -30.555  -39.444  20.977 0.0000000000
55023  -31.840  -40.471  21.921 0.0000000000
59167  -32.721  -36.575  23.233 0.0000000000
51866  -14.376  -43.550  29.263 0.0000000000
49739  -14.618  -45.537  27.983 0.0000000000
47648  -16.376  -47.471  28.024 0.0000000000
47617  -18.476  -49.131  29.746 0.0000000000
49742  -18.475  -46.081  27.306 0.0000000000
85923  -52.063  -12.191  5.544 0.0000000000
60352  -35.704  -35.629  21.448 0.0000000000
60368  -35.386  -35.536  20.556 0.0000000000
60388  -35.745  -35.343  19.980 0.0000000000
61595  -36.000  -34.431  19.015 0.0000000000
61594  -35.023  -34.494  18.759 0.0000000000
65019  -33.893  -32.107  20.713 0.0000000000
63773  -34.499  -32.239  20.792 0.0000000000
64978  -35.106  -31.462  22.846 0.0000000000
64998  -35.078  -31.842  21.499 0.0000000000
63796  -35.402  -31.986  20.336 0.0000000000
67119  -36.056  -29.311  23.086 0.0000000000
51924  -21.743  -43.664  25.134 0.0000000000
51910  -22.365  -44.188  25.246 0.0000000000
52947  -22.779  -42.391  24.433 0.0000000000
53922  -23.929  -42.091  23.638 0.0000000000
53937  -24.823  -41.804  22.743 0.0000000000
57205  -22.725  -38.771  23.551 0.0000000000
56179  -23.512  -39.439  22.561 0.0000000000
57224  -24.004  -38.552  22.592 0.0000000000
53961  -25.743  -41.284  21.830 0.0000000000
56198  -26.145  -39.482  20.991 0.0000000000
55040  -26.786  -40.239  20.770 0.0000000000
55041  -27.832  -40.459  21.029 0.0000000000
55055  -28.153  -40.071  20.590 0.0000000000
56199  -29.053  -39.766  20.357 0.0000000000
59164  -27.215  -36.394  23.208 0.0000000000
59176  -27.205  -36.576  21.814 0.0000000000
57256  -28.980  -38.447  19.853 0.0000000000
58220  -29.362  -37.392  19.912 0.0000000000
58221  -30.159  -37.080  20.409 0.0000000000
60365  -29.446  -35.668  20.501 0.0000000000
59190  -29.867  -36.033  20.860 0.0000000000
60332  -30.127  -35.007  21.549 0.0000000000
66103  -27.599  -30.682  22.203 0.0000000000
64993  -28.175  -30.796  20.865 0.0000000000
65013  -28.575  -31.430  20.296 0.0000000000
66123  -29.532  -30.683  20.477 0.0000000000
63791  -29.368  -32.474  19.706 0.0000000000
62634  -30.004  -34.135  20.345 0.0000000000
61532  -30.405  -34.491  20.876 0.0000000000
61514  -30.723  -34.880  21.476 0.0000000000
61551  -32.335  -34.429  20.173 0.0000000000
61535  -33.327  -34.891  21.637 0.0000000000
54973  -19.775  -40.351  25.798 0.0000000000
53901  -20.050  -41.330  25.499 0.0000000000
52926  -20.433  -42.283  25.415 0.0000000000
69125  -43.712  -27.834  16.312 0.0000000000
71444  -44.011  -26.038  14.615 0.0000000000
72642  -43.788  -24.361  14.173 0.0000000000
78130  -40.699  -19.112  14.220 0.0000000000
78142  -41.018  -19.473  13.383 0.0000000000
79277  -41.505  -18.719  12.916 0.0000000000
77057  -41.878  -20.254  12.583 0.0000000000
75988  -43.199  -21.091  12.419 0.0000000000
75989  -44.252  -21.107  12.522 0.0000000000
80337  -43.128  -17.527  11.947 0.0000000000
79286  -43.652  -18.289  11.794 0.0000000000
78180  -43.528  -18.939  11.974 0.0000000000
78161  -43.904  -19.626  12.079 0.0000000000
77060  -44.362  -20.297  12.305 0.0000000000
77046  -46.998  -21.096  12.827 0.0000000000
83541  -51.095  -13.955  7.283 0.0000000000
84690  -51.365  -13.656  6.789 0.0000000000
87073  -51.204  -11.688  5.891 0.0000000000
87072  -50.471  -11.412  6.275 0.0000000000
45366  -7.776  -49.066  34.592 0.0000000000
44302  -7.738  -51.444  34.009 0.0000000000
44301  -7.347  -51.133  34.313 0.0000000000
42185  -6.693  -52.305  35.465 0.0000000000
41064  -6.736  -53.002  35.722 0.0000000000
41055  -6.876  -53.401  36.507 0.0000000000
41056  -7.765  -53.701  36.694 0.0000000000
41044  -7.119  -53.795  37.444 0.0000000000
60353  -36.659  -35.601  21.571 0.0000000000
62636  -38.896  -33.853  21.833 0.0000000000
63818  -38.267  -32.555  19.058 0.0000000000
65055  -37.909  -31.400  18.423 0.0000000000
63842  -37.905  -31.960  18.545 0.0000000000
62656  -39.196  -32.935  20.487 0.0000000000
63758  -40.084  -32.784  21.668 0.0000000000
63776  -40.360  -32.106  21.293 0.0000000000
65002  -40.712  -31.394  21.295 0.0000000000
67121  -40.858  -29.285  20.964 0.0000000000
70137  -33.742  -27.417  21.327 0.0000000000
71325  -33.494  -26.345  21.941 0.0000000000
68103  -34.753  -28.428  18.785 0.0000000000
71362  -32.357  -25.705  18.731 0.0000000000
69095  -35.486  -28.283  18.455 0.0000000000
69085  -36.891  -27.405  18.762 0.0000000000
68083  -38.993  -28.213  19.817 0.0000000000
68084  -39.694  -28.272  20.327 0.0000000000
68075  -40.322  -28.381  20.847 0.0000000000
71346  -38.304  -25.967  20.450 0.0000000000
73757  -40.235  -23.445  13.523 0.0000000000
74850  -39.750  -21.609  14.231 0.0000000000
51911  -22.972  -44.576  25.164 0.0000000000
51912  -23.975  -44.940  25.346 0.0000000000
51927  -24.548  -44.469  25.077 0.0000000000
51891  -25.340  -44.991  26.927 0.0000000000
52905  -27.571  -45.141  26.419 0.0000000000
52904  -26.691  -45.127  26.076 0.0000000000
51915  -26.346  -45.087  26.629 0.0000000000
55000  -30.462  -41.124  21.981 0.0000000000
53942  -30.132  -41.533  22.621 0.0000000000
46518  -10.212  -49.251  31.909 0.0000000000
45442  -10.331  -50.151  31.465 0.0000000000
47597  -11.400  -48.205  31.349 0.0000000000
46546  -11.751  -49.057  30.523 0.0000000000
46545  -11.453  -49.374  30.723 0.0000000000
45443  -10.851  -49.887  31.084 0.0000000000
44350  -10.508  -50.674  31.395 0.0000000000
43307  -11.610  -52.084  31.794 0.0000000000
43318  -13.143  -52.213  31.550 0.0000000000
47646  -14.339  -47.444  28.289 0.0000000000
46567  -14.869  -49.326  28.784 0.0000000000
46532  -18.320  -49.678  31.224 0.0000000000
45445  -16.448  -50.645  31.248 0.0000000000
44355  -15.072  -51.242  31.291 0.0000000000
85924  -52.545  -12.635  5.386 0.0000000000
39970  -6.267  -54.890  39.224 0.0000000000
39969  -5.058  -54.509  39.138 0.0000000000
42126  -4.545  -52.754  38.933 0.0000000000
42143  -4.289  -52.543  38.432 0.0000000000
39993  -3.566  -53.817  37.349 0.0000000000
41041  -3.626  -53.027  37.742 0.0000000000
39977  -3.857  -53.636  38.730 0.0000000000
41018  -4.146  -52.980  39.012 0.0000000000
41063  -6.443  -52.620  35.814 0.0000000000
43256  -5.730  -51.174  36.493 0.0000000000
44316  -7.711  -50.958  33.926 0.0000000000
45402  -7.557  -50.701  34.064 0.0000000000
47634  -13.694  -47.054  28.688 0.0000000000
49767  -22.106  -45.409  26.025 0.0000000000
50830  -25.105  -45.252  27.295 0.0000000000
50847  -20.832  -43.958  25.513 0.0000000000
52882  -17.003  -42.856  27.936 0.0000000000
55018  -25.279  -40.856  21.746 0.0000000000
55022  -30.930  -40.419  21.494 0.0000000000
55043  -29.702  -40.404  21.073 0.0000000000
55054  -27.627  -39.906  20.500 0.0000000000
56180  -24.164  -39.445  22.067 0.0000000000
56181  -31.154  -39.630  21.321 0.0000000000
56212  -28.417  -39.475  20.231 0.0000000000
56213  -29.404  -39.231  20.165 0.0000000000
57195  -33.502  -38.576  23.624 0.0000000000
57204  -22.338  -38.974  23.728 0.0000000000
57228  -31.986  -38.392  21.693 0.0000000000
58177  -32.077  -37.101  22.672 0.0000000000
58190  -26.522  -37.979  22.294 0.0000000000
58192  -31.214  -37.174  21.764 0.0000000000
59204  -29.460  -36.427  20.326 0.0000000000
59205  -29.953  -36.523  20.671 0.0000000000
60349  -30.314  -35.781  21.437 0.0000000000
60386  -34.795  -35.338  19.704 0.0000000000
61504  -39.233  -34.691  23.732 0.0000000000
61513  -30.304  -34.818  21.159 0.0000000000
61529  -26.460  -34.079  21.098 0.0000000000
61530  -26.603  -34.884  21.457 0.0000000000
61553  -33.995  -35.245  20.083 0.0000000000
61571  -31.958  -33.626  19.537 0.0000000000
61592  -33.535  -34.020  18.739 0.0000000000
62597  -26.841  -34.348  25.240 0.0000000000
62620  -39.091  -33.941  22.306 0.0000000000
62631  -26.197  -33.468  21.724 0.0000000000
62633  -29.854  -34.234  20.173 0.0000000000
62648  -26.584  -33.387  20.930 0.0000000000
62649  -27.070  -33.464  20.547 0.0000000000
62665  -31.629  -33.283  19.533 0.0000000000
62666  -32.261  -33.304  19.274 0.0000000000
62686  -32.732  -33.269  18.939 0.0000000000
63728  -26.744  -32.661  24.539 0.0000000000
63757  -26.079  -32.908  22.847 0.0000000000
63771  -26.600  -32.619  21.264 0.0000000000
63772  -27.028  -32.113  21.077 0.0000000000
63774  -34.781  -32.200  21.085 0.0000000000
63809  -29.555  -32.001  19.520 0.0000000000
63810  -29.771  -32.178  19.454 0.0000000000
63812  -32.668  -32.652  19.072 0.0000000000
64972  -26.459  -31.893  21.912 0.0000000000
64974  -31.740  -30.716  22.075 0.0000000000
65014  -29.697  -31.504  19.695 0.0000000000
65034  -30.026  -31.906  19.338 0.0000000000
65037  -33.256  -31.890  19.766 0.0000000000
66076  -41.773  -31.023  23.079 0.0000000000
66108  -31.974  -31.128  21.148 0.0000000000
69094  -34.966  -28.351  18.628 0.0000000000
69138  -42.167  -27.635  15.313 0.0000000000
70215  -42.976  -27.748  15.379 0.0000000000
71456  -37.404  -25.109  14.659 0.0000000000
72565  -32.024  -24.585  19.376 0.0000000000
72567  -37.596  -25.776  19.672 0.0000000000
72582  -31.999  -24.386  18.734 0.0000000000
73767  -39.991  -22.584  13.603 0.0000000000
83516  -46.141  -14.624  9.817 0.0000000000
85903  -50.238  -12.842  6.722 0.0000000000
87086  -51.783  -11.863  5.614 0.0000000000
