#!ascii label  , from subject sub-01 vox2ras=TkReg
756
43252  -22.747  -51.320  37.279 0.0000000000
59055  -42.030  -36.235  35.239 0.0000000000
69988  -46.021  -27.101  33.619 0.0000000000
76844  -51.236  -21.723  28.537 0.0000000000
55972  -38.977  -38.699  32.056 0.0000000000
74596  -47.509  -23.635  31.271 0.0000000000
76962  -52.430  -19.885  19.683 0.0000000000
78092  -57.445  -19.245  18.731 0.0000000000
57092  -46.187  -39.015  32.974 0.0000000000
62506  -46.896  -33.813  33.491 0.0000000000
64785  -44.268  -32.177  35.178 0.0000000000
47485  -21.958  -47.585  40.687 0.0000000000
48561  -25.983  -46.916  39.743 0.0000000000
49605  -29.506  -45.690  38.389 0.0000000000
48596  -34.181  -46.241  37.363 0.0000000000
48607  -38.233  -45.998  35.489 0.0000000000
50780  -39.619  -44.526  30.789 0.0000000000
53834  -43.545  -41.809  31.460 0.0000000000
67015  -49.048  -29.356  31.930 0.0000000000
79224  -58.837  -18.802  18.418 0.0000000000
57043  -43.951  -37.322  33.926 0.0000000000
60190  -44.895  -35.109  34.689 0.0000000000
62480  -43.318  -33.687  35.341 0.0000000000
49599  -21.919  -46.348  39.162 0.0000000000
48559  -24.000  -47.149  39.660 0.0000000000
51743  -38.467  -44.493  34.327 0.0000000000
49671  -39.215  -45.392  33.421 0.0000000000
51787  -39.075  -43.694  32.852 0.0000000000
58066  -40.721  -37.529  34.371 0.0000000000
56044  -42.026  -39.712  30.628 0.0000000000
57066  -43.003  -37.847  33.208 0.0000000000
54883  -45.424  -40.609  32.465 0.0000000000
65898  -46.726  -30.341  34.543 0.0000000000
64826  -48.275  -31.359  32.508 0.0000000000
68920  -47.656  -27.840  34.264 0.0000000000
75696  -49.865  -22.853  30.261 0.0000000000
73520  -49.996  -23.660  31.853 0.0000000000
74612  -51.287  -22.710  30.594 0.0000000000
74627  -52.854  -22.502  28.836 0.0000000000
78047  -53.969  -20.340  21.250 0.0000000000
78036  -52.378  -19.943  22.084 0.0000000000
54870  -38.252  -40.459  32.318 0.0000000000
74679  -49.222  -22.965  26.841 0.0000000000
78073  -54.642  -19.710  19.550 0.0000000000
76948  -55.833  -20.549  21.149 0.0000000000
75908  -58.947  -21.192  18.389 0.0000000000
56023  -47.462  -39.206  31.279 0.0000000000
59076  -46.868  -36.393  33.015 0.0000000000
62483  -45.522  -33.006  35.053 0.0000000000
45304  -22.004  -49.006  40.050 0.0000000000
45297  -26.922  -48.722  40.091 0.0000000000
49577  -27.834  -46.404  39.004 0.0000000000
46421  -28.735  -47.581  38.970 0.0000000000
47534  -30.697  -47.515  38.071 0.0000000000
46456  -32.836  -47.935  37.114 0.0000000000
46477  -34.373  -48.678  36.313 0.0000000000
48605  -36.330  -46.367  36.490 0.0000000000
46514  -38.536  -48.531  33.335 0.0000000000
53842  -39.375  -41.750  30.547 0.0000000000
51860  -41.611  -43.574  29.843 0.0000000000
49701  -43.335  -45.332  30.987 0.0000000000
51810  -45.471  -43.498  31.615 0.0000000000
53835  -46.373  -41.397  31.770 0.0000000000
71164  -48.442  -25.529  33.059 0.0000000000
76902  -50.644  -20.008  24.137 0.0000000000
77956  -52.196  -20.613  27.028 0.0000000000
45330  -21.572  -49.460  38.369 0.0000000000
58069  -43.366  -36.997  34.290 0.0000000000
59057  -43.688  -35.850  35.158 0.0000000000
60180  -42.354  -35.458  35.366 0.0000000000
51771  -37.720  -43.243  33.248 0.0000000000
52799  -38.689  -43.719  33.313 0.0000000000
52808  -38.281  -42.716  32.896 0.0000000000
58067  -41.589  -37.351  34.471 0.0000000000
57065  -42.039  -37.795  33.032 0.0000000000
58068  -42.455  -37.088  34.394 0.0000000000
57067  -43.806  -37.795  33.505 0.0000000000
67939  -47.316  -28.789  34.429 0.0000000000
69977  -46.505  -27.308  34.209 0.0000000000
76843  -50.612  -22.058  29.170 0.0000000000
75685  -50.772  -22.609  30.725 0.0000000000
76818  -51.090  -22.052  29.997 0.0000000000
74626  -52.192  -22.579  29.294 0.0000000000
76832  -52.012  -21.731  28.930 0.0000000000
76946  -53.755  -20.680  21.652 0.0000000000
76932  -53.176  -20.584  22.463 0.0000000000
75830  -52.820  -21.309  22.225 0.0000000000
78101  -54.973  -19.874  17.739 0.0000000000
78074  -55.691  -19.642  19.626 0.0000000000
78059  -56.060  -19.778  20.405 0.0000000000
78060  -56.990  -19.893  20.227 0.0000000000
75835  -56.831  -20.986  20.289 0.0000000000
78061  -57.831  -19.849  19.894 0.0000000000
76978  -58.889  -20.555  18.994 0.0000000000
56000  -47.179  -39.354  32.049 0.0000000000
58106  -47.066  -37.715  32.186 0.0000000000
58091  -46.374  -37.283  33.266 0.0000000000
63617  -44.538  -33.037  35.591 0.0000000000
61346  -45.237  -34.208  34.866 0.0000000000
62472  -45.046  -32.787  35.558 0.0000000000
64768  -45.404  -31.423  35.084 0.0000000000
65914  -44.620  -30.426  34.030 0.0000000000
44241  -23.182  -50.347  40.034 0.0000000000
45292  -22.968  -48.927  40.503 0.0000000000
48560  -25.116  -47.206  39.791 0.0000000000
50628  -28.750  -45.323  38.276 0.0000000000
49604  -28.870  -45.827  38.727 0.0000000000
47505  -28.502  -46.727  39.168 0.0000000000
47522  -29.592  -46.881  38.618 0.0000000000
46438  -29.666  -47.554  38.341 0.0000000000
47523  -30.510  -47.020  38.315 0.0000000000
47537  -33.510  -47.108  37.321 0.0000000000
46476  -33.298  -48.732  36.587 0.0000000000
47538  -34.735  -47.220  37.135 0.0000000000
50670  -37.683  -45.024  35.560 0.0000000000
49629  -36.168  -45.536  36.133 0.0000000000
48606  -37.629  -46.462  35.811 0.0000000000
47549  -36.751  -47.487  35.977 0.0000000000
47559  -37.461  -47.762  35.411 0.0000000000
46506  -37.937  -48.617  34.369 0.0000000000
47569  -38.566  -47.491  34.163 0.0000000000
49687  -39.281  -45.470  32.393 0.0000000000
48649  -39.246  -46.538  31.873 0.0000000000
48658  -39.535  -46.634  31.104 0.0000000000
48686  -40.003  -45.773  29.975 0.0000000000
53832  -38.952  -41.529  31.474 0.0000000000
56041  -39.768  -40.295  30.530 0.0000000000
54910  -43.053  -41.003  30.846 0.0000000000
53844  -42.034  -41.486  30.205 0.0000000000
52843  -42.669  -42.642  30.745 0.0000000000
51834  -42.556  -43.500  30.629 0.0000000000
51808  -43.642  -43.512  31.544 0.0000000000
52832  -44.370  -42.754  31.990 0.0000000000
55998  -45.754  -39.575  32.768 0.0000000000
53826  -45.935  -41.513  32.296 0.0000000000
54885  -46.851  -40.026  32.097 0.0000000000
54912  -46.497  -40.565  31.131 0.0000000000
48556  -21.028  -46.445  40.912 0.0000000000
47484  -20.959  -47.375  41.211 0.0000000000
46378  -21.285  -48.064  40.812 0.0000000000
60218  -47.646  -35.812  31.800 0.0000000000
61376  -48.392  -34.356  31.923 0.0000000000
65954  -48.577  -30.892  32.265 0.0000000000
73517  -47.330  -23.898  32.386 0.0000000000
72342  -47.446  -25.238  33.614 0.0000000000
73505  -48.581  -24.252  32.930 0.0000000000
71207  -50.239  -24.912  30.836 0.0000000000
70015  -49.643  -25.932  31.668 0.0000000000
78009  -52.214  -19.825  24.234 0.0000000000
78008  -51.544  -19.787  23.660 0.0000000000
77991  -52.025  -20.269  25.257 0.0000000000
77973  -51.424  -20.260  25.794 0.0000000000
77975  -52.645  -20.526  26.498 0.0000000000
77958  -53.002  -20.993  27.226 0.0000000000
79229  -57.653  -18.949  17.986 0.0000000000
78093  -58.305  -19.334  18.975 0.0000000000
79230  -58.378  -18.633  17.579 0.0000000000
80282  -58.943  -18.285  17.044 0.0000000000
57068  -44.705  -37.692  33.623 0.0000000000
58090  -45.280  -36.987  33.740 0.0000000000
59069  -44.340  -35.730  34.836 0.0000000000
60182  -44.054  -35.144  35.371 0.0000000000
63615  -43.541  -33.194  35.367 0.0000000000
49570  -21.784  -46.532  40.357 0.0000000000
47486  -22.937  -47.741  40.317 0.0000000000
49588  -25.121  -46.576  38.615 0.0000000000
50692  -38.449  -44.940  34.767 0.0000000000
48616  -38.866  -45.884  34.526 0.0000000000
50710  -38.830  -44.764  34.313 0.0000000000
50743  -39.291  -44.487  32.775 0.0000000000
51806  -39.331  -43.587  32.098 0.0000000000
58084  -39.468  -37.636  33.412 0.0000000000
56019  -40.564  -39.281  30.701 0.0000000000
57104  -41.603  -38.607  31.431 0.0000000000
55995  -42.923  -39.243  31.782 0.0000000000
55996  -43.657  -39.733  32.069 0.0000000000
53824  -44.470  -41.691  32.075 0.0000000000
57090  -43.811  -38.554  32.741 0.0000000000
57091  -44.463  -38.468  33.161 0.0000000000
48571  -20.873  -46.112  40.046 0.0000000000
63630  -46.942  -32.118  33.851 0.0000000000
63637  -47.375  -32.139  33.290 0.0000000000
64801  -47.536  -30.946  33.765 0.0000000000
65917  -47.884  -30.280  33.458 0.0000000000
67952  -48.189  -28.440  33.554 0.0000000000
74611  -49.203  -23.332  30.413 0.0000000000
74584  -48.766  -23.473  31.991 0.0000000000
74599  -50.005  -22.977  31.010 0.0000000000
73534  -50.872  -23.352  31.401 0.0000000000
78057  -53.864  -19.859  20.403 0.0000000000
78045  -52.395  -19.967  21.226 0.0000000000
78037  -53.083  -19.966  22.290 0.0000000000
78024  -52.839  -20.205  23.379 0.0000000000
61332  -40.674  -34.987  35.096 0.0000000000
60166  -39.536  -35.597  34.856 0.0000000000
72339  -46.221  -25.597  33.475 0.0000000000
74624  -48.017  -23.938  29.604 0.0000000000
74625  -49.026  -23.465  29.499 0.0000000000
74641  -49.444  -22.924  28.387 0.0000000000
75738  -50.144  -22.259  27.836 0.0000000000
78072  -53.643  -19.720  19.424 0.0000000000
78058  -54.956  -19.869  20.432 0.0000000000
76947  -54.782  -20.642  21.241 0.0000000000
75832  -54.362  -21.085  21.427 0.0000000000
78078  -58.738  -20.166  19.381 0.0000000000
75886  -58.421  -21.199  19.028 0.0000000000
57106  -47.720  -38.351  30.921 0.0000000000
59083  -47.316  -36.672  32.107 0.0000000000
61359  -47.103  -34.450  33.101 0.0000000000
60200  -45.776  -35.197  33.874 0.0000000000
61347  -45.859  -34.260  34.305 0.0000000000
62494  -46.491  -33.177  34.119 0.0000000000
63619  -46.021  -31.872  34.977 0.0000000000
65876  -45.726  -30.382  34.678 0.0000000000
62491  -42.103  -34.301  34.499 0.0000000000
62505  -43.537  -33.257  33.412 0.0000000000
64825  -44.552  -31.240  32.628 0.0000000000
44262  -22.621  -50.659  38.266 0.0000000000
44251  -22.976  -50.820  39.447 0.0000000000
45320  -27.151  -48.650  39.416 0.0000000000
49603  -25.053  -46.548  38.102 0.0000000000
49589  -26.076  -46.548  38.668 0.0000000000
49576  -27.227  -46.603  39.054 0.0000000000
46404  -28.083  -47.629  39.234 0.0000000000
46473  -30.216  -48.582  37.000 0.0000000000
46475  -32.298  -48.606  36.639 0.0000000000
49619  -34.604  -45.401  36.985 0.0000000000
49620  -35.496  -45.570  36.804 0.0000000000
48597  -35.381  -46.214  37.153 0.0000000000
47548  -35.718  -47.369  36.703 0.0000000000
46493  -36.202  -48.624  35.635 0.0000000000
47583  -38.857  -47.329  33.396 0.0000000000
53822  -38.626  -41.738  32.090 0.0000000000
52829  -39.253  -42.667  31.380 0.0000000000
52841  -39.546  -42.800  30.512 0.0000000000
54908  -41.168  -40.837  29.927 0.0000000000
53860  -40.547  -42.091  29.663 0.0000000000
51859  -40.438  -43.692  29.664 0.0000000000
50797  -41.681  -44.824  29.869 0.0000000000
49718  -42.572  -45.702  30.745 0.0000000000
51835  -45.839  -43.678  30.876 0.0000000000
53825  -45.164  -41.656  32.324 0.0000000000
52834  -46.345  -42.536  31.640 0.0000000000
52844  -46.051  -42.779  30.482 0.0000000000
54911  -45.988  -41.146  30.640 0.0000000000
46418  -21.146  -48.890  39.879 0.0000000000
71135  -47.182  -26.086  34.196 0.0000000000
70002  -48.110  -26.457  33.622 0.0000000000
68943  -48.904  -27.253  32.294 0.0000000000
72372  -49.576  -24.478  32.339 0.0000000000
70014  -49.228  -26.126  32.151 0.0000000000
67977  -49.242  -28.456  31.464 0.0000000000
75774  -49.463  -22.461  25.882 0.0000000000
76874  -50.460  -21.799  26.917 0.0000000000
76929  -51.436  -20.335  22.030 0.0000000000
76928  -50.476  -20.834  22.258 0.0000000000
76901  -50.109  -20.830  24.635 0.0000000000
76875  -51.039  -21.061  26.166 0.0000000000
77939  -51.783  -21.165  27.618 0.0000000000
76847  -52.935  -21.402  28.003 0.0000000000
43251  -22.273  -50.608  36.915 0.0000000000
58048  -42.672  -36.644  34.847 0.0000000000
59056  -42.924  -36.041  35.262 0.0000000000
52807  -37.933  -42.505  32.800 0.0000000000
58047  -41.813  -36.945  35.023 0.0000000000
58087  -42.252  -37.393  33.782 0.0000000000
58088  -43.089  -37.372  33.852 0.0000000000
69968  -45.912  -27.917  34.277 0.0000000000
68897  -46.884  -28.420  34.538 0.0000000000
76830  -50.938  -21.944  29.532 0.0000000000
76819  -51.467  -21.935  29.563 0.0000000000
76831  -51.401  -21.802  29.202 0.0000000000
75831  -53.445  -21.160  21.831 0.0000000000
78091  -56.343  -19.496  18.735 0.0000000000
78075  -56.725  -19.590  19.629 0.0000000000
78076  -57.654  -19.691  19.574 0.0000000000
57093  -46.714  -38.538  32.603 0.0000000000
57070  -46.496  -37.995  33.090 0.0000000000
63600  -44.348  -32.607  35.526 0.0000000000
64766  -44.421  -32.396  35.442 0.0000000000
64767  -44.815  -31.851  35.336 0.0000000000
64786  -44.655  -31.463  34.864 0.0000000000
48548  -25.676  -47.294  40.100 0.0000000000
48583  -29.262  -46.297  38.729 0.0000000000
48584  -30.017  -46.255  38.388 0.0000000000
48595  -33.055  -46.247  37.434 0.0000000000
46457  -33.874  -47.942  36.879 0.0000000000
47550  -37.486  -47.197  35.700 0.0000000000
48614  -37.945  -47.111  35.466 0.0000000000
47560  -38.076  -47.593  34.936 0.0000000000
48615  -38.567  -46.475  34.978 0.0000000000
50760  -39.450  -44.524  31.794 0.0000000000
49700  -39.457  -45.618  31.234 0.0000000000
48672  -39.854  -46.345  30.403 0.0000000000
49716  -39.752  -45.335  30.303 0.0000000000
55994  -39.008  -39.594  31.821 0.0000000000
56018  -39.507  -39.620  30.900 0.0000000000
53846  -43.262  -41.283  31.067 0.0000000000
53845  -42.889  -41.794  30.791 0.0000000000
53833  -43.217  -42.113  31.180 0.0000000000
52830  -43.169  -42.706  31.224 0.0000000000
52831  -43.891  -42.750  31.761 0.0000000000
52819  -44.199  -42.237  31.920 0.0000000000
55974  -45.780  -38.939  33.143 0.0000000000
54884  -46.262  -40.482  32.273 0.0000000000
55999  -46.516  -39.525  32.472 0.0000000000
48544  -21.818  -47.127  40.841 0.0000000000
48543  -20.843  -46.703  41.233 0.0000000000
61375  -47.735  -34.411  32.492 0.0000000000
60210  -47.938  -35.129  32.059 0.0000000000
65938  -48.801  -29.891  32.233 0.0000000000
65955  -48.893  -30.438  31.850 0.0000000000
67026  -49.217  -29.526  31.247 0.0000000000
74582  -47.192  -23.676  31.958 0.0000000000
74574  -47.668  -23.894  32.670 0.0000000000
74575  -48.124  -23.705  32.581 0.0000000000
76961  -51.854  -20.212  20.063 0.0000000000
78010  -52.486  -20.448  24.926 0.0000000000
58089  -44.750  -37.139  33.835 0.0000000000
58070  -44.345  -36.706  34.224 0.0000000000
60181  -43.245  -35.276  35.448 0.0000000000
61335  -43.688  -34.442  35.490 0.0000000000
49584  -21.636  -46.276  39.980 0.0000000000
49602  -24.467  -46.529  38.231 0.0000000000
51756  -37.776  -44.113  34.013 0.0000000000
51742  -38.043  -44.525  34.733 0.0000000000
51731  -37.876  -44.777  35.198 0.0000000000
51772  -39.147  -44.083  33.209 0.0000000000
50725  -39.104  -44.480  33.623 0.0000000000
58085  -40.310  -37.567  33.548 0.0000000000
57064  -40.915  -37.683  32.826 0.0000000000
57089  -42.852  -38.501  32.351 0.0000000000
57105  -42.379  -38.754  31.752 0.0000000000
56022  -43.082  -39.760  31.579 0.0000000000
55973  -45.223  -38.776  33.196 0.0000000000
49598  -21.340  -46.126  39.709 0.0000000000
49583  -21.057  -45.966  40.076 0.0000000000
64799  -46.553  -31.218  34.544 0.0000000000
64800  -47.061  -31.286  34.162 0.0000000000
65915  -46.940  -30.798  34.409 0.0000000000
67929  -47.441  -28.267  34.387 0.0000000000
66977  -47.367  -29.351  34.300 0.0000000000
67940  -47.682  -28.498  34.155 0.0000000000
66997  -48.324  -29.380  33.146 0.0000000000
74598  -49.489  -23.250  31.006 0.0000000000
75683  -49.997  -22.856  30.575 0.0000000000
75686  -51.099  -22.639  30.933 0.0000000000
75670  -50.772  -22.806  31.193 0.0000000000
74600  -51.043  -22.854  31.166 0.0000000000
72384  -51.005  -23.657  31.059 0.0000000000
73545  -51.521  -23.052  30.305 0.0000000000
78046  -53.106  -19.881  21.292 0.0000000000
61324  -39.880  -35.242  35.054 0.0000000000
73559  -48.369  -23.847  29.178 0.0000000000
73622  -48.574  -23.447  26.653 0.0000000000
74660  -49.413  -22.857  27.485 0.0000000000
74642  -49.806  -22.453  28.203 0.0000000000
74680  -49.623  -22.609  26.945 0.0000000000
78090  -55.322  -19.677  18.678 0.0000000000
78089  -54.333  -19.752  18.565 0.0000000000
78048  -55.375  -20.209  20.959 0.0000000000
75833  -55.296  -21.056  21.179 0.0000000000
75855  -54.708  -21.540  20.998 0.0000000000
75834  -56.195  -21.051  20.883 0.0000000000
75836  -57.119  -21.213  19.765 0.0000000000
78077  -58.420  -19.823  19.538 0.0000000000
78094  -59.135  -19.657  18.797 0.0000000000
56047  -47.361  -38.997  30.502 0.0000000000
58092  -46.969  -37.203  32.734 0.0000000000
60209  -47.325  -35.469  32.546 0.0000000000
60201  -46.567  -35.349  33.273 0.0000000000
59070  -44.812  -35.907  34.328 0.0000000000
59074  -45.297  -36.023  33.930 0.0000000000
60199  -45.216  -35.416  34.251 0.0000000000
62493  -45.760  -33.664  34.606 0.0000000000
61358  -46.440  -34.375  33.699 0.0000000000
62484  -46.134  -32.511  34.700 0.0000000000
65897  -45.344  -30.449  34.648 0.0000000000
45318  -22.366  -49.816  38.900 0.0000000000
43242  -22.913  -51.708  38.584 0.0000000000
47487  -23.611  -47.499  40.054 0.0000000000
46400  -24.030  -48.103  40.370 0.0000000000
45308  -26.564  -49.277  39.950 0.0000000000
45319  -26.531  -49.079  39.319 0.0000000000
45309  -27.077  -48.662  39.661 0.0000000000
50624  -25.340  -46.452  37.714 0.0000000000
50612  -25.737  -46.536  38.185 0.0000000000
48563  -27.584  -46.824  39.364 0.0000000000
47515  -28.893  -46.937  39.117 0.0000000000
47514  -28.478  -47.325  39.213 0.0000000000
46420  -27.739  -48.224  39.106 0.0000000000
46436  -27.987  -48.286  38.350 0.0000000000
46439  -30.376  -47.525  38.120 0.0000000000
46453  -29.528  -48.175  37.718 0.0000000000
46454  -30.591  -47.935  37.680 0.0000000000
47536  -32.260  -47.021  37.708 0.0000000000
46455  -31.741  -47.941  37.324 0.0000000000
45362  -33.636  -49.425  36.108 0.0000000000
45363  -34.186  -49.415  35.892 0.0000000000
46491  -34.528  -49.210  35.826 0.0000000000
48598  -35.921  -45.833  36.791 0.0000000000
48604  -35.721  -46.685  36.914 0.0000000000
47539  -35.426  -46.866  37.075 0.0000000000
47558  -36.915  -48.151  35.556 0.0000000000
45379  -35.603  -49.690  35.107 0.0000000000
45418  -38.207  -49.466  33.592 0.0000000000
48627  -39.006  -46.313  34.069 0.0000000000
48639  -39.039  -46.396  32.954 0.0000000000
53812  -38.112  -41.617  32.389 0.0000000000
53821  -38.369  -41.303  32.217 0.0000000000
56043  -41.374  -39.891  30.427 0.0000000000
56042  -40.396  -40.099  30.399 0.0000000000
52842  -42.062  -42.571  30.271 0.0000000000
53861  -41.370  -41.825  29.856 0.0000000000
52860  -41.292  -42.590  29.784 0.0000000000
52859  -40.773  -42.958  29.622 0.0000000000
50796  -40.842  -44.558  29.638 0.0000000000
50761  -43.208  -44.198  31.192 0.0000000000
50781  -42.708  -44.730  30.708 0.0000000000
50763  -44.702  -44.415  31.256 0.0000000000
54882  -44.578  -40.732  32.247 0.0000000000
52822  -46.208  -42.063  32.074 0.0000000000
52845  -46.396  -42.595  31.062 0.0000000000
53848  -46.326  -41.867  30.999 0.0000000000
53847  -45.993  -41.820  30.314 0.0000000000
54913  -47.137  -39.742  30.965 0.0000000000
46398  -21.494  -48.726  40.283 0.0000000000
45317  -21.602  -49.134  39.466 0.0000000000
63638  -47.854  -32.129  32.755 0.0000000000
62508  -48.089  -32.695  32.585 0.0000000000
63648  -48.372  -32.179  32.305 0.0000000000
72355  -45.952  -25.066  32.912 0.0000000000
72323  -46.625  -25.770  33.876 0.0000000000
71163  -47.918  -25.610  33.520 0.0000000000
68930  -48.409  -27.397  33.177 0.0000000000
70003  -48.599  -26.326  32.735 0.0000000000
73519  -49.242  -23.831  32.472 0.0000000000
68944  -49.334  -26.690  31.799 0.0000000000
68957  -49.267  -27.470  31.664 0.0000000000
75775  -49.741  -22.199  26.170 0.0000000000
76890  -50.280  -21.234  25.707 0.0000000000
76930  -51.992  -20.077  21.738 0.0000000000
78035  -51.885  -19.994  22.140 0.0000000000
76914  -50.962  -20.175  23.032 0.0000000000
76913  -50.238  -20.765  23.490 0.0000000000
76891  -50.601  -20.217  25.311 0.0000000000
77955  -51.690  -20.916  26.654 0.0000000000
76857  -51.209  -21.475  27.348 0.0000000000
77940  -52.315  -21.015  27.670 0.0000000000
58049  -43.495  -36.438  34.784 0.0000000000
61334  -42.772  -34.639  35.413 0.0000000000
51757  -38.230  -44.111  33.911 0.0000000000
52797  -37.775  -43.176  33.499 0.0000000000
52809  -38.704  -43.051  32.813 0.0000000000
58046  -40.928  -37.244  35.056 0.0000000000
58086  -41.318  -37.603  33.749 0.0000000000
57042  -43.559  -37.350  33.892 0.0000000000
66938  -46.387  -29.446  34.595 0.0000000000
66961  -46.920  -29.381  34.564 0.0000000000
67917  -47.200  -29.031  34.648 0.0000000000
68908  -47.117  -27.915  34.451 0.0000000000
69979  -47.335  -27.260  34.378 0.0000000000
75709  -50.192  -22.419  29.712 0.0000000000
75697  -49.889  -22.336  30.228 0.0000000000
76829  -50.582  -22.225  29.809 0.0000000000
76806  -51.135  -22.265  30.433 0.0000000000
75698  -51.306  -22.261  30.084 0.0000000000
74613  -51.622  -22.621  29.904 0.0000000000
75699  -51.825  -22.139  29.472 0.0000000000
75710  -52.482  -22.009  29.000 0.0000000000
78038  -53.196  -20.397  22.280 0.0000000000
78049  -56.411  -20.079  20.863 0.0000000000
76949  -56.595  -20.521  20.645 0.0000000000
78050  -57.026  -20.188  20.275 0.0000000000
78051  -57.390  -20.164  20.026 0.0000000000
76963  -57.567  -20.261  19.868 0.0000000000
79225  -59.508  -18.905  18.120 0.0000000000
78095  -59.951  -19.397  17.928 0.0000000000
76991  -59.839  -20.400  18.150 0.0000000000
75923  -58.621  -21.850  17.772 0.0000000000
57094  -47.379  -38.485  31.752 0.0000000000
58105  -46.771  -37.777  32.812 0.0000000000
61336  -44.592  -34.307  35.353 0.0000000000
61337  -45.061  -33.746  35.236 0.0000000000
62473  -45.342  -32.546  35.418 0.0000000000
63603  -45.607  -31.788  35.205 0.0000000000
63602  -45.223  -32.158  35.479 0.0000000000
65875  -45.164  -31.008  34.920 0.0000000000
65896  -44.965  -30.464  34.622 0.0000000000
46399  -22.128  -48.916  40.284 0.0000000000
45305  -22.679  -49.465  40.031 0.0000000000
45293  -23.532  -49.256  40.527 0.0000000000
46384  -26.860  -48.269  40.306 0.0000000000
48564  -28.204  -46.552  39.127 0.0000000000
48574  -28.704  -46.353  39.006 0.0000000000
46422  -29.249  -47.251  38.816 0.0000000000
46458  -34.495  -47.945  36.784 0.0000000000
50669  -37.100  -44.920  35.711 0.0000000000
50668  -36.623  -45.067  35.735 0.0000000000
49630  -37.217  -45.567  36.054 0.0000000000
46494  -37.145  -48.678  35.034 0.0000000000
48673  -40.768  -46.637  30.340 0.0000000000
48688  -41.169  -46.099  30.170 0.0000000000
54879  -38.551  -40.555  32.120 0.0000000000
54880  -38.776  -40.645  31.840 0.0000000000
54906  -39.305  -40.714  30.787 0.0000000000
54909  -42.425  -40.499  30.564 0.0000000000
51833  -42.074  -43.211  30.251 0.0000000000
51807  -43.117  -43.490  31.227 0.0000000000
50762  -43.940  -44.437  31.471 0.0000000000
51809  -44.553  -43.378  31.883 0.0000000000
51788  -44.852  -43.040  32.125 0.0000000000
54897  -46.619  -40.484  31.769 0.0000000000
54898  -47.054  -39.939  31.553 0.0000000000
48542  -20.096  -46.688  41.579 0.0000000000
48534  -20.234  -46.904  41.949 0.0000000000
47472  -20.494  -47.152  41.783 0.0000000000
64827  -48.651  -31.421  32.009 0.0000000000
73516  -46.752  -24.206  32.266 0.0000000000
73489  -46.926  -24.912  33.475 0.0000000000
73503  -47.222  -24.416  32.932 0.0000000000
73504  -47.889  -24.300  33.086 0.0000000000
72357  -48.180  -24.904  33.167 0.0000000000
72373  -50.044  -24.318  31.775 0.0000000000
78023  -52.364  -19.795  23.080 0.0000000000
78022  -51.758  -19.913  22.677 0.0000000000
77990  -51.375  -19.719  24.794 0.0000000000
77974  -52.136  -20.716  26.108 0.0000000000
77957  -52.697  -20.724  27.154 0.0000000000
79222  -57.730  -19.014  18.388 0.0000000000
79223  -58.077  -18.935  18.391 0.0000000000
79231  -59.259  -18.465  17.657 0.0000000000
79232  -60.094  -18.468  17.429 0.0000000000
57069  -45.883  -38.209  33.335 0.0000000000
58071  -44.912  -36.422  34.050 0.0000000000
58050  -43.966  -36.210  34.769 0.0000000000
60189  -44.586  -35.024  35.120 0.0000000000
62481  -44.161  -33.624  35.548 0.0000000000
63616  -43.990  -32.862  35.484 0.0000000000
63628  -43.705  -32.600  34.935 0.0000000000
48545  -22.532  -47.240  40.198 0.0000000000
48546  -23.223  -47.377  39.878 0.0000000000
49573  -24.664  -46.744  39.216 0.0000000000
49574  -25.579  -46.679  39.218 0.0000000000
49618  -33.534  -45.580  37.090 0.0000000000
51730  -37.627  -44.701  35.196 0.0000000000
50691  -38.095  -45.020  35.211 0.0000000000
49644  -38.396  -45.549  35.175 0.0000000000
49645  -38.738  -45.472  34.697 0.0000000000
49659  -39.084  -45.352  34.213 0.0000000000
51758  -38.671  -44.184  33.744 0.0000000000
57063  -39.470  -37.752  32.472 0.0000000000
57086  -39.432  -38.426  31.598 0.0000000000
57087  -40.483  -37.903  31.746 0.0000000000
57088  -41.740  -38.169  32.208 0.0000000000
56021  -42.501  -39.552  31.153 0.0000000000
54895  -42.775  -40.154  30.959 0.0000000000
54896  -43.209  -40.516  31.253 0.0000000000
54881  -43.975  -41.047  31.783 0.0000000000
53823  -44.061  -41.717  31.836 0.0000000000
55997  -44.725  -39.496  32.654 0.0000000000
49568  -20.981  -46.112  40.444 0.0000000000
49563  -21.273  -46.518  40.797 0.0000000000
62495  -47.082  -32.671  33.566 0.0000000000
62507  -47.559  -33.259  33.031 0.0000000000
64813  -47.337  -31.530  33.646 0.0000000000
64814  -47.774  -31.230  33.133 0.0000000000
65916  -47.357  -30.298  34.180 0.0000000000
65937  -48.448  -30.366  32.651 0.0000000000
66998  -48.730  -29.315  32.469 0.0000000000
74597  -48.480  -23.467  31.230 0.0000000000
74585  -49.806  -23.337  31.538 0.0000000000
75669  -50.442  -22.894  31.116 0.0000000000
74586  -50.448  -23.060  31.521 0.0000000000
73533  -50.469  -23.688  31.637 0.0000000000
72383  -50.579  -24.135  31.258 0.0000000000
78056  -52.783  -19.793  20.277 0.0000000000
60179  -41.385  -35.654  35.346 0.0000000000
62490  -41.059  -34.813  34.300 0.0000000000
57062  -38.859  -37.821  32.959 0.0000000000
58065  -39.907  -37.494  34.114 0.0000000000
59067  -39.558  -37.190  34.534 0.0000000000
59068  -40.237  -37.327  34.739 0.0000000000
59054  -41.104  -36.510  35.378 0.0000000000
70001  -45.750  -26.764  32.937 0.0000000000
71148  -45.994  -26.280  33.390 0.0000000000
72354  -45.604  -25.192  32.516 0.0000000000
73514  -45.633  -24.722  32.050 0.0000000000
73532  -46.891  -23.914  31.604 0.0000000000
74609  -47.477  -24.011  30.394 0.0000000000
74610  -48.278  -23.618  30.463 0.0000000000
75722  -49.523  -22.992  28.895 0.0000000000
75723  -49.967  -22.337  28.835 0.0000000000
76856  -50.674  -22.000  28.151 0.0000000000
78088  -53.370  -19.900  18.397 0.0000000000
78071  -52.872  -19.801  19.265 0.0000000000
75854  -53.990  -21.500  21.324 0.0000000000
76964  -57.841  -20.570  19.632 0.0000000000
76965  -58.372  -20.700  19.357 0.0000000000
58113  -47.562  -37.537  31.430 0.0000000000
59075  -46.002  -36.211  33.496 0.0000000000
60191  -45.389  -34.844  34.417 0.0000000000
63629  -46.515  -32.021  34.419 0.0000000000
64787  -46.231  -30.998  34.698 0.0000000000
64769  -45.827  -31.165  34.853 0.0000000000
65877  -46.214  -30.356  34.639 0.0000000000
68919  -45.843  -27.961  33.874 0.0000000000
61333  -41.837  -34.903  35.201 0.0000000000
62492  -42.786  -33.593  34.852 0.0000000000
62504  -42.909  -33.771  33.878 0.0000000000
63635  -43.244  -33.113  34.639 0.0000000000
64797  -44.169  -32.033  34.569 0.0000000000
64812  -44.332  -31.131  33.528 0.0000000000
68928  -45.787  -27.686  33.193 0.0000000000
46380  -23.380  -48.431  40.457 0.0000000000
49575  -26.437  -46.657  39.176 0.0000000000
46403  -27.515  -48.052  39.761 0.0000000000
47504  -28.080  -47.180  39.340 0.0000000000
47535  -31.228  -47.404  37.940 0.0000000000
46474  -31.244  -48.514  36.791 0.0000000000
50647  -33.757  -45.207  36.733 0.0000000000
49642  -35.276  -45.517  35.701 0.0000000000
49628  -35.216  -45.263  36.477 0.0000000000
47547  -34.967  -47.920  36.704 0.0000000000
46478  -35.420  -48.300  36.274 0.0000000000
46479  -36.070  -47.991  36.239 0.0000000000
46492  -35.078  -48.989  35.694 0.0000000000
48626  -38.773  -46.782  34.364 0.0000000000
47570  -38.820  -46.947  34.052 0.0000000000
47582  -38.679  -47.805  33.554 0.0000000000
46515  -38.746  -47.993  33.220 0.0000000000
53811  -37.725  -41.553  32.250 0.0000000000
53813  -38.401  -42.126  32.418 0.0000000000
52818  -39.006  -42.720  32.165 0.0000000000
51832  -39.494  -43.611  31.178 0.0000000000
51858  -39.777  -43.666  30.275 0.0000000000
54907  -39.975  -40.855  30.115 0.0000000000
54922  -40.499  -41.322  29.789 0.0000000000
53859  -39.720  -42.215  29.924 0.0000000000
52858  -40.001  -42.905  29.768 0.0000000000
50795  -39.974  -44.503  29.931 0.0000000000
49731  -40.316  -45.276  29.829 0.0000000000
49732  -41.067  -45.445  29.825 0.0000000000
49733  -41.743  -45.698  30.276 0.0000000000
51861  -42.222  -44.365  30.197 0.0000000000
50798  -42.228  -45.181  30.340 0.0000000000
52820  -44.810  -42.583  32.169 0.0000000000
51789  -45.122  -43.083  32.140 0.0000000000
52821  -45.716  -42.569  32.173 0.0000000000
52833  -46.048  -43.061  31.873 0.0000000000
45331  -22.176  -49.870  37.910 0.0000000000
62519  -48.072  -33.817  32.418 0.0000000000
71133  -46.385  -26.519  33.841 0.0000000000
71134  -46.762  -26.305  34.141 0.0000000000
69989  -47.352  -26.706  34.312 0.0000000000
72325  -47.084  -25.509  33.993 0.0000000000
71150  -47.548  -25.965  34.030 0.0000000000
68929  -47.997  -27.584  33.945 0.0000000000
67953  -48.600  -28.370  32.776 0.0000000000
67968  -48.996  -28.383  32.092 0.0000000000
73518  -48.541  -23.810  32.717 0.0000000000
72358  -48.916  -24.687  32.837 0.0000000000
71178  -49.132  -25.373  32.573 0.0000000000
74690  -49.205  -22.826  26.010 0.0000000000
75758  -49.965  -22.298  27.105 0.0000000000
78055  -52.194  -19.996  20.696 0.0000000000
76945  -51.865  -20.321  21.150 0.0000000000
76944  -50.965  -20.825  21.027 0.0000000000
75800  -49.774  -21.680  23.970 0.0000000000
76845  -51.868  -21.455  28.371 0.0000000000
76846  -52.434  -21.358  28.191 0.0000000000
75711  -53.019  -21.859  28.511 0.0000000000
77942  -52.962  -21.213  27.558 0.0000000000
75724  -53.264  -21.733  27.974 0.0000000000
74643  -53.391  -22.431  28.168 0.0000000000
46419  -27.157  -48.637  39.165 0.0000000000
47483  -20.393  -47.567  41.807 0.0000000000
48547  -25.405  -47.332  40.046 0.0000000000
48555  -20.658  -46.390  40.781 0.0000000000
48581  -21.110  -46.325  39.074 0.0000000000
48687  -40.518  -45.974  29.997 0.0000000000
49562  -21.208  -46.455  40.990 0.0000000000
49569  -21.218  -46.273  40.621 0.0000000000
49631  -37.944  -45.562  35.630 0.0000000000
51836  -46.342  -43.048  31.121 0.0000000000
52798  -38.449  -43.557  33.370 0.0000000000
53843  -39.911  -41.590  29.854 0.0000000000
54894  -39.017  -40.414  31.404 0.0000000000
54923  -40.912  -41.486  29.736 0.0000000000
56020  -41.504  -39.201  30.841 0.0000000000
57102  -39.945  -38.661  31.105 0.0000000000
57103  -40.714  -38.559  31.133 0.0000000000
58103  -39.553  -38.192  31.620 0.0000000000
58104  -39.786  -38.053  31.560 0.0000000000
58111  -39.720  -38.274  31.471 0.0000000000
58112  -40.109  -38.221  31.392 0.0000000000
59053  -40.118  -36.760  35.150 0.0000000000
60165  -39.297  -35.565  34.707 0.0000000000
60167  -39.899  -35.604  35.187 0.0000000000
60177  -39.665  -36.038  35.042 0.0000000000
60178  -40.405  -35.848  35.359 0.0000000000
61323  -39.426  -35.337  34.720 0.0000000000
61325  -40.199  -35.387  35.236 0.0000000000
61331  -39.827  -34.965  34.674 0.0000000000
61345  -44.836  -34.672  35.031 0.0000000000
62482  -44.838  -33.424  35.467 0.0000000000
63601  -44.631  -32.524  35.540 0.0000000000
63618  -45.550  -32.268  35.307 0.0000000000
63627  -43.374  -33.117  35.184 0.0000000000
64798  -44.396  -31.197  34.307 0.0000000000
64811  -44.143  -31.928  33.795 0.0000000000
65899  -47.112  -29.841  34.465 0.0000000000
66939  -46.800  -29.026  34.581 0.0000000000
66960  -46.541  -29.858  34.594 0.0000000000
66978  -47.819  -29.379  33.822 0.0000000000
67928  -47.119  -28.546  34.516 0.0000000000
68896  -46.288  -28.152  34.380 0.0000000000
68907  -46.711  -27.747  34.371 0.0000000000
68909  -47.411  -27.782  34.397 0.0000000000
69969  -46.221  -27.907  34.242 0.0000000000
69976  -46.207  -27.619  34.082 0.0000000000
69978  -46.982  -26.974  34.358 0.0000000000
69990  -47.650  -26.968  34.264 0.0000000000
71136  -47.264  -25.747  34.080 0.0000000000
71149  -47.454  -26.403  34.225 0.0000000000
71161  -45.547  -25.402  32.516 0.0000000000
71176  -45.418  -25.423  32.254 0.0000000000
72324  -46.890  -25.596  34.010 0.0000000000
72326  -47.309  -25.560  33.945 0.0000000000
72341  -47.017  -25.184  33.787 0.0000000000
72356  -46.322  -25.153  33.354 0.0000000000
72370  -45.461  -24.980  32.031 0.0000000000
72371  -45.701  -24.946  32.494 0.0000000000
73490  -47.277  -24.821  33.409 0.0000000000
73515  -45.910  -24.635  32.365 0.0000000000
73521  -50.564  -23.266  31.603 0.0000000000
73558  -48.099  -23.997  29.240 0.0000000000
73560  -51.473  -23.502  30.263 0.0000000000
74583  -47.810  -23.510  32.068 0.0000000000
74587  -50.816  -22.936  31.459 0.0000000000
74661  -49.721  -22.527  27.673 0.0000000000
74691  -49.453  -22.646  26.477 0.0000000000
75671  -50.932  -22.665  31.297 0.0000000000
75684  -50.440  -22.615  30.492 0.0000000000
75708  -49.689  -22.840  29.695 0.0000000000
75787  -49.471  -22.394  25.477 0.0000000000
75814  -52.954  -20.937  22.480 0.0000000000
76804  -50.461  -22.464  30.180 0.0000000000
76805  -50.785  -22.378  30.298 0.0000000000
76816  -50.400  -22.189  29.878 0.0000000000
76817  -50.859  -22.140  29.967 0.0000000000
76833  -52.605  -21.644  28.543 0.0000000000
76950  -57.236  -20.526  20.002 0.0000000000
77941  -52.730  -21.127  27.595 0.0000000000
78062  -58.332  -20.285  19.598 0.0000000000
78063  -58.595  -20.426  19.382 0.0000000000
