#!ascii label  , from subject sub-01 vox2ras=TkReg
1520
98775  -41.851  -0.849  8.119 0.0000000000
96910  -47.836  -1.964  -4.514 0.0000000000
104581  -49.599  5.092  11.121 0.0000000000
94561  -50.291  -5.160  1.707 0.0000000000
94448  -50.432  -4.786  10.787 0.0000000000
100790  -48.140  2.196  0.552 0.0000000000
110424  -52.049  10.827  1.107 0.0000000000
108456  -45.471  10.014  8.941 0.0000000000
96687  -43.455  -2.591  17.109 0.0000000000
94502  -45.770  -4.298  4.918 0.0000000000
96834  -46.707  -2.343  1.482 0.0000000000
100752  -45.224  1.476  5.098 0.0000000000
104577  -54.219  5.674  12.893 0.0000000000
105595  -52.793  5.770  6.842 0.0000000000
109438  -53.830  10.663  7.799 0.0000000000
109470  -48.818  10.545  4.869 0.0000000000
108369  -50.481  9.381  12.609 0.0000000000
98955  -44.252  -0.175  -6.584 0.0000000000
100699  -42.219  1.376  12.191 0.0000000000
100717  -45.909  1.059  9.874 0.0000000000
96824  -54.703  -1.648  2.843 0.0000000000
94521  -50.397  -4.961  5.995 0.0000000000
93334  -44.745  -5.658  8.993 0.0000000000
92213  -44.156  -6.429  13.266 0.0000000000
99879  -45.997  0.845  -3.919 0.0000000000
104750  -45.772  5.802  -4.780 0.0000000000
104623  -48.972  5.213  6.253 0.0000000000
105662  -50.843  7.172  0.931 0.0000000000
107551  -47.978  9.517  -1.899 0.0000000000
112147  -45.133  14.090  -1.972 0.0000000000
108551  -42.557  10.048  2.710 0.0000000000
95711  -43.656  -2.762  5.950 0.0000000000
97796  -45.409  -1.401  4.682 0.0000000000
98789  -43.360  -0.034  6.347 0.0000000000
105537  -55.120  6.487  14.722 0.0000000000
106485  -55.524  7.428  10.356 0.0000000000
108373  -54.383  9.247  11.780 0.0000000000
109413  -51.920  10.360  9.887 0.0000000000
97910  -45.840  -1.507  -5.280 0.0000000000
102539  -41.079  3.149  13.443 0.0000000000
102550  -44.001  3.061  12.682 0.0000000000
94474  -50.325  -4.439  8.150 0.0000000000
93357  -47.422  -5.399  7.548 0.0000000000
93322  -46.950  -5.669  10.083 0.0000000000
94390  -43.912  -4.166  15.610 0.0000000000
94419  -37.978  -4.177  12.531 0.0000000000
97730  -38.462  -1.754  11.564 0.0000000000
97722  -36.441  -1.693  12.651 0.0000000000
95808  -49.641  -3.019  -1.179 0.0000000000
99824  -47.303  0.499  1.393 0.0000000000
97855  -45.723  -0.685  -1.340 0.0000000000
100795  -45.397  1.609  -1.102 0.0000000000
101738  -44.610  2.767  -3.683 0.0000000000
102664  -46.363  4.110  -1.420 0.0000000000
101622  -48.636  2.717  10.275 0.0000000000
102569  -47.232  2.982  8.281 0.0000000000
103595  -49.831  4.139  8.544 0.0000000000
107490  -53.738  7.674  4.008 0.0000000000
105635  -53.279  5.983  3.285 0.0000000000
107532  -52.557  8.325  0.325 0.0000000000
106590  -49.184  7.857  -0.882 0.0000000000
109547  -50.282  10.336  -1.011 0.0000000000
110460  -47.095  11.691  -2.198 0.0000000000
111303  -49.414  12.754  -0.731 0.0000000000
109452  -46.731  10.557  7.368 0.0000000000
108554  -45.558  9.422  3.018 0.0000000000
108503  -44.414  8.883  5.663 0.0000000000
107474  -41.941  8.613  5.654 0.0000000000
108468  -42.830  8.825  7.965 0.0000000000
93419  -47.303  -5.036  3.257 0.0000000000
95784  -48.128  -4.038  0.361 0.0000000000
95745  -46.542  -3.359  3.473 0.0000000000
98826  -47.104  -0.216  3.225 0.0000000000
101685  -47.416  2.329  3.167 0.0000000000
105539  -51.802  6.197  12.748 0.0000000000
104586  -51.111  5.714  9.399 0.0000000000
105576  -53.479  6.714  9.624 0.0000000000
107449  -52.705  8.417  7.524 0.0000000000
109465  -51.607  10.366  5.331 0.0000000000
110396  -49.974  11.730  2.875 0.0000000000
110364  -50.779  11.595  7.238 0.0000000000
109435  -49.405  11.054  8.781 0.0000000000
108420  -48.060  9.670  10.889 0.0000000000
100836  -42.758  1.715  -6.920 0.0000000000
98753  -42.613  -0.534  10.711 0.0000000000
99767  -43.318  0.616  8.891 0.0000000000
99751  -44.847  0.563  11.197 0.0000000000
101613  -46.860  2.550  11.898 0.0000000000
103576  -47.912  4.010  12.534 0.0000000000
103517  -47.922  4.202  16.174 0.0000000000
104559  -50.116  5.528  14.405 0.0000000000
95761  -53.020  -3.524  2.304 0.0000000000
95730  -52.714  -3.757  4.954 0.0000000000
93436  -50.443  -5.411  3.571 0.0000000000
93388  -48.240  -5.625  5.678 0.0000000000
94472  -44.838  -4.700  7.106 0.0000000000
93292  -50.380  -5.743  13.277 0.0000000000
95606  -46.564  -3.487  17.305 0.0000000000
93272  -46.603  -5.842  14.922 0.0000000000
92231  -47.610  -6.404  12.384 0.0000000000
92241  -44.642  -6.611  11.367 0.0000000000
96752  -41.083  -2.677  9.062 0.0000000000
99897  -49.071  0.030  -4.916 0.0000000000
96869  -47.006  -2.202  -1.465 0.0000000000
98894  -46.727  -0.490  -3.179 0.0000000000
98926  -46.754  -0.109  -4.692 0.0000000000
100830  -45.489  1.195  -6.071 0.0000000000
101757  -44.135  2.869  -6.466 0.0000000000
104762  -44.243  5.540  -6.429 0.0000000000
102581  -44.634  2.795  7.734 0.0000000000
103643  -46.106  4.201  5.619 0.0000000000
104667  -47.817  5.045  3.122 0.0000000000
104640  -51.563  5.213  5.691 0.0000000000
105632  -49.811  6.545  3.328 0.0000000000
103687  -48.918  4.624  0.550 0.0000000000
104733  -48.255  6.340  -1.985 0.0000000000
106631  -47.875  8.108  -4.815 0.0000000000
106618  -44.844  7.414  -4.773 0.0000000000
109524  -47.380  11.343  0.724 0.0000000000
110433  -44.458  11.980  0.522 0.0000000000
109522  -40.474  10.766  0.201 0.0000000000
109478  -39.874  10.445  2.789 0.0000000000
108499  -39.213  9.451  5.273 0.0000000000
97768  -42.593  -1.489  6.805 0.0000000000
98800  -43.425  -1.026  6.135 0.0000000000
99785  -42.643  -0.217  6.997 0.0000000000
107366  -55.103  8.015  13.211 0.0000000000
108350  -53.585  9.379  13.081 0.0000000000
96909  -46.753  -1.836  -4.345 0.0000000000
94454  -49.876  -4.655  9.681 0.0000000000
93351  -49.141  -5.158  8.752 0.0000000000
93324  -48.707  -5.530  10.293 0.0000000000
94404  -37.903  -4.233  13.657 0.0000000000
95652  -37.061  -3.168  12.564 0.0000000000
94574  -51.378  -3.835  0.660 0.0000000000
95785  -49.978  -3.915  -0.029 0.0000000000
99835  -47.529  1.005  1.261 0.0000000000
99845  -46.242  1.070  0.179 0.0000000000
101706  -47.244  2.352  0.270 0.0000000000
102654  -46.079  3.329  -0.953 0.0000000000
102645  -47.727  3.207  -0.110 0.0000000000
102558  -48.962  3.628  10.873 0.0000000000
101630  -49.057  3.025  9.475 0.0000000000
103587  -49.810  4.345  9.442 0.0000000000
108557  -52.745  9.191  2.587 0.0000000000
107520  -54.100  8.228  1.216 0.0000000000
108579  -52.601  9.104  0.423 0.0000000000
108609  -51.641  9.502  -1.177 0.0000000000
110451  -51.355  11.342  -0.356 0.0000000000
111317  -49.976  11.970  -0.891 0.0000000000
111291  -50.839  11.864  0.977 0.0000000000
109443  -46.021  10.388  8.495 0.0000000000
108487  -45.690  9.981  7.065 0.0000000000
108471  -45.407  9.996  8.125 0.0000000000
108485  -43.550  9.077  7.056 0.0000000000
108455  -44.638  9.684  8.734 0.0000000000
93403  -46.668  -4.829  3.913 0.0000000000
94545  -46.905  -3.964  3.074 0.0000000000
95729  -46.019  -3.143  4.250 0.0000000000
98813  -45.073  -0.516  4.784 0.0000000000
97797  -46.234  -1.351  4.173 0.0000000000
99802  -46.104  0.475  4.129 0.0000000000
99809  -47.370  0.646  3.027 0.0000000000
100761  -46.409  1.384  3.846 0.0000000000
105541  -53.182  5.648  12.916 0.0000000000
105553  -53.144  6.230  11.276 0.0000000000
105554  -54.172  6.156  11.400 0.0000000000
108445  -55.189  9.381  8.964 0.0000000000
107434  -54.798  8.332  8.722 0.0000000000
109448  -53.928  9.621  7.223 0.0000000000
108472  -51.279  9.175  6.917 0.0000000000
109446  -52.892  10.470  6.597 0.0000000000
110376  -51.716  10.838  6.122 0.0000000000
110355  -52.519  11.325  7.559 0.0000000000
107400  -51.130  9.293  10.951 0.0000000000
108444  -50.911  9.977  9.818 0.0000000000
108443  -50.047  9.933  10.004 0.0000000000
108441  -48.511  10.078  10.199 0.0000000000
108421  -49.011  9.634  10.911 0.0000000000
99913  -42.956  0.583  -7.210 0.0000000000
98746  -42.705  -0.224  11.270 0.0000000000
98754  -43.402  -0.213  11.011 0.0000000000
100705  -43.553  1.013  11.676 0.0000000000
102542  -44.468  3.648  13.251 0.0000000000
102551  -45.074  2.996  12.575 0.0000000000
102552  -46.167  3.026  12.489 0.0000000000
102553  -47.236  3.325  12.313 0.0000000000
103570  -47.015  4.154  13.451 0.0000000000
102491  -47.824  3.511  17.635 0.0000000000
104544  -48.569  4.902  15.161 0.0000000000
103539  -50.025  4.662  16.001 0.0000000000
104547  -50.629  5.197  15.286 0.0000000000
103521  -51.412  4.437  16.937 0.0000000000
96835  -53.444  -2.561  1.278 0.0000000000
95762  -53.620  -2.866  2.792 0.0000000000
95714  -52.320  -3.770  6.199 0.0000000000
94523  -51.828  -4.344  5.217 0.0000000000
94537  -52.079  -4.364  3.990 0.0000000000
93408  -50.726  -4.993  4.819 0.0000000000
93406  -49.137  -6.019  4.760 0.0000000000
93389  -49.191  -5.482  5.970 0.0000000000
93348  -46.572  -5.385  8.381 0.0000000000
93356  -46.430  -5.379  7.338 0.0000000000
93346  -44.485  -5.184  7.999 0.0000000000
95605  -45.389  -2.896  17.179 0.0000000000
93253  -45.337  -4.950  15.292 0.0000000000
92197  -45.671  -6.122  14.104 0.0000000000
92199  -47.173  -6.224  14.150 0.0000000000
92215  -46.132  -6.380  13.306 0.0000000000
92243  -46.525  -6.441  11.453 0.0000000000
92227  -43.909  -6.673  12.304 0.0000000000
97739  -40.624  -2.148  10.516 0.0000000000
96738  -40.234  -2.388  10.646 0.0000000000
99883  -49.869  0.122  -4.213 0.0000000000
95782  -46.829  -2.969  1.081 0.0000000000
95795  -47.540  -3.368  -0.006 0.0000000000
96845  -46.732  -2.568  0.424 0.0000000000
98880  -45.604  -0.232  -1.954 0.0000000000
98881  -46.136  -0.612  -2.418 0.0000000000
98893  -45.959  -0.037  -3.093 0.0000000000
98911  -46.873  -0.126  -4.211 0.0000000000
99880  -46.512  0.507  -4.223 0.0000000000
99908  -46.289  0.649  -5.405 0.0000000000
99894  -46.088  1.298  -4.642 0.0000000000
103729  -44.772  4.376  -4.208 0.0000000000
101751  -44.542  2.858  -5.656 0.0000000000
103743  -44.756  4.565  -5.751 0.0000000000
102699  -43.797  3.897  -6.858 0.0000000000
104764  -45.219  5.989  -6.319 0.0000000000
100716  -44.844  1.107  9.439 0.0000000000
100734  -43.800  1.699  7.987 0.0000000000
101634  -45.674  2.658  8.923 0.0000000000
103610  -48.108  4.219  7.481 0.0000000000
103608  -46.357  4.013  7.155 0.0000000000
104621  -47.065  5.094  6.107 0.0000000000
103654  -47.074  4.761  4.266 0.0000000000
104652  -47.618  5.388  4.262 0.0000000000
104604  -52.104  5.844  7.745 0.0000000000
103614  -51.269  5.153  7.527 0.0000000000
104626  -52.554  5.149  6.327 0.0000000000
106558  -52.491  7.195  1.617 0.0000000000
105634  -52.170  6.555  3.243 0.0000000000
105661  -50.104  6.681  1.338 0.0000000000
104688  -49.354  6.043  1.669 0.0000000000
104696  -49.536  5.748  0.727 0.0000000000
103698  -48.478  4.867  -0.587 0.0000000000
104705  -49.243  5.941  -0.646 0.0000000000
107542  -48.574  8.852  -1.295 0.0000000000
106609  -48.533  7.995  -2.651 0.0000000000
108630  -49.526  10.548  -3.818 0.0000000000
107595  -46.723  8.927  -5.341 0.0000000000
107575  -46.841  9.195  -3.821 0.0000000000
106606  -45.767  7.577  -3.296 0.0000000000
107562  -47.412  9.444  -2.806 0.0000000000
111327  -46.434  13.011  -2.502 0.0000000000
109542  -45.828  10.915  -1.502 0.0000000000
109471  -49.733  11.042  4.406 0.0000000000
109513  -49.073  11.355  1.753 0.0000000000
109497  -47.561  10.284  2.872 0.0000000000
108553  -44.516  9.681  2.986 0.0000000000
109509  -44.802  10.726  1.693 0.0000000000
109507  -43.116  10.965  1.636 0.0000000000
110431  -42.595  11.900  0.138 0.0000000000
110405  -41.872  10.966  1.614 0.0000000000
109490  -40.398  10.867  1.759 0.0000000000
109479  -40.868  10.544  2.707 0.0000000000
107460  -41.300  8.627  6.505 0.0000000000
108500  -40.130  9.191  5.409 0.0000000000
108484  -39.835  9.106  6.079 0.0000000000
108482  -38.690  9.277  6.245 0.0000000000
94500  -44.502  -3.514  5.586 0.0000000000
95728  -45.371  -3.110  4.775 0.0000000000
96784  -44.562  -2.294  5.355 0.0000000000
98812  -44.565  -0.523  5.269 0.0000000000
99793  -44.508  0.469  5.552 0.0000000000
105555  -54.959  6.400  11.537 0.0000000000
106473  -55.490  7.457  12.158 0.0000000000
107384  -55.316  8.444  11.527 0.0000000000
108426  -54.166  10.059  10.306 0.0000000000
109415  -53.399  10.529  9.659 0.0000000000
108399  -53.887  9.742  11.210 0.0000000000
108371  -52.713  9.317  12.304 0.0000000000
97938  -44.896  -0.794  -6.247 0.0000000000
101608  -41.599  2.185  12.595 0.0000000000
101609  -42.566  2.278  12.424 0.0000000000
102549  -42.932  3.125  12.718 0.0000000000
94484  -50.024  -4.556  7.193 0.0000000000
93368  -49.216  -4.958  6.984 0.0000000000
93359  -49.090  -5.185  7.939 0.0000000000
93349  -47.524  -5.370  8.512 0.0000000000
93336  -46.764  -5.401  9.304 0.0000000000
95619  -43.438  -3.055  16.249 0.0000000000
94409  -42.431  -4.646  14.960 0.0000000000
94429  -38.740  -4.395  11.705 0.0000000000
96736  -38.759  -2.498  11.383 0.0000000000
95660  -38.276  -3.126  11.551 0.0000000000
98741  -37.513  -1.407  11.998 0.0000000000
98844  -47.027  -0.242  1.553 0.0000000000
97843  -46.253  -1.467  0.026 0.0000000000
98855  -46.146  -0.403  0.411 0.0000000000
99844  -45.668  0.750  -0.408 0.0000000000
100802  -44.895  1.632  -2.298 0.0000000000
100809  -44.660  2.053  -3.213 0.0000000000
101722  -44.734  2.614  -2.244 0.0000000000
102663  -45.332  3.590  -2.035 0.0000000000
103720  -45.770  4.887  -2.779 0.0000000000
100713  -47.484  1.870  10.536 0.0000000000
101635  -46.733  2.603  8.913 0.0000000000
101628  -48.179  2.239  9.385 0.0000000000
102585  -48.595  3.614  7.922 0.0000000000
103630  -49.420  4.810  7.049 0.0000000000
106521  -53.365  6.494  5.709 0.0000000000
104642  -53.662  5.221  4.976 0.0000000000
106545  -54.499  6.878  2.942 0.0000000000
106574  -53.596  6.822  0.821 0.0000000000
106581  -52.219  7.915  0.598 0.0000000000
105678  -50.226  7.442  -0.289 0.0000000000
107544  -50.571  8.435  -0.704 0.0000000000
108606  -50.350  9.081  -1.654 0.0000000000
109536  -48.637  9.979  -0.631 0.0000000000
108604  -47.812  9.955  -1.168 0.0000000000
110462  -48.791  11.978  -1.693 0.0000000000
111330  -49.107  13.255  -2.480 0.0000000000
112149  -47.524  13.591  -1.785 0.0000000000
109461  -47.600  10.703  6.165 0.0000000000
108540  -46.930  9.688  4.080 0.0000000000
108505  -46.655  10.054  6.068 0.0000000000
108521  -45.181  9.136  4.842 0.0000000000
108537  -43.808  9.243  3.670 0.0000000000
108536  -42.745  9.447  3.548 0.0000000000
107486  -43.406  8.705  5.196 0.0000000000
107461  -42.284  8.584  6.595 0.0000000000
107428  -41.906  8.760  8.298 0.0000000000
93447  -48.717  -5.309  2.151 0.0000000000
94572  -49.448  -4.517  0.667 0.0000000000
94559  -48.119  -4.821  1.800 0.0000000000
95773  -47.379  -3.734  1.780 0.0000000000
96822  -46.835  -2.523  2.186 0.0000000000
96798  -46.403  -2.286  3.802 0.0000000000
97807  -46.861  -1.255  3.357 0.0000000000
97818  -47.025  -1.349  2.258 0.0000000000
98835  -47.408  -0.022  2.551 0.0000000000
99815  -47.636  0.808  2.482 0.0000000000
101700  -48.053  1.974  1.876 0.0000000000
104575  -50.302  5.853  11.674 0.0000000000
104582  -50.272  5.652  10.649 0.0000000000
105551  -50.979  6.150  10.947 0.0000000000
105575  -52.253  6.332  9.221 0.0000000000
105586  -52.527  6.522  8.295 0.0000000000
105577  -54.490  6.786  9.972 0.0000000000
106504  -53.422  7.340  8.406 0.0000000000
105601  -52.697  6.631  6.885 0.0000000000
107479  -52.380  7.966  5.715 0.0000000000
107488  -52.110  8.695  4.795 0.0000000000
109484  -51.744  10.423  3.371 0.0000000000
110407  -50.644  11.721  2.335 0.0000000000
110398  -51.249  11.025  3.817 0.0000000000
109472  -50.343  11.237  4.782 0.0000000000
110381  -49.440  11.424  6.024 0.0000000000
110344  -51.937  11.359  8.711 0.0000000000
110353  -50.575  11.700  8.048 0.0000000000
110362  -48.913  11.635  7.588 0.0000000000
110350  -47.930  11.422  8.342 0.0000000000
109433  -47.394  10.965  8.751 0.0000000000
108439  -46.690  9.949  9.954 0.0000000000
98767  -42.092  -0.564  9.097 0.0000000000
99766  -42.492  0.027  8.508 0.0000000000
99760  -42.764  0.011  9.300 0.0000000000
99755  -44.172  0.216  10.651 0.0000000000
99763  -45.564  0.519  10.241 0.0000000000
100701  -44.016  1.670  11.899 0.0000000000
100707  -45.442  1.217  11.520 0.0000000000
100709  -46.975  1.666  11.045 0.0000000000
101618  -47.750  2.408  11.204 0.0000000000
102557  -48.391  3.261  11.341 0.0000000000
103581  -48.841  4.229  11.657 0.0000000000
103535  -46.766  4.140  15.502 0.0000000000
103557  -47.289  4.460  14.624 0.0000000000
103572  -48.695  4.987  13.992 0.0000000000
104574  -49.553  5.228  12.316 0.0000000000
104567  -50.669  5.888  13.104 0.0000000000
104561  -52.404  5.616  14.529 0.0000000000
104562  -53.493  5.177  14.528 0.0000000000
95788  -52.375  -2.950  0.572 0.0000000000
94562  -51.519  -4.411  1.581 0.0000000000
96799  -54.239  -2.405  4.799 0.0000000000
95747  -53.834  -2.724  3.880 0.0000000000
95746  -53.061  -3.568  3.622 0.0000000000
94550  -52.274  -4.242  2.688 0.0000000000
94548  -50.402  -5.388  2.498 0.0000000000
93421  -49.167  -6.033  3.719 0.0000000000
93404  -47.228  -5.478  4.275 0.0000000000
93386  -46.291  -4.950  5.009 0.0000000000
93366  -47.329  -5.487  6.498 0.0000000000
93365  -46.308  -5.405  6.205 0.0000000000
93364  -45.552  -4.821  5.910 0.0000000000
94481  -44.154  -3.823  6.225 0.0000000000
94378  -47.786  -4.647  16.492 0.0000000000
95621  -45.327  -3.575  16.279 0.0000000000
94393  -46.473  -4.504  15.993 0.0000000000
93256  -47.780  -5.436  15.715 0.0000000000
92201  -48.768  -6.336  14.242 0.0000000000
92218  -48.590  -6.402  13.292 0.0000000000
92246  -48.864  -6.125  11.788 0.0000000000
92244  -47.463  -6.249  11.364 0.0000000000
92257  -46.311  -6.152  10.638 0.0000000000
92268  -44.872  -6.119  9.718 0.0000000000
97750  -41.509  -1.958  8.723 0.0000000000
97745  -41.391  -1.916  9.411 0.0000000000
98745  -41.583  -0.609  11.081 0.0000000000
99747  -41.256  0.050  11.639 0.0000000000
100698  -41.222  1.310  12.390 0.0000000000
97931  -50.556  -0.972  -4.749 0.0000000000
98944  -49.368  -0.717  -4.813 0.0000000000
97913  -48.540  -1.083  -4.756 0.0000000000
94585  -49.124  -4.086  -0.090 0.0000000000
95807  -48.795  -3.137  -1.074 0.0000000000
96868  -46.522  -1.708  -1.265 0.0000000000
97870  -47.677  -1.594  -2.122 0.0000000000
97883  -48.272  -0.826  -2.767 0.0000000000
98912  -48.218  0.150  -4.289 0.0000000000
98927  -48.285  -0.260  -4.610 0.0000000000
97912  -47.442  -0.939  -4.449 0.0000000000
97927  -46.164  -0.326  -5.407 0.0000000000
98942  -45.653  -0.054  -5.982 0.0000000000
100839  -44.858  1.019  -6.428 0.0000000000
100821  -44.934  2.029  -5.089 0.0000000000
100829  -44.854  1.980  -5.940 0.0000000000
100848  -43.663  1.167  -7.208 0.0000000000
100837  -43.207  1.988  -7.179 0.0000000000
102703  -42.793  3.892  -7.393 0.0000000000
103742  -43.266  4.810  -6.340 0.0000000000
99777  -42.973  0.608  7.999 0.0000000000
100742  -43.589  1.262  6.869 0.0000000000
101666  -44.460  2.240  6.116 0.0000000000
102568  -46.177  3.165  8.338 0.0000000000
102598  -45.244  3.485  6.311 0.0000000000
101675  -45.535  2.272  4.868 0.0000000000
102614  -46.389  3.199  4.160 0.0000000000
102622  -47.555  3.290  2.943 0.0000000000
102630  -48.373  3.507  1.765 0.0000000000
103596  -50.500  4.835  8.455 0.0000000000
103613  -50.452  4.791  7.692 0.0000000000
104624  -49.944  5.360  6.395 0.0000000000
104656  -52.188  5.442  4.716 0.0000000000
104655  -51.093  5.687  4.829 0.0000000000
104653  -48.817  6.111  4.407 0.0000000000
104668  -48.249  5.777  3.487 0.0000000000
103679  -48.658  4.436  1.519 0.0000000000
102638  -48.613  3.520  0.996 0.0000000000
102656  -48.002  4.122  -0.502 0.0000000000
105698  -47.000  6.265  -3.428 0.0000000000
105676  -48.897  6.957  -0.989 0.0000000000
106608  -48.287  7.501  -3.277 0.0000000000
105717  -46.429  6.742  -4.979 0.0000000000
105726  -46.400  7.630  -5.546 0.0000000000
105724  -44.471  6.648  -6.043 0.0000000000
108603  -47.101  10.085  -1.343 0.0000000000
110421  -49.606  11.903  1.368 0.0000000000
110450  -48.301  12.546  -0.152 0.0000000000
111286  -46.351  12.565  -0.072 0.0000000000
109511  -47.003  10.529  1.429 0.0000000000
110434  -45.605  11.650  0.650 0.0000000000
111299  -44.853  13.510  -0.644 0.0000000000
111282  -42.807  12.241  -0.594 0.0000000000
110443  -41.393  10.995  -0.344 0.0000000000
107524  -40.557  9.344  0.717 0.0000000000
108517  -40.796  9.407  4.372 0.0000000000
108533  -39.458  10.097  3.626 0.0000000000
108391  -45.506  9.861  11.717 0.0000000000
108390  -44.505  9.745  11.391 0.0000000000
108415  -43.187  9.647  10.254 0.0000000000
108414  -42.227  9.425  10.179 0.0000000000
108433  -41.383  8.858  9.540 0.0000000000
97757  -42.099  -1.583  7.491 0.0000000000
98787  -42.310  -0.762  7.160 0.0000000000
94456  -51.149  -4.318  10.260 0.0000000000
94455  -50.496  -4.483  9.879 0.0000000000
94447  -50.063  -4.694  10.215 0.0000000000
93325  -49.593  -5.193  10.506 0.0000000000
94573  -50.618  -4.317  0.707 0.0000000000
95786  -50.894  -3.603  0.020 0.0000000000
100782  -48.197  2.083  0.953 0.0000000000
100789  -47.625  1.747  0.713 0.0000000000
101716  -47.353  2.937  -0.021 0.0000000000
101707  -47.898  2.601  0.190 0.0000000000
103584  -49.368  4.271  10.539 0.0000000000
109501  -52.408  9.966  1.742 0.0000000000
108565  -52.977  9.457  1.332 0.0000000000
109516  -52.289  10.097  0.937 0.0000000000
109526  -52.155  10.031  0.100 0.0000000000
110440  -52.018  10.848  0.647 0.0000000000
111305  -50.914  11.883  0.158 0.0000000000
110439  -51.471  11.483  0.487 0.0000000000
109431  -46.048  10.295  9.118 0.0000000000
108437  -44.868  9.740  9.612 0.0000000000
94520  -46.235  -4.089  4.257 0.0000000000
94519  -45.663  -3.753  4.683 0.0000000000
99801  -45.260  0.472  4.802 0.0000000000
98814  -45.784  -0.463  4.382 0.0000000000
100760  -45.764  1.385  4.474 0.0000000000
104576  -53.586  5.580  13.041 0.0000000000
105546  -53.498  5.873  12.307 0.0000000000
109428  -54.682  10.196  8.604 0.0000000000
108460  -54.780  9.207  8.313 0.0000000000
109439  -54.293  9.920  7.644 0.0000000000
109447  -53.379  10.212  6.881 0.0000000000
110356  -53.084  10.781  7.363 0.0000000000
110366  -52.567  10.725  6.827 0.0000000000
110346  -53.214  11.165  7.937 0.0000000000
108396  -50.869  9.217  11.445 0.0000000000
108423  -50.873  9.496  10.546 0.0000000000
108422  -49.937  9.464  10.759 0.0000000000
108442  -49.324  9.970  10.305 0.0000000000
108395  -49.693  9.379  11.689 0.0000000000
96932  -44.468  -1.579  -6.145 0.0000000000
97937  -44.120  -0.962  -6.340 0.0000000000
98954  -43.529  -0.319  -6.599 0.0000000000
99745  -42.379  0.707  11.828 0.0000000000
99749  -42.986  0.394  11.568 0.0000000000
100704  -42.861  1.015  11.838 0.0000000000
103568  -44.911  4.050  13.975 0.0000000000
102543  -45.513  3.607  13.159 0.0000000000
103569  -45.932  4.070  13.819 0.0000000000
102544  -46.486  3.681  12.985 0.0000000000
103520  -50.289  4.203  16.831 0.0000000000
96837  -54.724  -1.526  2.087 0.0000000000
96836  -54.165  -2.194  1.897 0.0000000000
96823  -54.224  -2.217  3.213 0.0000000000
94522  -50.912  -4.716  5.467 0.0000000000
93407  -50.167  -5.360  5.216 0.0000000000
93390  -49.836  -5.061  6.235 0.0000000000
93347  -45.562  -5.404  8.195 0.0000000000
93333  -43.758  -5.674  8.907 0.0000000000
95604  -44.169  -2.678  16.822 0.0000000000
93270  -44.947  -5.669  14.605 0.0000000000
93290  -44.325  -5.960  14.048 0.0000000000
92214  -45.130  -6.379  13.500 0.0000000000
92228  -44.887  -6.586  12.383 0.0000000000
95669  -39.971  -3.438  10.514 0.0000000000
96744  -39.929  -2.892  10.625 0.0000000000
98897  -49.825  -0.131  -3.316 0.0000000000
99866  -45.360  0.624  -2.753 0.0000000000
98910  -46.448  0.185  -3.766 0.0000000000
103730  -45.211  4.871  -4.083 0.0000000000
103736  -44.742  4.454  -4.801 0.0000000000
103737  -45.200  5.139  -5.265 0.0000000000
103744  -45.094  5.311  -6.129 0.0000000000
104758  -45.461  5.894  -5.686 0.0000000000
101625  -45.160  1.910  9.317 0.0000000000
101626  -46.253  2.106  9.522 0.0000000000
103629  -48.527  4.760  6.940 0.0000000000
103628  -47.581  4.715  6.818 0.0000000000
104622  -47.969  5.261  6.213 0.0000000000
104636  -47.407  5.320  5.352 0.0000000000
104637  -48.349  5.615  5.370 0.0000000000
104612  -52.334  5.497  7.018 0.0000000000
104613  -52.852  5.495  6.508 0.0000000000
105649  -51.369  7.230  2.115 0.0000000000
105669  -50.134  6.578  0.414 0.0000000000
104706  -49.757  5.994  -0.050 0.0000000000
107541  -48.087  9.391  -1.366 0.0000000000
107552  -48.529  8.898  -2.303 0.0000000000
107563  -48.408  9.630  -2.944 0.0000000000
108629  -47.773  10.044  -4.250 0.0000000000
108616  -47.472  9.778  -3.767 0.0000000000
112165  -45.789  13.387  -2.178 0.0000000000
110473  -46.003  12.587  -2.463 0.0000000000
111326  -45.223  12.862  -2.487 0.0000000000
112163  -44.002  13.652  -2.451 0.0000000000
109482  -48.735  10.671  3.736 0.0000000000
108552  -43.500  9.781  2.829 0.0000000000
109494  -44.179  10.180  2.194 0.0000000000
109493  -43.257  10.445  2.191 0.0000000000
110415  -42.497  11.239  1.066 0.0000000000
109492  -42.286  10.722  2.080 0.0000000000
109491  -41.395  10.905  2.050 0.0000000000
108550  -42.013  10.274  2.626 0.0000000000
107443  -40.595  8.623  7.288 0.0000000000
107459  -40.323  8.845  6.318 0.0000000000
96783  -43.927  -2.207  5.650 0.0000000000
98801  -43.810  -0.508  5.885 0.0000000000
99787  -43.714  0.512  6.267 0.0000000000
105549  -55.389  6.598  12.704 0.0000000000
105542  -55.266  6.462  13.654 0.0000000000
107372  -54.727  8.744  12.235 0.0000000000
107373  -55.161  8.138  12.621 0.0000000000
107383  -54.832  8.968  11.646 0.0000000000
108400  -54.852  9.422  11.044 0.0000000000
108370  -51.642  9.212  12.513 0.0000000000
96908  -45.957  -1.944  -4.836 0.0000000000
97926  -45.651  -1.048  -5.679 0.0000000000
102547  -41.410  2.746  12.913 0.0000000000
102548  -41.949  2.939  12.861 0.0000000000
102540  -42.232  3.673  13.635 0.0000000000
94483  -49.485  -4.832  7.536 0.0000000000
94473  -49.625  -4.776  8.062 0.0000000000
93338  -48.495  -5.398  9.488 0.0000000000
93350  -48.388  -5.368  8.637 0.0000000000
93337  -47.648  -5.440  9.399 0.0000000000
93285  -39.842  -5.504  12.911 0.0000000000
93297  -38.953  -5.013  12.266 0.0000000000
93298  -39.584  -5.248  11.838 0.0000000000
95654  -38.309  -3.686  11.690 0.0000000000
94428  -38.129  -3.967  11.964 0.0000000000
96729  -37.350  -2.577  12.135 0.0000000000
97723  -37.128  -1.823  12.208 0.0000000000
99834  -46.844  0.722  0.793 0.0000000000
100796  -46.042  1.716  -0.295 0.0000000000
99855  -45.381  0.662  -1.526 0.0000000000
101723  -45.135  2.500  -1.536 0.0000000000
103708  -45.943  4.467  -1.946 0.0000000000
100714  -48.191  2.098  10.284 0.0000000000
100719  -47.827  1.860  9.890 0.0000000000
100720  -48.443  2.235  9.891 0.0000000000
102563  -49.427  3.520  9.335 0.0000000000
102571  -49.164  3.305  8.570 0.0000000000
102586  -49.158  3.750  7.918 0.0000000000
103612  -49.635  4.260  7.794 0.0000000000
106534  -53.603  7.213  4.561 0.0000000000
106535  -54.064  6.797  3.914 0.0000000000
107533  -53.694  8.041  0.356 0.0000000000
106584  -54.300  7.108  0.743 0.0000000000
106582  -53.213  7.529  0.438 0.0000000000
106573  -52.830  7.261  0.940 0.0000000000
107530  -50.829  8.260  0.014 0.0000000000
107531  -51.408  8.584  0.074 0.0000000000
109559  -51.440  10.127  -1.959 0.0000000000
107566  -51.173  9.154  -1.998 0.0000000000
108596  -50.146  9.782  -1.243 0.0000000000
108594  -48.908  9.384  -0.851 0.0000000000
109537  -49.138  10.015  -0.665 0.0000000000
109545  -48.277  10.767  -0.923 0.0000000000
109546  -49.263  10.870  -0.637 0.0000000000
111316  -49.277  12.669  -1.614 0.0000000000
112141  -49.228  13.172  -1.455 0.0000000000
112150  -48.553  13.849  -1.898 0.0000000000
112140  -48.937  13.451  -1.299 0.0000000000
109460  -47.047  10.493  6.709 0.0000000000
108506  -47.346  10.286  5.670 0.0000000000
108504  -45.449  9.400  5.920 0.0000000000
108538  -44.860  9.182  3.842 0.0000000000
108520  -44.121  8.855  4.674 0.0000000000
107487  -43.921  8.729  5.330 0.0000000000
108469  -43.407  9.142  7.666 0.0000000000
107446  -43.227  8.966  7.214 0.0000000000
107445  -42.637  8.778  7.491 0.0000000000
107429  -42.498  8.803  8.082 0.0000000000
93433  -48.000  -5.319  2.588 0.0000000000
93432  -47.518  -4.920  2.667 0.0000000000
95760  -47.312  -3.955  2.238 0.0000000000
95759  -46.956  -3.431  2.495 0.0000000000
95772  -46.939  -3.133  1.640 0.0000000000
96810  -46.758  -2.360  2.944 0.0000000000
96785  -45.168  -2.311  4.966 0.0000000000
96797  -45.791  -2.269  4.452 0.0000000000
98825  -46.544  -0.391  3.838 0.0000000000
97808  -47.198  -0.711  2.819 0.0000000000
97819  -47.230  -0.637  2.496 0.0000000000
100768  -47.104  1.427  3.349 0.0000000000
100769  -47.612  1.487  2.764 0.0000000000
100775  -47.916  1.436  2.156 0.0000000000
105544  -51.326  6.279  11.952 0.0000000000
105563  -52.725  6.414  10.305 0.0000000000
105587  -53.094  6.740  8.916 0.0000000000
105566  -55.400  6.813  10.934 0.0000000000
105565  -54.748  6.521  10.746 0.0000000000
105578  -55.148  6.936  10.281 0.0000000000
107450  -53.666  8.361  7.870 0.0000000000
106505  -54.486  7.676  8.919 0.0000000000
106513  -53.069  7.866  7.870 0.0000000000
106503  -52.592  6.915  7.955 0.0000000000
106512  -52.532  7.369  7.427 0.0000000000
106519  -52.285  7.622  6.793 0.0000000000
106511  -52.130  7.856  7.084 0.0000000000
108508  -51.411  9.522  5.906 0.0000000000
107478  -51.492  8.841  5.780 0.0000000000
108524  -51.605  9.504  4.968 0.0000000000
108541  -51.893  9.323  3.738 0.0000000000
109473  -51.515  10.283  4.320 0.0000000000
110391  -51.281  10.985  4.725 0.0000000000
110375  -50.928  11.578  6.302 0.0000000000
110383  -50.873  11.327  5.289 0.0000000000
110382  -50.147  11.489  5.748 0.0000000000
110374  -50.021  11.514  6.595 0.0000000000
109414  -52.406  10.451  9.841 0.0000000000
109426  -52.617  11.060  9.187 0.0000000000
109425  -51.510  10.663  9.340 0.0000000000
109424  -50.227  10.515  9.314 0.0000000000
109436  -50.422  11.148  8.667 0.0000000000
110352  -49.621  11.604  8.182 0.0000000000
110363  -49.815  11.578  7.415 0.0000000000
110372  -48.374  11.354  7.158 0.0000000000
110351  -48.702  11.535  8.292 0.0000000000
109422  -48.014  10.513  9.454 0.0000000000
108440  -47.578  9.964  10.046 0.0000000000
109421  -47.092  10.434  9.415 0.0000000000
108419  -47.092  9.801  10.846 0.0000000000
98953  -42.944  -0.016  -6.488 0.0000000000
101750  -42.460  2.699  -6.428 0.0000000000
98760  -42.590  -0.491  9.932 0.0000000000
99750  -43.834  0.394  11.301 0.0000000000
99756  -45.232  0.428  10.649 0.0000000000
101610  -43.540  2.354  12.302 0.0000000000
101611  -44.543  2.306  12.203 0.0000000000
101612  -45.707  2.154  11.915 0.0000000000
101616  -46.042  1.573  11.573 0.0000000000
100708  -46.311  1.173  11.272 0.0000000000
101617  -46.624  1.900  11.492 0.0000000000
103575  -47.302  3.819  12.759 0.0000000000
102554  -47.950  3.440  11.921 0.0000000000
103580  -48.311  3.694  11.852 0.0000000000
103577  -48.685  4.795  12.912 0.0000000000
102507  -47.743  3.739  16.749 0.0000000000
102521  -46.522  3.963  16.000 0.0000000000
103536  -47.558  4.356  15.619 0.0000000000
104558  -49.169  5.266  14.574 0.0000000000
103559  -48.704  5.054  14.547 0.0000000000
104566  -49.441  5.364  13.541 0.0000000000
104548  -51.711  5.357  15.384 0.0000000000
104549  -52.722  5.161  15.278 0.0000000000
97844  -53.528  -1.811  0.440 0.0000000000
95776  -53.470  -2.924  1.883 0.0000000000
95775  -52.804  -3.096  1.316 0.0000000000
95774  -52.032  -3.553  0.988 0.0000000000
94563  -52.343  -3.788  1.760 0.0000000000
95715  -53.189  -3.086  5.876 0.0000000000
95731  -53.489  -3.001  4.802 0.0000000000
93423  -50.633  -5.238  4.194 0.0000000000
94549  -51.085  -5.102  3.052 0.0000000000
93435  -49.998  -5.622  3.008 0.0000000000
92311  -48.676  -6.151  4.150 0.0000000000
93405  -48.122  -5.828  4.656 0.0000000000
93387  -47.236  -5.558  5.395 0.0000000000
93358  -48.343  -5.341  7.733 0.0000000000
93367  -48.304  -5.401  6.746 0.0000000000
93355  -45.373  -5.012  7.112 0.0000000000
94482  -44.872  -4.503  6.511 0.0000000000
93291  -49.965  -5.751  12.935 0.0000000000
95607  -47.323  -3.913  17.177 0.0000000000
94357  -48.047  -4.038  17.354 0.0000000000
95620  -44.517  -3.359  16.326 0.0000000000
94391  -44.907  -4.115  15.702 0.0000000000
93254  -46.117  -5.114  15.452 0.0000000000
93255  -46.906  -5.276  15.552 0.0000000000
93257  -48.593  -6.062  15.224 0.0000000000
93273  -47.384  -5.991  14.993 0.0000000000
92216  -46.974  -6.315  13.267 0.0000000000
92217  -47.779  -6.361  13.284 0.0000000000
92232  -48.383  -6.347  12.454 0.0000000000
92233  -49.140  -6.164  12.416 0.0000000000
92245  -48.245  -6.200  11.634 0.0000000000
93311  -48.223  -5.953  10.897 0.0000000000
92242  -45.622  -6.520  11.414 0.0000000000
92256  -45.422  -6.266  10.368 0.0000000000
92255  -44.328  -6.480  10.454 0.0000000000
95677  -40.813  -3.540  9.207 0.0000000000
94453  -41.097  -4.194  8.918 0.0000000000
95683  -41.288  -3.386  8.558 0.0000000000
96757  -41.536  -2.569  8.345 0.0000000000
97732  -40.544  -1.627  10.896 0.0000000000
97733  -41.274  -1.223  10.637 0.0000000000
97731  -39.432  -1.636  11.340 0.0000000000
98743  -38.962  -0.861  11.605 0.0000000000
99742  -39.789  0.619  12.289 0.0000000000
99743  -40.657  0.495  12.079 0.0000000000
100697  -40.332  1.276  12.510 0.0000000000
101607  -40.769  1.995  12.659 0.0000000000
98931  -50.836  -0.679  -4.701 0.0000000000
99898  -49.670  0.068  -4.460 0.0000000000
98930  -50.042  -0.528  -4.655 0.0000000000
98929  -49.430  -0.402  -4.780 0.0000000000
97928  -48.991  -1.167  -4.859 0.0000000000
98928  -48.936  -0.424  -4.883 0.0000000000
94571  -48.362  -4.380  0.944 0.0000000000
94584  -48.647  -4.199  0.272 0.0000000000
96857  -47.288  -2.997  -0.590 0.0000000000
95806  -48.254  -3.150  -0.918 0.0000000000
98866  -45.919  -0.894  -0.285 0.0000000000
97856  -45.976  -1.260  -0.998 0.0000000000
97869  -46.650  -1.221  -1.994 0.0000000000
97882  -47.407  -0.876  -2.723 0.0000000000
98896  -48.780  -0.133  -3.417 0.0000000000
98895  -47.737  -0.285  -3.451 0.0000000000
100823  -46.172  1.074  -5.560 0.0000000000
98943  -46.218  0.244  -5.519 0.0000000000
99907  -45.926  0.646  -5.891 0.0000000000
99916  -45.285  0.613  -6.279 0.0000000000
100815  -44.794  2.023  -4.157 0.0000000000
101745  -44.582  2.835  -4.684 0.0000000000
102692  -44.389  3.818  -6.160 0.0000000000
100838  -44.118  1.604  -6.793 0.0000000000
100847  -43.390  1.296  -7.318 0.0000000000
101756  -43.419  3.028  -7.181 0.0000000000
104763  -44.767  5.851  -6.492 0.0000000000
103758  -43.285  4.222  -7.482 0.0000000000
103750  -43.474  4.539  -6.867 0.0000000000
103749  -42.840  4.333  -6.999 0.0000000000
104757  -43.812  5.431  -6.305 0.0000000000
100723  -43.457  1.000  8.324 0.0000000000
101648  -44.089  2.118  7.933 0.0000000000
101647  -43.776  1.783  7.573 0.0000000000
101658  -43.926  2.148  7.007 0.0000000000
102597  -44.659  2.953  6.736 0.0000000000
102583  -46.707  3.568  7.738 0.0000000000
103626  -45.867  3.985  6.510 0.0000000000
103642  -45.601  3.793  5.943 0.0000000000
102606  -45.455  3.234  5.414 0.0000000000
102607  -46.006  3.612  4.830 0.0000000000
102613  -45.830  2.941  4.649 0.0000000000
103663  -47.184  4.278  3.601 0.0000000000
103670  -47.762  4.192  2.749 0.0000000000
102629  -48.031  3.421  2.335 0.0000000000
104585  -50.554  5.551  9.830 0.0000000000
104592  -50.141  5.006  9.446 0.0000000000
104593  -50.665  5.259  9.034 0.0000000000
103632  -51.342  5.169  6.683 0.0000000000
104625  -50.798  5.319  6.349 0.0000000000
103631  -50.285  5.042  7.082 0.0000000000
104670  -53.867  5.566  3.897 0.0000000000
104657  -53.316  5.363  4.246 0.0000000000
105633  -50.913  6.696  3.255 0.0000000000
105619  -51.632  6.164  4.098 0.0000000000
105618  -50.503  6.298  4.098 0.0000000000
104654  -49.997  5.974  4.780 0.0000000000
105617  -49.497  6.359  4.030 0.0000000000
105616  -49.040  6.345  3.966 0.0000000000
105631  -48.930  6.292  3.447 0.0000000000
104687  -49.086  5.221  1.264 0.0000000000
104678  -48.542  5.540  2.340 0.0000000000
102646  -48.231  3.628  0.032 0.0000000000
104720  -48.556  5.993  -1.295 0.0000000000
103711  -48.201  5.306  -1.243 0.0000000000
104719  -47.970  5.681  -1.698 0.0000000000
104732  -47.728  6.178  -2.400 0.0000000000
106591  -50.013  7.809  -0.642 0.0000000000
106622  -48.576  8.313  -3.627 0.0000000000
106621  -48.097  7.675  -4.016 0.0000000000
105710  -47.384  7.196  -4.459 0.0000000000
105718  -47.115  7.640  -5.209 0.0000000000
105727  -46.950  7.986  -5.537 0.0000000000
107584  -45.847  8.701  -5.110 0.0000000000
107594  -45.968  8.668  -5.386 0.0000000000
106628  -44.896  7.388  -5.667 0.0000000000
105715  -44.278  6.524  -5.261 0.0000000000
106605  -44.966  7.359  -3.830 0.0000000000
109544  -47.559  10.818  -1.723 0.0000000000
108591  -45.876  9.826  -0.859 0.0000000000
110422  -50.398  11.911  1.549 0.0000000000
110406  -49.859  11.759  2.052 0.0000000000
109512  -48.059  11.341  1.542 0.0000000000
110420  -48.842  11.797  1.088 0.0000000000
109525  -47.912  11.618  0.725 0.0000000000
111301  -47.376  12.947  -0.749 0.0000000000
111287  -47.090  12.473  -0.034 0.0000000000
109496  -46.288  9.923  2.268 0.0000000000
110417  -44.599  11.344  1.212 0.0000000000
110418  -45.201  11.146  1.299 0.0000000000
111285  -45.234  12.611  -0.145 0.0000000000
111284  -44.235  12.684  -0.191 0.0000000000
111298  -44.010  13.332  -0.703 0.0000000000
111283  -43.456  12.530  -0.430 0.0000000000
110413  -41.007  11.293  0.345 0.0000000000
109530  -40.977  10.685  -0.218 0.0000000000
108586  -41.085  10.429  -0.302 0.0000000000
108572  -40.593  9.966  0.077 0.0000000000
108571  -40.119  10.301  0.507 0.0000000000
109489  -39.256  10.307  2.077 0.0000000000
108549  -39.113  10.103  1.491 0.0000000000
109477  -39.083  10.218  2.950 0.0000000000
108518  -41.921  9.089  4.599 0.0000000000
108535  -41.605  9.879  3.291 0.0000000000
108516  -39.793  9.592  4.399 0.0000000000
108515  -38.952  9.877  4.426 0.0000000000
108514  -38.170  9.783  4.239 0.0000000000
108416  -44.175  9.649  10.402 0.0000000000
108389  -43.516  9.681  11.208 0.0000000000
108388  -42.573  9.727  11.051 0.0000000000
108434  -41.932  8.978  9.314 0.0000000000
96769  -42.927  -2.215  6.621 0.0000000000
96770  -43.432  -2.203  6.131 0.0000000000
97769  -43.177  -1.504  6.324 0.0000000000
98788  -42.982  -0.619  6.487 0.0000000000
106468  -55.184  7.137  13.889 0.0000000000
107365  -54.509  8.610  13.428 0.0000000000
108351  -54.245  9.177  12.519 0.0000000000
107364  -53.798  9.212  13.741 0.0000000000
108339  -53.191  9.668  14.227 0.0000000000
97911  -46.341  -1.026  -4.942 0.0000000000
102534  -41.359  3.846  14.566 0.0000000000
102535  -42.035  3.947  14.289 0.0000000000
94464  -50.430  -4.442  9.053 0.0000000000
94463  -49.737  -4.683  8.868 0.0000000000
93339  -49.264  -5.107  9.582 0.0000000000
93323  -47.781  -5.737  10.314 0.0000000000
94420  -38.555  -4.858  12.933 0.0000000000
95646  -37.286  -3.754  13.030 0.0000000000
95787  -51.734  -3.141  0.140 0.0000000000
95798  -50.378  -3.224  -0.736 0.0000000000
100788  -46.737  1.734  0.332 0.0000000000
101714  -45.733  2.490  -0.807 0.0000000000
101715  -46.602  2.654  -0.203 0.0000000000
102655  -47.303  3.744  -0.644 0.0000000000
102560  -48.738  3.176  10.686 0.0000000000
101623  -49.074  3.201  9.804 0.0000000000
102561  -49.173  3.516  10.133 0.0000000000
107497  -53.167  8.326  3.502 0.0000000000
107498  -54.148  7.770  3.178 0.0000000000
108558  -53.499  8.633  2.302 0.0000000000
108580  -53.462  8.750  0.927 0.0000000000
108578  -51.872  8.934  0.209 0.0000000000
108598  -51.754  9.436  -0.181 0.0000000000
109539  -51.938  10.081  -0.632 0.0000000000
110465  -51.060  10.896  -0.918 0.0000000000
110464  -50.345  10.989  -0.747 0.0000000000
111318  -50.639  11.547  -0.573 0.0000000000
111304  -50.216  12.184  -0.181 0.0000000000
109444  -46.684  10.707  8.187 0.0000000000
108488  -46.522  10.301  6.792 0.0000000000
109451  -46.076  10.396  7.822 0.0000000000
108486  -44.297  9.206  6.760 0.0000000000
108470  -44.499  9.615  7.800 0.0000000000
108454  -43.643  9.447  8.569 0.0000000000
94535  -47.004  -4.460  3.183 0.0000000000
93418  -46.893  -4.665  3.451 0.0000000000
94534  -46.676  -4.242  3.537 0.0000000000
99808  -46.785  0.537  3.540 0.0000000000
105540  -52.640  5.876  12.853 0.0000000000
105545  -52.419  6.258  12.059 0.0000000000
105564  -53.850  6.426  10.538 0.0000000000
107417  -55.581  8.080  9.815 0.0000000000
107435  -55.259  8.192  9.237 0.0000000000
108461  -55.201  8.778  8.886 0.0000000000
107451  -54.385  8.603  8.155 0.0000000000
107430  -51.455  8.728  7.900 0.0000000000
108474  -52.491  8.972  7.192 0.0000000000
108490  -51.811  9.567  6.382 0.0000000000
109455  -51.797  10.151  6.005 0.0000000000
110377  -52.263  10.602  6.438 0.0000000000
110365  -51.723  11.417  6.986 0.0000000000
108424  -51.855  9.866  10.424 0.0000000000
109423  -49.128  10.497  9.574 0.0000000000
98747  -43.264  0.031  11.326 0.0000000000
102545  -47.020  3.753  12.854 0.0000000000
103537  -48.408  4.614  15.641 0.0000000000
103518  -48.521  4.176  16.370 0.0000000000
103538  -49.162  4.613  15.870 0.0000000000
104546  -49.681  5.088  15.266 0.0000000000
103540  -51.025  4.886  16.172 0.0000000000
97845  -54.255  -1.528  0.766 0.0000000000
94536  -51.186  -4.732  4.436 0.0000000000
93422  -49.941  -5.610  4.072 0.0000000000
93354  -44.759  -4.839  7.406 0.0000000000
93269  -43.923  -5.215  14.745 0.0000000000
93252  -44.596  -4.825  15.217 0.0000000000
93271  -45.821  -5.699  14.803 0.0000000000
92198  -46.385  -6.180  14.129 0.0000000000
92230  -46.775  -6.504  12.361 0.0000000000
92229  -45.854  -6.586  12.409 0.0000000000
93330  -41.004  -4.593  9.401 0.0000000000
95676  -40.568  -3.690  9.723 0.0000000000
96751  -40.651  -3.082  9.663 0.0000000000
96746  -40.957  -2.451  9.734 0.0000000000
96745  -40.473  -2.712  10.244 0.0000000000
99899  -50.371  -0.173  -4.415 0.0000000000
99882  -49.120  0.282  -4.549 0.0000000000
95783  -47.479  -3.554  0.746 0.0000000000
96846  -47.241  -3.145  0.155 0.0000000000
97868  -45.951  -0.852  -1.747 0.0000000000
99895  -46.472  0.816  -4.809 0.0000000000
100822  -45.765  1.479  -5.292 0.0000000000
102679  -44.609  3.761  -4.094 0.0000000000
102686  -44.535  3.721  -5.241 0.0000000000
103751  -44.393  4.932  -6.423 0.0000000000
99768  -44.146  0.747  9.373 0.0000000000
100724  -44.028  1.512  8.689 0.0000000000
101633  -44.729  2.479  8.502 0.0000000000
102566  -44.827  2.796  8.178 0.0000000000
102584  -47.699  3.581  7.855 0.0000000000
103609  -47.168  4.188  7.358 0.0000000000
103627  -46.614  4.529  6.560 0.0000000000
104620  -46.576  4.739  5.927 0.0000000000
103653  -46.566  4.273  4.514 0.0000000000
104651  -47.036  4.976  4.743 0.0000000000
104603  -51.518  5.430  8.066 0.0000000000
103597  -51.061  5.101  8.105 0.0000000000
104611  -51.789  5.428  7.472 0.0000000000
103633  -51.912  5.185  6.792 0.0000000000
103644  -51.944  4.814  6.023 0.0000000000
105650  -52.797  6.733  2.362 0.0000000000
105648  -49.943  6.669  2.362 0.0000000000
105647  -49.215  6.353  2.713 0.0000000000
103688  -49.264  5.186  0.503 0.0000000000
103699  -49.290  5.317  0.043 0.0000000000
107543  -49.601  8.600  -1.066 0.0000000000
106599  -48.600  7.946  -1.581 0.0000000000
107564  -48.897  9.216  -3.389 0.0000000000
107588  -48.935  9.611  -4.529 0.0000000000
107596  -47.601  8.993  -5.225 0.0000000000
108638  -48.068  9.998  -4.734 0.0000000000
107585  -46.456  8.991  -4.788 0.0000000000
106630  -45.840  8.521  -4.787 0.0000000000
106619  -45.512  7.915  -4.387 0.0000000000
106620  -46.230  8.392  -4.103 0.0000000000
106607  -46.520  8.499  -3.036 0.0000000000
109543  -46.617  10.984  -1.774 0.0000000000
110459  -45.695  11.941  -2.105 0.0000000000
110448  -45.365  11.412  -1.515 0.0000000000
109483  -49.396  11.343  3.327 0.0000000000
109499  -49.421  11.458  2.401 0.0000000000
109498  -48.705  11.107  2.622 0.0000000000
109495  -45.183  10.087  2.258 0.0000000000
109508  -43.911  10.738  1.554 0.0000000000
110416  -43.662  11.383  1.065 0.0000000000
110432  -43.463  11.994  0.376 0.0000000000
110414  -41.704  11.325  0.574 0.0000000000
109506  -40.256  11.030  0.830 0.0000000000
107473  -41.105  8.744  5.762 0.0000000000
108501  -41.023  9.063  5.203 0.0000000000
107472  -40.639  8.937  5.674 0.0000000000
108483  -39.456  9.239  5.932 0.0000000000
107458  -39.390  8.995  6.547 0.0000000000
107441  -38.941  8.814  7.149 0.0000000000
94501  -45.033  -4.044  5.357 0.0000000000
95713  -44.781  -3.063  5.252 0.0000000000
97785  -44.893  -1.712  5.107 0.0000000000
97783  -43.664  -1.476  5.871 0.0000000000
97784  -44.331  -1.411  5.432 0.0000000000
97795  -44.835  -1.125  5.003 0.0000000000
99800  -44.821  -0.023  5.053 0.0000000000
99794  -44.952  0.971  5.281 0.0000000000
105547  -54.505  6.044  12.197 0.0000000000
104579  -55.204  6.144  12.745 0.0000000000
105556  -55.483  6.763  11.780 0.0000000000
106478  -55.550  7.478  11.199 0.0000000000
106471  -55.354  7.375  13.132 0.0000000000
107402  -55.566  8.155  10.571 0.0000000000
108428  -55.513  8.717  10.032 0.0000000000
108427  -55.099  9.602  9.816 0.0000000000
109416  -54.299  10.400  9.439 0.0000000000
109427  -53.662  11.008  8.735 0.0000000000
108425  -53.111  10.031  10.454 0.0000000000
108372  -53.639  9.373  12.026 0.0000000000
108398  -52.868  9.577  11.307 0.0000000000
108397  -51.866  9.380  11.438 0.0000000000
102541  -43.400  3.695  13.344 0.0000000000
94485  -51.156  -4.226  7.340 0.0000000000
94504  -50.709  -4.621  6.459 0.0000000000
93369  -49.798  -4.786  6.711 0.0000000000
93335  -45.739  -5.667  9.293 0.0000000000
95603  -43.593  -2.647  16.719 0.0000000000
94389  -42.874  -3.873  15.500 0.0000000000
94388  -41.931  -3.861  15.209 0.0000000000
94410  -43.203  -4.683  15.152 0.0000000000
93268  -42.981  -5.277  14.492 0.0000000000
94439  -39.534  -4.164  10.847 0.0000000000
95662  -39.471  -3.379  10.872 0.0000000000
95661  -38.865  -3.368  11.301 0.0000000000
96735  -37.982  -2.549  11.657 0.0000000000
95653  -37.703  -3.428  12.061 0.0000000000
98742  -38.009  -1.141  11.783 0.0000000000
97830  -46.552  -1.415  1.081 0.0000000000
99833  -46.063  0.444  0.253 0.0000000000
98854  -45.754  0.099  -0.055 0.0000000000
98865  -45.614  -0.294  -0.729 0.0000000000
100810  -44.973  1.270  -3.556 0.0000000000
100801  -44.648  2.211  -2.650 0.0000000000
101730  -44.623  2.670  -2.881 0.0000000000
102653  -45.494  3.019  -1.244 0.0000000000
102662  -44.744  3.084  -2.505 0.0000000000
102671  -44.711  3.364  -3.045 0.0000000000
102672  -44.955  4.192  -3.263 0.0000000000
104741  -45.994  5.537  -3.742 0.0000000000
100718  -46.892  1.711  9.978 0.0000000000
101627  -47.277  2.180  9.439 0.0000000000
101636  -47.737  2.518  8.842 0.0000000000
101638  -49.001  2.832  9.157 0.0000000000
101637  -48.590  2.646  8.939 0.0000000000
102570  -48.223  3.008  8.334 0.0000000000
105602  -53.136  6.056  6.434 0.0000000000
104627  -53.168  5.353  5.879 0.0000000000
105608  -53.644  5.836  5.425 0.0000000000
105621  -54.046  5.862  4.466 0.0000000000
105636  -54.094  5.998  3.284 0.0000000000
107499  -54.434  7.481  2.448 0.0000000000
105652  -54.123  6.398  2.009 0.0000000000
105651  -53.655  6.340  2.298 0.0000000000
106559  -53.284  6.778  1.534 0.0000000000
106572  -51.823  7.546  1.151 0.0000000000
105670  -50.445  7.295  0.163 0.0000000000
106580  -51.034  7.969  0.600 0.0000000000
106592  -50.485  7.875  -0.115 0.0000000000
107545  -51.183  8.896  -0.893 0.0000000000
107553  -50.217  8.787  -1.358 0.0000000000
110461  -48.070  11.566  -2.075 0.0000000000
110463  -49.568  11.533  -0.895 0.0000000000
110475  -47.794  12.329  -2.569 0.0000000000
111339  -47.867  13.587  -3.124 0.0000000000
112166  -47.189  13.561  -2.509 0.0000000000
112148  -46.191  13.584  -1.787 0.0000000000
109469  -47.913  10.456  5.326 0.0000000000
109481  -47.915  10.153  4.338 0.0000000000
108523  -47.221  9.915  5.118 0.0000000000
108522  -46.230  9.554  4.999 0.0000000000
108539  -45.967  9.025  3.980 0.0000000000
108519  -43.109  8.935  4.429 0.0000000000
107485  -42.661  8.732  5.131 0.0000000000
107463  -43.961  8.816  6.242 0.0000000000
107475  -42.899  8.476  5.834 0.0000000000
107444  -41.594  8.666  7.395 0.0000000000
107427  -40.900  8.558  8.181 0.0000000000
94560  -49.065  -5.033  1.514 0.0000000000
94570  -47.752  -4.189  1.437 0.0000000000
94546  -47.258  -4.374  2.638 0.0000000000
94558  -47.551  -4.333  2.006 0.0000000000
98834  -47.262  -0.474  2.214 0.0000000000
98845  -47.412  -0.069  2.067 0.0000000000
99825  -47.673  0.566  1.860 0.0000000000
100781  -47.964  1.591  1.475 0.0000000000
101701  -48.244  2.565  1.509 0.0000000000
104584  -49.793  5.058  10.097 0.0000000000
105561  -50.801  5.870  10.361 0.0000000000
105552  -52.012  6.346  11.097 0.0000000000
105562  -51.495  6.052  10.058 0.0000000000
105574  -51.582  5.912  9.375 0.0000000000
104595  -51.975  5.931  8.426 0.0000000000
105594  -52.587  6.283  7.326 0.0000000000
106496  -55.025  7.476  9.609 0.0000000000
106495  -54.133  7.144  9.271 0.0000000000
106494  -53.590  6.937  9.040 0.0000000000
106520  -52.743  7.088  6.350 0.0000000000
106526  -53.204  7.202  5.334 0.0000000000
107489  -53.020  7.996  4.594 0.0000000000
107465  -51.741  8.192  6.632 0.0000000000
107496  -52.479  8.581  3.996 0.0000000000
108542  -52.514  8.819  3.436 0.0000000000
108556  -52.201  9.923  3.078 0.0000000000
109500  -52.015  10.422  2.374 0.0000000000
110423  -51.400  11.402  1.476 0.0000000000
110408  -51.407  11.229  2.802 0.0000000000
110397  -50.697  11.525  3.329 0.0000000000
110390  -50.621  11.297  4.302 0.0000000000
110389  -50.055  11.582  3.721 0.0000000000
109463  -49.535  10.992  5.377 0.0000000000
110345  -52.651  11.451  8.366 0.0000000000
110354  -51.659  11.747  7.947 0.0000000000
110373  -49.036  11.451  6.742 0.0000000000
109462  -48.618  11.045  5.834 0.0000000000
109454  -48.224  11.162  6.590 0.0000000000
109453  -47.654  10.953  7.105 0.0000000000
109445  -47.348  11.151  7.893 0.0000000000
109434  -48.415  11.050  8.868 0.0000000000
109432  -46.571  10.607  8.894 0.0000000000
109420  -46.382  10.271  9.387 0.0000000000
109419  -46.092  10.194  9.376 0.0000000000
99761  -43.611  0.166  9.826 0.0000000000
98761  -43.318  -0.232  10.452 0.0000000000
99762  -44.844  0.468  9.969 0.0000000000
100711  -46.234  0.870  10.299 0.0000000000
100700  -43.132  1.615  12.035 0.0000000000
100706  -44.435  1.076  11.535 0.0000000000
100702  -44.841  1.672  11.796 0.0000000000
99752  -45.762  0.614  11.129 0.0000000000
99753  -46.266  0.764  10.920 0.0000000000
100712  -46.523  1.156  10.584 0.0000000000
101621  -48.097  2.209  10.627 0.0000000000
101614  -47.435  2.806  11.767 0.0000000000
102556  -47.777  3.030  11.687 0.0000000000
101619  -48.443  2.842  10.888 0.0000000000
103556  -46.367  4.206  14.695 0.0000000000
103571  -47.942  4.609  13.681 0.0000000000
103558  -48.224  4.798  14.773 0.0000000000
104560  -51.234  5.671  14.427 0.0000000000
104568  -51.983  5.995  13.604 0.0000000000
104569  -53.028  5.548  13.562 0.0000000000
104570  -53.939  5.364  13.604 0.0000000000
103542  -53.553  4.652  15.638 0.0000000000
96849  -53.667  -2.080  0.966 0.0000000000
96848  -52.994  -2.324  0.468 0.0000000000
93448  -49.529  -5.452  2.215 0.0000000000
93434  -48.941  -5.655  2.845 0.0000000000
93420  -48.237  -5.786  3.621 0.0000000000
93385  -45.671  -4.540  5.314 0.0000000000
95700  -43.723  -3.262  6.109 0.0000000000
95699  -43.261  -3.007  6.527 0.0000000000
95698  -42.773  -2.766  6.980 0.0000000000
97756  -41.704  -1.794  8.116 0.0000000000
93314  -50.144  -5.240  11.636 0.0000000000
94358  -48.818  -4.264  17.643 0.0000000000
94379  -48.658  -4.731  16.821 0.0000000000
94376  -46.073  -3.713  16.509 0.0000000000
94392  -45.717  -4.256  15.817 0.0000000000
94377  -46.872  -4.154  16.628 0.0000000000
94394  -47.152  -4.781  16.090 0.0000000000
93241  -47.999  -5.161  16.125 0.0000000000
93242  -48.500  -5.387  16.036 0.0000000000
93258  -49.449  -6.015  15.210 0.0000000000
92191  -49.181  -6.291  14.715 0.0000000000
92202  -49.619  -6.256  14.095 0.0000000000
92200  -47.956  -6.198  14.143 0.0000000000
92219  -49.435  -6.186  13.226 0.0000000000
93301  -49.763  -5.693  12.356 0.0000000000
93313  -49.498  -5.661  11.530 0.0000000000
93326  -49.942  -5.242  11.086 0.0000000000
93312  -48.887  -5.848  11.063 0.0000000000
92258  -47.016  -6.092  10.729 0.0000000000
93321  -46.248  -5.822  9.930 0.0000000000
92240  -43.613  -6.714  11.339 0.0000000000
92239  -42.570  -6.608  11.293 0.0000000000
92267  -44.016  -6.125  9.676 0.0000000000
98774  -41.666  -1.469  8.464 0.0000000000
98766  -41.677  -1.306  8.917 0.0000000000
98759  -41.747  -1.142  9.664 0.0000000000
98752  -41.769  -0.870  10.344 0.0000000000
97740  -41.178  -1.820  10.237 0.0000000000
99748  -42.113  0.148  11.562 0.0000000000
99744  -41.655  0.666  11.973 0.0000000000
96737  -39.591  -2.541  10.985 0.0000000000
101604  -41.041  2.560  12.910 0.0000000000
101603  -40.395  2.517  13.169 0.0000000000
102538  -40.375  2.918  13.645 0.0000000000
97915  -50.403  -1.449  -4.669 0.0000000000
98945  -49.824  -0.801  -4.753 0.0000000000
96923  -49.928  -1.413  -4.751 0.0000000000
97914  -49.174  -1.400  -4.818 0.0000000000
95797  -49.359  -3.572  -0.626 0.0000000000
95796  -48.210  -3.644  -0.347 0.0000000000
96856  -46.588  -2.065  -0.638 0.0000000000
98913  -49.333  0.318  -3.921 0.0000000000
99881  -48.678  0.164  -4.782 0.0000000000
98956  -44.939  0.056  -6.404 0.0000000000
99915  -44.436  0.643  -6.676 0.0000000000
100816  -45.459  1.485  -4.484 0.0000000000
99914  -43.705  0.412  -6.982 0.0000000000
99921  -43.405  0.882  -7.304 0.0000000000
100846  -43.015  1.299  -7.395 0.0000000000
101763  -43.031  3.581  -7.575 0.0000000000
101755  -42.785  3.058  -7.300 0.0000000000
102697  -42.551  3.659  -6.802 0.0000000000
99776  -42.488  -0.082  7.600 0.0000000000
99786  -43.093  0.381  6.987 0.0000000000
100733  -43.487  1.273  7.711 0.0000000000
100743  -44.097  1.382  6.195 0.0000000000
100751  -44.695  1.482  5.603 0.0000000000
102567  -45.210  3.000  8.240 0.0000000000
102582  -45.532  3.512  7.400 0.0000000000
102605  -44.859  2.913  5.957 0.0000000000
101667  -45.016  2.286  5.491 0.0000000000
101676  -46.094  2.247  4.251 0.0000000000
101684  -46.719  2.290  3.672 0.0000000000
103662  -46.708  3.765  3.890 0.0000000000
102621  -46.960  3.193  3.516 0.0000000000
101692  -47.931  2.406  2.357 0.0000000000
101693  -48.176  2.949  1.992 0.0000000000
104641  -52.638  4.986  5.506 0.0000000000
105620  -52.591  5.877  3.954 0.0000000000
104639  -50.528  5.569  5.637 0.0000000000
104638  -49.455  5.646  5.495 0.0000000000
104677  -48.061  4.782  2.576 0.0000000000
103671  -48.233  4.307  2.197 0.0000000000
101708  -48.324  2.721  0.675 0.0000000000
103697  -47.878  4.365  -0.761 0.0000000000
104730  -46.339  5.513  -3.083 0.0000000000
104742  -46.603  5.942  -3.553 0.0000000000
105677  -49.840  6.918  -0.470 0.0000000000
105687  -48.558  7.023  -1.843 0.0000000000
105700  -48.194  6.955  -2.593 0.0000000000
105699  -47.586  6.751  -3.378 0.0000000000
105709  -46.930  6.461  -4.036 0.0000000000
104751  -46.356  6.090  -4.231 0.0000000000
105716  -45.756  6.344  -5.325 0.0000000000
105725  -45.571  6.817  -5.809 0.0000000000
106648  -44.984  6.830  -6.437 0.0000000000
106640  -45.723  7.920  -5.872 0.0000000000
106639  -44.969  7.113  -6.232 0.0000000000
105732  -44.253  6.044  -6.264 0.0000000000
105723  -43.986  6.101  -5.935 0.0000000000
107550  -47.276  9.122  -1.528 0.0000000000
108602  -46.374  10.468  -1.383 0.0000000000
107540  -46.529  8.930  -1.051 0.0000000000
111277  -50.689  11.890  1.232 0.0000000000
111276  -50.351  12.043  1.266 0.0000000000
111289  -49.618  12.420  0.444 0.0000000000
110438  -49.202  12.190  0.873 0.0000000000
111288  -49.093  12.663  -0.120 0.0000000000
110449  -48.027  12.676  -0.361 0.0000000000
111314  -46.643  13.340  -1.405 0.0000000000
112138  -45.895  13.598  -1.401 0.0000000000
109510  -45.781  10.674  1.426 0.0000000000
109523  -46.505  11.107  0.788 0.0000000000
111300  -45.976  13.284  -0.913 0.0000000000
112137  -45.398  13.864  -1.323 0.0000000000
112135  -43.876  13.850  -1.696 0.0000000000
111309  -43.192  12.315  -1.559 0.0000000000
111296  -42.881  12.199  -1.067 0.0000000000
111295  -42.335  11.803  -0.593 0.0000000000
109532  -42.238  10.945  -0.605 0.0000000000
108587  -41.537  10.351  -0.325 0.0000000000
109505  -39.643  10.516  1.251 0.0000000000
108563  -39.498  9.841  1.014 0.0000000000
108534  -40.384  9.989  3.514 0.0000000000
108393  -47.598  9.540  11.781 0.0000000000
108418  -46.140  9.928  10.745 0.0000000000
108364  -45.563  10.048  12.327 0.0000000000
108417  -45.174  9.777  10.577 0.0000000000
108436  -43.885  9.603  9.469 0.0000000000
108435  -42.888  9.423  9.357 0.0000000000
108452  -42.055  8.856  8.757 0.0000000000
107416  -41.775  8.802  8.867 0.0000000000
92192  -49.497  -6.231  14.659 0.0000000000
92203  -50.063  -6.074  13.734 0.0000000000
92220  -49.897  -6.015  13.427 0.0000000000
92312  -49.025  -6.232  4.146 0.0000000000
92322  -48.735  -6.114  3.797 0.0000000000
92323  -48.916  -6.237  3.916 0.0000000000
93274  -48.068  -6.111  14.919 0.0000000000
93275  -49.724  -6.176  14.571 0.0000000000
93302  -50.431  -5.351  12.420 0.0000000000
93449  -50.080  -5.464  2.326 0.0000000000
94438  -39.131  -3.843  11.172 0.0000000000
94445  -40.083  -3.934  10.411 0.0000000000
94452  -40.713  -4.187  9.546 0.0000000000
94503  -50.151  -4.762  6.502 0.0000000000
94547  -47.641  -4.803  2.294 0.0000000000
96847  -52.303  -2.563  0.034 0.0000000000
96858  -47.942  -3.134  -0.833 0.0000000000
96924  -50.144  -1.542  -4.706 0.0000000000
96931  -44.054  -1.508  -6.170 0.0000000000
97729  -37.706  -1.871  11.834 0.0000000000
97929  -49.624  -1.169  -4.806 0.0000000000
97930  -50.212  -1.165  -4.758 0.0000000000
98946  -50.355  -0.846  -4.723 0.0000000000
98947  -50.603  -0.831  -4.690 0.0000000000
99757  -46.038  0.640  10.542 0.0000000000
99758  -46.313  0.809  10.681 0.0000000000
99896  -48.732  -0.027  -4.909 0.0000000000
99920  -43.141  0.984  -7.450 0.0000000000
99922  -43.853  0.933  -7.080 0.0000000000
100831  -46.081  0.923  -5.797 0.0000000000
101629  -48.757  2.584  9.552 0.0000000000
101657  -43.658  1.634  7.276 0.0000000000
101762  -42.868  3.720  -7.539 0.0000000000
102523  -47.425  4.027  16.295 0.0000000000
102680  -44.807  4.328  -3.881 0.0000000000
102698  -43.242  3.945  -7.432 0.0000000000
102704  -42.959  3.990  -7.662 0.0000000000
103588  -50.258  4.811  9.074 0.0000000000
103611  -48.953  4.193  7.527 0.0000000000
103615  -51.810  5.297  7.166 0.0000000000
103645  -52.125  4.930  6.266 0.0000000000
103721  -46.405  5.327  -2.620 0.0000000000
103752  -44.892  5.548  -6.433 0.0000000000
103757  -43.034  4.215  -7.446 0.0000000000
104545  -48.953  4.997  15.275 0.0000000000
104557  -48.716  5.068  14.879 0.0000000000
104578  -54.868  5.913  12.805 0.0000000000
104594  -51.413  5.698  8.827 0.0000000000
104602  -50.989  5.251  8.456 0.0000000000
104635  -46.735  4.847  5.371 0.0000000000
104658  -53.871  5.512  4.165 0.0000000000
104669  -53.747  5.646  3.694 0.0000000000
104679  -49.214  6.205  2.231 0.0000000000
104695  -49.243  5.154  0.753 0.0000000000
104731  -46.931  5.847  -2.769 0.0000000000
105548  -55.112  6.292  12.284 0.0000000000
105637  -54.371  6.534  2.437 0.0000000000
105653  -54.387  6.694  1.785 0.0000000000
105663  -54.275  6.527  1.512 0.0000000000
105664  -54.335  6.662  1.377 0.0000000000
105714  -43.881  6.048  -5.587 0.0000000000
105733  -44.675  6.401  -6.410 0.0000000000
105734  -45.080  6.533  -6.416 0.0000000000
106506  -54.935  7.911  9.150 0.0000000000
106527  -53.747  6.520  4.921 0.0000000000
106546  -54.508  6.993  2.178 0.0000000000
106560  -53.874  6.403  1.437 0.0000000000
106561  -54.112  6.382  1.410 0.0000000000
106562  -54.471  7.022  1.735 0.0000000000
106575  -54.208  6.606  1.009 0.0000000000
106576  -54.420  6.982  1.285 0.0000000000
106583  -53.955  7.145  0.397 0.0000000000
106629  -45.486  8.151  -5.218 0.0000000000
106632  -48.435  8.432  -4.286 0.0000000000
106641  -46.767  8.345  -5.525 0.0000000000
106642  -47.378  8.294  -5.314 0.0000000000
106649  -45.249  7.066  -6.155 0.0000000000
107381  -51.378  9.335  11.112 0.0000000000
107382  -51.630  9.482  10.937 0.0000000000
107399  -41.118  8.796  9.617 0.0000000000
107401  -51.374  9.471  10.790 0.0000000000
107431  -52.057  8.699  7.908 0.0000000000
107432  -52.331  8.788  7.666 0.0000000000
107433  -54.196  8.048  8.407 0.0000000000
107447  -51.134  8.669  7.278 0.0000000000
107448  -51.942  8.296  7.409 0.0000000000
107457  -38.876  9.004  6.754 0.0000000000
107462  -43.330  8.776  6.641 0.0000000000
107464  -50.936  8.924  6.483 0.0000000000
107466  -52.306  7.723  6.398 0.0000000000
107476  -43.685  8.623  5.822 0.0000000000
107477  -50.970  9.156  6.048 0.0000000000
107507  -53.538  8.397  2.741 0.0000000000
107508  -54.129  8.225  2.206 0.0000000000
107509  -54.412  7.500  1.695 0.0000000000
107521  -54.283  7.544  0.895 0.0000000000
107534  -54.161  7.440  0.515 0.0000000000
107554  -50.818  8.937  -1.490 0.0000000000
107555  -51.463  9.127  -1.587 0.0000000000
107556  -52.037  9.216  -1.845 0.0000000000
107565  -49.459  9.510  -3.888 0.0000000000
107567  -51.716  9.258  -2.214 0.0000000000
107568  -52.193  9.439  -2.285 0.0000000000
107576  -48.955  9.007  -4.069 0.0000000000
107577  -49.257  9.549  -4.316 0.0000000000
107586  -47.842  8.631  -5.091 0.0000000000
107587  -48.440  9.091  -4.760 0.0000000000
107597  -48.114  9.296  -5.058 0.0000000000
108401  -55.424  8.927  10.612 0.0000000000
108413  -41.226  9.041  10.148 0.0000000000
108438  -45.859  9.997  9.687 0.0000000000
108446  -55.420  8.800  9.434 0.0000000000
108453  -42.638  9.017  8.506 0.0000000000
108457  -51.202  9.204  7.664 0.0000000000
108458  -51.833  9.180  7.943 0.0000000000
108459  -52.207  8.964  7.845 0.0000000000
108473  -51.826  9.203  7.115 0.0000000000
108475  -53.427  9.161  7.203 0.0000000000
108476  -54.190  9.137  7.636 0.0000000000
108489  -51.196  9.312  6.396 0.0000000000
108491  -52.528  9.484  6.468 0.0000000000
108492  -53.131  9.485  6.666 0.0000000000
108502  -41.496  8.858  5.302 0.0000000000
108507  -50.987  9.228  6.290 0.0000000000
108555  -46.542  9.448  3.169 0.0000000000
108566  -53.547  8.783  1.737 0.0000000000
108573  -41.741  9.772  -0.002 0.0000000000
108592  -46.724  9.509  -1.183 0.0000000000
108593  -48.287  9.425  -1.034 0.0000000000
108595  -49.845  9.380  -1.242 0.0000000000
108597  -51.528  9.068  -0.497 0.0000000000
108605  -48.296  9.849  -0.780 0.0000000000
108607  -50.607  9.525  -1.657 0.0000000000
108608  -51.463  9.135  -1.061 0.0000000000
108617  -48.229  10.173  -3.569 0.0000000000
108618  -49.123  10.169  -3.585 0.0000000000
108619  -49.516  9.777  -3.637 0.0000000000
108620  -51.300  9.642  -2.107 0.0000000000
108621  -51.852  9.765  -2.255 0.0000000000
108622  -52.060  9.746  -1.870 0.0000000000
108628  -47.142  9.589  -4.327 0.0000000000
108631  -49.900  10.101  -4.009 0.0000000000
108637  -47.280  9.536  -4.809 0.0000000000
108639  -48.638  9.779  -4.671 0.0000000000
108640  -49.346  9.969  -4.434 0.0000000000
108646  -47.520  9.474  -5.118 0.0000000000
108647  -48.041  9.536  -5.020 0.0000000000
108648  -48.302  9.447  -4.917 0.0000000000
109396  -45.454  10.441  12.765 0.0000000000
109409  -45.315  10.092  12.276 0.0000000000
109437  -51.221  11.357  8.539 0.0000000000
109456  -52.546  10.298  6.243 0.0000000000
109457  -53.117  9.845  6.234 0.0000000000
109464  -50.141  11.194  5.123 0.0000000000
109480  -41.624  10.476  2.535 0.0000000000
109488  -38.696  9.979  2.607 0.0000000000
109514  -49.501  11.525  1.863 0.0000000000
109515  -52.103  10.614  1.507 0.0000000000
109521  -39.914  10.536  0.698 0.0000000000
109531  -41.503  10.776  -0.383 0.0000000000
109538  -49.798  10.009  -0.834 0.0000000000
109548  -50.934  10.487  -1.408 0.0000000000
109549  -51.590  10.208  -1.382 0.0000000000
109556  -48.787  10.537  -3.726 0.0000000000
109557  -49.131  10.686  -3.821 0.0000000000
109558  -50.903  10.045  -1.746 0.0000000000
109560  -51.849  10.058  -1.977 0.0000000000
109566  -48.570  10.515  -4.133 0.0000000000
109567  -49.336  10.547  -4.207 0.0000000000
109568  -49.594  10.275  -4.300 0.0000000000
109574  -48.776  10.247  -4.445 0.0000000000
109575  -49.217  10.200  -4.436 0.0000000000
109576  -49.462  10.217  -4.424 0.0000000000
110361  -48.093  11.509  7.713 0.0000000000
110367  -53.020  10.587  7.024 0.0000000000
110384  -51.452  11.001  5.348 0.0000000000
110404  -41.427  11.130  1.346 0.0000000000
110419  -48.302  11.807  0.708 0.0000000000
110429  -41.245  11.159  -0.159 0.0000000000
110435  -46.789  11.886  0.345 0.0000000000
110436  -47.790  12.151  0.101 0.0000000000
110437  -48.720  12.394  0.351 0.0000000000
110444  -42.076  11.395  -0.522 0.0000000000
110452  -51.928  10.821  -0.119 0.0000000000
110466  -51.625  10.719  -0.741 0.0000000000
110474  -46.765  12.472  -2.528 0.0000000000
110476  -48.384  12.189  -2.373 0.0000000000
111275  -49.999  12.262  1.119 0.0000000000
111281  -42.483  11.988  -0.616 0.0000000000
111290  -50.428  12.249  0.709 0.0000000000
111297  -43.541  13.152  -1.266 0.0000000000
111302  -48.542  12.952  -0.533 0.0000000000
111313  -46.153  13.481  -1.414 0.0000000000
111315  -49.100  12.702  -2.299 0.0000000000
111324  -43.894  13.298  -2.384 0.0000000000
111325  -44.241  13.178  -2.478 0.0000000000
111328  -47.575  13.155  -2.935 0.0000000000
111329  -48.639  12.779  -2.837 0.0000000000
111340  -48.247  13.529  -3.114 0.0000000000
111341  -48.764  13.548  -2.908 0.0000000000
112136  -44.343  14.006  -1.316 0.0000000000
112139  -48.239  13.597  -1.192 0.0000000000
112145  -43.760  13.592  -2.015 0.0000000000
112146  -44.190  14.132  -2.111 0.0000000000
112151  -49.163  13.538  -1.939 0.0000000000
112164  -44.719  13.584  -2.350 0.0000000000
112167  -48.124  13.876  -2.511 0.0000000000
112168  -48.835  13.865  -2.534 0.0000000000
112181  -47.653  13.625  -2.977 0.0000000000
112182  -47.905  13.874  -3.019 0.0000000000
112183  -48.434  13.879  -2.921 0.0000000000
