#!ascii label  , from subject sub-01 vox2ras=TkReg
1478
108330  -53.860  9.087  15.303 0.0000000000
125770  -44.683  32.615  12.406 0.0000000000
115991  -41.582  18.592  16.023 0.0000000000
117625  -51.396  20.111  7.433 0.0000000000
121858  -39.860  26.833  10.269 0.0000000000
122538  -48.214  27.418  9.812 0.0000000000
117650  -46.163  20.834  5.484 0.0000000000
116098  -46.277  18.548  5.620 0.0000000000
102510  -50.123  3.745  17.474 0.0000000000
104520  -52.614  5.509  19.266 0.0000000000
129764  -43.228  39.778  13.497 0.0000000000
128096  -40.103  36.263  7.290 0.0000000000
124520  -43.902  30.541  5.228 0.0000000000
111187  -49.016  12.661  16.593 0.0000000000
121808  -45.129  26.670  16.770 0.0000000000
117560  -47.537  20.784  13.738 0.0000000000
114384  -52.313  15.697  14.914 0.0000000000
113655  -48.665  15.455  12.617 0.0000000000
112085  -42.839  13.290  12.735 0.0000000000
108349  -52.486  9.374  13.395 0.0000000000
120508  -39.611  24.341  7.769 0.0000000000
119766  -42.774  23.503  8.507 0.0000000000
117632  -42.073  20.339  6.729 0.0000000000
116122  -43.776  18.696  2.701 0.0000000000
102470  -52.272  3.037  19.800 0.0000000000
104484  -52.386  4.751  22.844 0.0000000000
129727  -41.757  39.942  15.635 0.0000000000
126428  -42.103  33.233  6.017 0.0000000000
110273  -46.349  11.021  17.791 0.0000000000
113614  -44.655  15.511  16.241 0.0000000000
125715  -41.739  32.674  16.429 0.0000000000
124452  -44.981  29.935  15.302 0.0000000000
119771  -49.805  23.681  7.254 0.0000000000
120460  -47.489  24.601  10.518 0.0000000000
117593  -49.534  20.409  10.804 0.0000000000
116007  -50.320  18.856  14.884 0.0000000000
116023  -51.574  18.208  11.256 0.0000000000
113658  -51.081  15.602  13.109 0.0000000000
115208  -51.035  17.625  9.921 0.0000000000
115202  -44.716  16.871  10.097 0.0000000000
123798  -41.402  29.727  12.012 0.0000000000
123802  -45.893  29.660  11.938 0.0000000000
121877  -43.861  26.184  9.992 0.0000000000
119782  -47.317  23.706  6.712 0.0000000000
119115  -49.800  21.795  4.225 0.0000000000
116864  -50.061  18.825  5.894 0.0000000000
116158  -48.245  18.691  1.964 0.0000000000
114512  -44.686  16.692  3.200 0.0000000000
103541  -52.213  4.813  16.113 0.0000000000
103524  -54.504  4.443  16.674 0.0000000000
106453  -53.631  7.423  17.269 0.0000000000
128028  -39.878  36.497  16.918 0.0000000000
128031  -42.362  36.535  17.070 0.0000000000
127509  -43.023  35.550  12.327 0.0000000000
126972  -41.025  34.417  10.581 0.0000000000
125149  -39.184  31.574  8.483 0.0000000000
123842  -40.570  29.491  6.577 0.0000000000
121933  -41.261  26.907  4.812 0.0000000000
123200  -44.016  28.278  3.219 0.0000000000
106421  -48.926  8.196  20.131 0.0000000000
107342  -50.583  8.553  17.374 0.0000000000
109340  -52.568  10.670  17.456 0.0000000000
120438  -41.203  24.269  14.644 0.0000000000
121844  -47.463  27.009  14.048 0.0000000000
120448  -44.206  24.411  12.523 0.0000000000
116796  -44.039  19.657  14.586 0.0000000000
115156  -47.373  17.565  15.674 0.0000000000
113608  -51.225  15.293  17.132 0.0000000000
111192  -53.342  12.141  15.736 0.0000000000
111200  -51.472  12.673  14.667 0.0000000000
110322  -49.261  11.696  13.976 0.0000000000
109397  -46.421  10.435  13.067 0.0000000000
115228  -48.181  18.089  9.481 0.0000000000
112882  -45.773  14.570  12.837 0.0000000000
109407  -43.883  10.040  12.137 0.0000000000
106460  -54.505  7.690  15.144 0.0000000000
107365  -54.509  8.610  13.428 0.0000000000
107364  -53.798  9.212  13.741 0.0000000000
119789  -39.608  23.287  6.127 0.0000000000
119076  -40.345  22.304  7.663 0.0000000000
118368  -40.179  21.585  6.681 0.0000000000
116873  -41.904  19.358  5.369 0.0000000000
115144  -42.963  17.055  16.124 0.0000000000
125762  -43.456  32.961  13.542 0.0000000000
118359  -49.924  21.816  7.479 0.0000000000
118342  -49.192  21.899  8.691 0.0000000000
117603  -50.466  20.346  9.668 0.0000000000
117582  -50.824  19.872  11.281 0.0000000000
116838  -52.077  19.293  9.254 0.0000000000
116034  -52.121  18.163  10.027 0.0000000000
116064  -51.875  18.214  8.476 0.0000000000
122521  -40.430  27.791  11.014 0.0000000000
122523  -42.777  27.491  10.930 0.0000000000
121875  -41.632  26.000  10.060 0.0000000000
118358  -44.945  21.916  7.074 0.0000000000
119768  -45.226  24.163  7.851 0.0000000000
118372  -47.137  22.092  5.994 0.0000000000
119801  -48.575  22.945  5.532 0.0000000000
118395  -47.695  21.217  4.698 0.0000000000
138455  -48.840  20.194  2.088 0.0000000000
138448  -47.377  19.656  2.586 0.0000000000
115345  -44.152  17.443  1.201 0.0000000000
103470  -53.377  4.155  19.766 0.0000000000
102497  -53.728  3.771  18.084 0.0000000000
104510  -54.079  4.719  18.876 0.0000000000
104536  -54.803  5.480  17.293 0.0000000000
105508  -53.602  5.877  18.309 0.0000000000
129748  -42.740  39.939  14.869 0.0000000000
129147  -42.037  38.825  17.006 0.0000000000
128602  -42.824  37.977  15.020 0.0000000000
128049  -42.327  36.715  14.307 0.0000000000
128608  -43.517  38.087  12.813 0.0000000000
128654  -40.749  37.363  8.644 0.0000000000
127545  -41.823  35.938  10.027 0.0000000000
127543  -39.807  35.436  9.407 0.0000000000
126401  -39.047  32.948  10.094 0.0000000000
126997  -39.278  34.320  8.090 0.0000000000
125801  -43.265  32.084  6.049 0.0000000000
124503  -41.372  31.035  6.810 0.0000000000
124518  -42.142  30.079  5.793 0.0000000000
123171  -40.894  28.530  5.931 0.0000000000
123182  -42.398  28.987  4.887 0.0000000000
123191  -42.747  28.478  4.194 0.0000000000
123866  -44.275  29.751  4.303 0.0000000000
111150  -47.223  12.644  21.788 0.0000000000
110240  -48.944  11.628  22.721 0.0000000000
109315  -48.016  10.683  21.722 0.0000000000
107313  -49.258  8.859  21.340 0.0000000000
108302  -47.436  9.968  20.460 0.0000000000
111177  -47.323  11.893  16.876 0.0000000000
108316  -48.157  9.793  17.559 0.0000000000
109345  -49.276  11.103  16.751 0.0000000000
108319  -51.134  9.564  17.377 0.0000000000
110289  -50.119  11.693  16.927 0.0000000000
121795  -43.187  27.213  17.183 0.0000000000
121118  -41.183  25.814  16.160 0.0000000000
121814  -42.225  26.113  15.321 0.0000000000
123137  -47.084  28.249  10.929 0.0000000000
123786  -47.385  28.995  13.208 0.0000000000
122516  -48.719  27.077  11.891 0.0000000000
118308  -46.904  21.679  11.841 0.0000000000
120452  -45.606  24.450  11.771 0.0000000000
119025  -45.555  22.070  12.822 0.0000000000
118292  -43.985  21.756  13.727 0.0000000000
118287  -45.530  21.209  14.062 0.0000000000
115996  -46.084  18.372  15.173 0.0000000000
116788  -47.474  19.227  15.273 0.0000000000
115163  -51.184  17.220  14.577 0.0000000000
114379  -50.815  16.940  15.948 0.0000000000
113627  -51.855  15.820  15.798 0.0000000000
112035  -52.891  13.591  16.722 0.0000000000
112836  -52.801  14.296  15.540 0.0000000000
111202  -52.792  12.205  15.056 0.0000000000
112843  -52.527  14.119  14.783 0.0000000000
113656  -49.702  15.275  12.820 0.0000000000
112068  -50.016  13.450  14.085 0.0000000000
112067  -49.005  13.420  13.558 0.0000000000
109373  -47.703  10.912  13.480 0.0000000000
111221  -47.281  12.613  13.491 0.0000000000
116862  -48.560  19.016  5.495 0.0000000000
116075  -48.731  18.720  7.327 0.0000000000
116059  -46.922  18.483  8.277 0.0000000000
113677  -44.370  15.454  11.498 0.0000000000
114415  -45.336  16.137  11.224 0.0000000000
112881  -44.581  14.663  12.450 0.0000000000
111218  -44.533  12.726  13.255 0.0000000000
111233  -43.172  12.410  12.922 0.0000000000
109406  -42.917  9.972  11.940 0.0000000000
104572  -55.180  5.943  13.260 0.0000000000
108370  -51.642  9.212  12.513 0.0000000000
121192  -39.705  25.111  8.495 0.0000000000
120477  -41.749  24.772  9.180 0.0000000000
119765  -41.696  23.439  8.551 0.0000000000
119078  -42.659  22.136  8.079 0.0000000000
116861  -44.402  20.282  6.063 0.0000000000
116905  -45.181  19.354  3.134 0.0000000000
116890  -43.659  19.055  4.555 0.0000000000
102479  -50.958  3.161  18.725 0.0000000000
102462  -51.615  2.933  20.475 0.0000000000
104499  -52.625  4.651  20.981 0.0000000000
130972  -42.674  41.957  13.724 0.0000000000
127005  -40.807  34.519  6.267 0.0000000000
125806  -45.064  32.665  5.593 0.0000000000
125179  -45.866  31.429  4.971 0.0000000000
110270  -45.912  11.208  19.708 0.0000000000
112020  -45.276  13.101  17.071 0.0000000000
112030  -46.913  13.810  16.409 0.0000000000
123079  -45.745  28.376  17.524 0.0000000000
121198  -48.692  25.503  8.218 0.0000000000
121162  -48.943  25.630  10.057 0.0000000000
119756  -48.495  23.700  8.671 0.0000000000
118332  -48.086  21.789  9.745 0.0000000000
117578  -48.084  20.849  12.439 0.0000000000
117556  -49.130  20.338  14.355 0.0000000000
117571  -50.136  20.108  12.441 0.0000000000
116018  -50.775  18.755  12.964 0.0000000000
115170  -51.259  17.344  13.486 0.0000000000
113640  -51.423  15.428  13.735 0.0000000000
115175  -51.360  17.288  12.367 0.0000000000
114421  -50.934  16.572  11.929 0.0000000000
114419  -49.446  16.752  11.677 0.0000000000
115249  -45.684  17.936  8.461 0.0000000000
117540  -40.636  20.674  16.899 0.0000000000
125138  -42.738  31.806  12.147 0.0000000000
125130  -45.631  31.615  12.675 0.0000000000
123800  -43.766  30.019  12.429 0.0000000000
122515  -45.367  28.070  11.225 0.0000000000
121879  -46.233  26.723  9.377 0.0000000000
120479  -43.764  24.942  9.283 0.0000000000
121195  -45.767  25.740  8.711 0.0000000000
121197  -47.661  25.835  8.104 0.0000000000
121222  -49.147  24.786  6.548 0.0000000000
119793  -50.105  23.332  5.674 0.0000000000
118373  -50.772  21.417  6.009 0.0000000000
117636  -51.139  19.962  6.262 0.0000000000
117664  -50.347  19.712  3.639 0.0000000000
138451  -49.191  18.884  2.969 0.0000000000
115315  -47.117  18.380  3.887 0.0000000000
116141  -45.884  18.791  1.627 0.0000000000
115327  -45.883  17.402  2.433 0.0000000000
103502  -52.173  3.797  17.666 0.0000000000
103523  -53.755  4.160  16.722 0.0000000000
103561  -54.560  4.730  14.951 0.0000000000
104550  -55.316  5.406  15.373 0.0000000000
105528  -54.822  6.901  15.540 0.0000000000
107350  -53.850  8.527  16.358 0.0000000000
126914  -40.607  34.633  18.208 0.0000000000
128570  -40.944  37.039  18.304 0.0000000000
127460  -41.959  35.339  18.803 0.0000000000
127483  -41.901  35.280  16.692 0.0000000000
126944  -41.702  34.469  14.009 0.0000000000
126956  -44.074  34.088  11.838 0.0000000000
129203  -43.756  38.746  10.622 0.0000000000
128072  -43.560  36.382  10.609 0.0000000000
126975  -43.438  34.899  10.794 0.0000000000
125777  -43.030  32.856  11.548 0.0000000000
125136  -40.368  31.411  11.678 0.0000000000
124485  -38.757  30.444  10.558 0.0000000000
123142  -38.478  28.759  9.609 0.0000000000
125792  -39.982  32.506  7.521 0.0000000000
123831  -39.386  29.610  7.679 0.0000000000
122560  -38.645  27.908  8.480 0.0000000000
121907  -39.232  26.336  7.100 0.0000000000
121919  -39.892  26.466  6.074 0.0000000000
121945  -41.551  26.287  4.351 0.0000000000
122598  -43.460  27.110  3.189 0.0000000000
124552  -45.878  30.136  3.797 0.0000000000
105479  -50.784  6.790  20.965 0.0000000000
105492  -50.743  6.688  19.898 0.0000000000
108306  -47.601  9.320  19.393 0.0000000000
107337  -49.101  7.985  18.393 0.0000000000
106446  -51.448  7.033  17.954 0.0000000000
106451  -52.009  7.547  17.543 0.0000000000
107345  -53.448  8.643  17.123 0.0000000000
108322  -53.519  9.812  16.874 0.0000000000
118278  -41.123  21.001  14.885 0.0000000000
124463  -46.492  30.444  13.742 0.0000000000
123099  -46.658  28.744  15.035 0.0000000000
121818  -47.043  26.890  16.135 0.0000000000
121151  -47.463  25.855  11.869 0.0000000000
121848  -46.171  26.151  12.839 0.0000000000
121829  -44.287  26.451  14.599 0.0000000000
120443  -42.953  24.310  13.238 0.0000000000
119017  -42.262  22.266  13.810 0.0000000000
116003  -42.837  18.917  14.887 0.0000000000
115153  -44.602  17.529  15.317 0.0000000000
114366  -45.970  16.138  15.795 0.0000000000
112828  -47.769  14.696  16.254 0.0000000000
115999  -48.827  18.610  15.687 0.0000000000
114369  -49.218  16.470  16.389 0.0000000000
112830  -49.889  14.537  16.916 0.0000000000
111179  -51.933  12.588  17.537 0.0000000000
111181  -53.131  12.322  16.913 0.0000000000
109348  -53.609  10.640  15.683 0.0000000000
110304  -52.999  11.431  15.032 0.0000000000
109357  -52.006  10.836  14.419 0.0000000000
109376  -50.721  10.530  14.032 0.0000000000
112841  -51.426  14.246  14.356 0.0000000000
110300  -50.087  11.797  14.349 0.0000000000
109375  -49.728  10.851  13.951 0.0000000000
108367  -48.272  9.741  12.642 0.0000000000
108366  -47.167  9.969  12.733 0.0000000000
116077  -50.542  18.489  7.619 0.0000000000
115230  -49.451  17.831  9.920 0.0000000000
114418  -48.399  16.762  11.622 0.0000000000
115226  -45.811  17.758  9.606 0.0000000000
114416  -46.280  16.517  11.531 0.0000000000
112883  -46.859  14.847  12.747 0.0000000000
111220  -46.336  12.680  13.415 0.0000000000
109370  -45.205  11.139  13.242 0.0000000000
107354  -54.020  8.479  15.437 0.0000000000
107362  -54.209  8.389  14.586 0.0000000000
107353  -53.869  8.944  14.948 0.0000000000
107361  -53.780  9.032  14.318 0.0000000000
108329  -53.719  9.660  15.137 0.0000000000
119090  -39.804  22.268  6.672 0.0000000000
118367  -39.953  21.806  6.416 0.0000000000
114358  -42.432  16.488  17.201 0.0000000000
115150  -41.927  17.863  15.952 0.0000000000
126375  -44.338  33.249  12.505 0.0000000000
125750  -43.979  32.307  14.031 0.0000000000
125771  -45.125  32.319  12.830 0.0000000000
118360  -50.633  21.323  7.053 0.0000000000
118344  -50.376  21.113  8.059 0.0000000000
117624  -51.031  20.602  7.991 0.0000000000
117604  -51.343  19.788  9.515 0.0000000000
117612  -51.523  19.894  8.569 0.0000000000
116839  -52.345  18.727  9.111 0.0000000000
116846  -51.976  19.098  8.404 0.0000000000
121859  -41.015  26.725  10.563 0.0000000000
121874  -40.506  25.917  9.882 0.0000000000
118370  -45.575  21.652  6.541 0.0000000000
119092  -46.241  22.371  6.727 0.0000000000
118383  -46.809  21.349  5.640 0.0000000000
118384  -47.577  21.866  5.437 0.0000000000
118394  -47.257  21.192  5.187 0.0000000000
138454  -47.770  20.357  3.645 0.0000000000
117663  -46.789  20.434  4.822 0.0000000000
103500  -50.760  4.033  17.424 0.0000000000
104508  -53.028  4.818  19.903 0.0000000000
103471  -53.874  4.222  19.249 0.0000000000
104521  -53.275  5.341  18.978 0.0000000000
104522  -53.873  5.296  18.692 0.0000000000
105507  -52.837  6.032  18.520 0.0000000000
129168  -42.744  39.038  15.569 0.0000000000
129177  -43.055  38.898  14.364 0.0000000000
128607  -42.947  37.827  13.565 0.0000000000
129187  -43.737  38.656  12.574 0.0000000000
128671  -40.586  37.381  6.956 0.0000000000
129235  -40.770  38.011  7.527 0.0000000000
128090  -40.197  36.590  8.246 0.0000000000
128080  -40.620  36.579  9.093 0.0000000000
128089  -39.759  35.839  7.978 0.0000000000
126990  -39.117  34.329  9.019 0.0000000000
127552  -39.565  35.114  7.748 0.0000000000
125169  -43.441  31.463  5.872 0.0000000000
124510  -42.448  30.957  6.236 0.0000000000
124519  -42.728  30.553  5.759 0.0000000000
123855  -42.369  29.570  5.345 0.0000000000
123856  -43.076  29.891  5.179 0.0000000000
123865  -43.551  29.527  4.557 0.0000000000
124532  -44.170  30.080  4.673 0.0000000000
111990  -46.827  13.489  21.693 0.0000000000
111149  -46.539  12.435  21.258 0.0000000000
110239  -48.107  11.445  22.173 0.0000000000
110254  -47.205  11.679  21.410 0.0000000000
108296  -47.826  10.223  21.194 0.0000000000
111186  -47.862  12.543  16.613 0.0000000000
109343  -48.063  11.297  16.734 0.0000000000
110288  -49.211  11.843  16.641 0.0000000000
111188  -49.850  12.592  16.837 0.0000000000
122468  -44.723  27.499  18.002 0.0000000000
121796  -44.381  27.127  17.347 0.0000000000
121806  -42.678  26.666  16.352 0.0000000000
121807  -43.947  26.764  16.499 0.0000000000
122528  -47.735  27.852  10.449 0.0000000000
123138  -47.928  28.198  11.193 0.0000000000
122529  -48.738  27.408  10.922 0.0000000000
118300  -46.583  21.630  12.534 0.0000000000
119028  -45.745  22.522  12.150 0.0000000000
118299  -45.972  21.747  12.831 0.0000000000
118294  -45.654  21.660  13.375 0.0000000000
118288  -46.212  21.196  13.919 0.0000000000
116799  -46.959  19.880  14.850 0.0000000000
117554  -47.324  20.417  14.421 0.0000000000
114383  -51.762  16.391  14.500 0.0000000000
114380  -51.500  16.516  15.588 0.0000000000
114381  -52.055  15.975  15.325 0.0000000000
113628  -52.244  15.168  15.777 0.0000000000
113631  -52.591  15.025  14.860 0.0000000000
112885  -48.672  14.777  13.028 0.0000000000
112886  -49.250  14.680  13.148 0.0000000000
112066  -48.028  13.400  13.459 0.0000000000
112857  -47.878  14.163  13.253 0.0000000000
116099  -47.660  18.845  5.006 0.0000000000
116087  -47.464  18.798  6.426 0.0000000000
116086  -46.637  18.777  6.353 0.0000000000
112899  -43.374  14.627  11.799 0.0000000000
112900  -43.927  14.775  12.089 0.0000000000
112880  -43.532  14.138  12.397 0.0000000000
112086  -43.994  13.369  12.914 0.0000000000
110332  -42.546  11.399  12.658 0.0000000000
111232  -42.127  12.368  12.727 0.0000000000
105542  -55.266  6.462  13.654 0.0000000000
108371  -52.713  9.317  12.304 0.0000000000
120492  -39.881  24.441  8.230 0.0000000000
120493  -40.338  24.515  8.600 0.0000000000
119763  -39.956  23.807  8.084 0.0000000000
118354  -41.194  21.484  7.597 0.0000000000
119077  -41.583  22.091  8.055 0.0000000000
117622  -42.638  20.759  7.341 0.0000000000
117623  -43.553  20.793  7.284 0.0000000000
117633  -43.193  20.269  6.601 0.0000000000
116875  -43.928  19.581  5.343 0.0000000000
117647  -43.307  19.826  5.872 0.0000000000
116888  -41.387  18.963  4.483 0.0000000000
103461  -51.025  3.296  20.896 0.0000000000
103454  -52.792  3.948  21.722 0.0000000000
104491  -52.518  4.680  22.011 0.0000000000
131592  -42.457  42.861  14.386 0.0000000000
126438  -44.638  33.592  5.583 0.0000000000
126439  -45.751  33.610  5.649 0.0000000000
127016  -46.422  34.581  5.590 0.0000000000
112824  -44.206  15.090  16.526 0.0000000000
112817  -44.211  14.260  16.986 0.0000000000
112028  -45.159  14.129  16.580 0.0000000000
112029  -45.784  13.665  16.551 0.0000000000
112826  -45.738  14.726  16.336 0.0000000000
126325  -41.829  33.652  17.025 0.0000000000
123765  -44.903  29.225  16.587 0.0000000000
120501  -49.445  24.596  7.665 0.0000000000
120500  -48.896  24.706  8.436 0.0000000000
119770  -49.213  23.555  8.001 0.0000000000
118324  -49.278  20.894  9.956 0.0000000000
118333  -48.786  21.654  9.333 0.0000000000
118323  -48.637  21.035  10.373 0.0000000000
118310  -48.294  20.884  11.151 0.0000000000
117592  -48.909  20.510  11.221 0.0000000000
117570  -49.439  20.407  12.707 0.0000000000
117580  -49.519  20.335  11.810 0.0000000000
116821  -51.292  19.208  11.480 0.0000000000
116813  -50.939  19.133  12.392 0.0000000000
116019  -51.203  18.309  12.439 0.0000000000
116012  -50.881  18.164  13.293 0.0000000000
115209  -51.725  17.798  9.874 0.0000000000
115186  -51.220  17.373  11.184 0.0000000000
114420  -50.409  16.694  11.743 0.0000000000
115185  -50.298  17.331  11.013 0.0000000000
124479  -41.993  30.698  12.084 0.0000000000
124480  -43.006  30.728  12.333 0.0000000000
123799  -42.489  29.814  12.175 0.0000000000
121861  -43.291  26.812  10.447 0.0000000000
122524  -43.862  27.498  10.857 0.0000000000
121862  -44.394  26.854  10.380 0.0000000000
122526  -45.990  27.689  10.588 0.0000000000
121878  -44.968  26.372  9.801 0.0000000000
120495  -42.268  24.166  8.855 0.0000000000
120478  -42.778  24.833  9.262 0.0000000000
120496  -43.404  24.269  8.845 0.0000000000
119781  -46.025  23.840  7.312 0.0000000000
119769  -45.818  24.403  7.606 0.0000000000
120509  -46.149  24.521  7.495 0.0000000000
121196  -46.676  25.726  8.173 0.0000000000
121211  -47.171  25.397  7.726 0.0000000000
121212  -47.961  25.129  7.580 0.0000000000
120511  -48.212  24.499  6.780 0.0000000000
119105  -49.521  22.518  4.784 0.0000000000
119802  -49.083  23.254  5.544 0.0000000000
119106  -50.222  22.260  4.681 0.0000000000
119096  -50.477  22.344  5.533 0.0000000000
118386  -50.796  21.091  5.007 0.0000000000
118398  -50.111  20.971  3.833 0.0000000000
138456  -48.746  19.694  1.983 0.0000000000
117673  -49.341  19.140  2.574 0.0000000000
138450  -48.908  18.774  2.279 0.0000000000
138444  -48.131  18.370  3.284 0.0000000000
116123  -44.578  19.064  2.850 0.0000000000
116914  -45.622  19.103  2.348 0.0000000000
116140  -44.665  18.662  1.947 0.0000000000
114524  -44.349  16.627  2.330 0.0000000000
114540  -44.826  16.918  1.901 0.0000000000
102480  -51.996  3.171  18.838 0.0000000000
102495  -51.681  3.515  18.125 0.0000000000
102496  -52.770  3.614  17.902 0.0000000000
103503  -54.026  4.072  17.294 0.0000000000
102512  -53.530  3.860  17.451 0.0000000000
103543  -54.515  4.541  15.843 0.0000000000
103562  -55.122  4.776  15.235 0.0000000000
103544  -55.149  4.711  16.005 0.0000000000
105521  -54.154  6.316  17.619 0.0000000000
105524  -54.841  6.473  16.579 0.0000000000
106454  -54.105  7.385  16.790 0.0000000000
106457  -54.352  7.575  15.991 0.0000000000
107346  -53.713  7.980  16.857 0.0000000000
127489  -39.209  35.538  15.790 0.0000000000
126931  -39.097  34.515  15.922 0.0000000000
126924  -39.665  34.708  16.930 0.0000000000
126323  -40.048  33.939  17.608 0.0000000000
126913  -40.125  34.938  17.603 0.0000000000
129726  -41.130  39.386  15.304 0.0000000000
129157  -41.434  39.150  16.097 0.0000000000
128586  -42.352  37.910  16.971 0.0000000000
128585  -41.749  37.953  17.476 0.0000000000
128572  -42.238  37.186  17.963 0.0000000000
128002  -41.641  36.139  18.688 0.0000000000
128016  -42.336  36.287  17.988 0.0000000000
127484  -42.273  35.711  17.515 0.0000000000
128051  -42.742  36.629  12.878 0.0000000000
127498  -41.731  35.428  14.389 0.0000000000
127503  -42.199  35.585  13.405 0.0000000000
126954  -42.776  34.618  12.705 0.0000000000
126955  -43.602  34.584  12.083 0.0000000000
128626  -43.835  37.638  11.258 0.0000000000
128635  -43.041  37.660  10.296 0.0000000000
127532  -41.411  35.209  10.246 0.0000000000
127533  -42.317  35.363  10.269 0.0000000000
126973  -42.012  34.613  10.442 0.0000000000
126397  -43.385  33.789  10.978 0.0000000000
126404  -41.691  33.856  10.818 0.0000000000
125776  -42.001  32.547  11.600 0.0000000000
126394  -40.795  32.916  11.223 0.0000000000
125148  -38.763  31.565  9.193 0.0000000000
125140  -38.990  31.418  10.867 0.0000000000
124489  -38.579  30.585  9.582 0.0000000000
123818  -38.479  29.635  9.987 0.0000000000
123824  -38.573  29.668  9.022 0.0000000000
126427  -41.401  33.625  6.196 0.0000000000
126426  -40.703  33.586  6.613 0.0000000000
125798  -41.154  33.067  6.579 0.0000000000
124502  -40.819  30.595  6.922 0.0000000000
124501  -39.965  30.655  7.502 0.0000000000
123832  -40.098  29.928  7.102 0.0000000000
123158  -38.808  28.586  7.954 0.0000000000
123159  -39.330  28.483  7.202 0.0000000000
122561  -38.891  27.406  7.724 0.0000000000
122569  -39.554  27.462  6.770 0.0000000000
122579  -41.193  27.476  5.137 0.0000000000
121920  -40.366  27.007  5.719 0.0000000000
121932  -40.707  26.409  5.161 0.0000000000
121931  -40.147  25.941  5.570 0.0000000000
123199  -43.160  27.806  3.507 0.0000000000
122607  -44.228  26.974  2.739 0.0000000000
123211  -44.627  27.472  2.736 0.0000000000
107304  -50.793  8.217  22.911 0.0000000000
107325  -49.471  8.361  21.094 0.0000000000
106410  -50.366  7.604  21.519 0.0000000000
106423  -50.211  7.291  20.852 0.0000000000
105491  -49.988  7.117  19.734 0.0000000000
109329  -45.853  11.151  18.829 0.0000000000
108305  -46.840  10.083  19.512 0.0000000000
108310  -47.063  9.885  18.577 0.0000000000
108317  -48.985  9.425  17.298 0.0000000000
107340  -48.740  8.780  17.798 0.0000000000
107341  -49.411  8.388  17.715 0.0000000000
106445  -50.702  7.094  18.196 0.0000000000
106449  -50.253  7.780  17.759 0.0000000000
105518  -51.868  6.819  17.986 0.0000000000
106450  -51.080  7.696  17.533 0.0000000000
109339  -51.649  10.618  17.508 0.0000000000
108320  -52.126  9.651  17.490 0.0000000000
108321  -53.039  9.723  17.435 0.0000000000
109341  -53.196  10.695  17.057 0.0000000000
121127  -41.349  25.315  15.172 0.0000000000
119012  -40.584  22.400  15.042 0.0000000000
124483  -45.652  30.217  12.201 0.0000000000
125124  -46.340  31.164  13.193 0.0000000000
124473  -46.454  30.364  12.616 0.0000000000
122495  -47.785  27.656  13.716 0.0000000000
123783  -47.213  29.018  13.977 0.0000000000
122488  -47.507  27.665  14.504 0.0000000000
122484  -47.285  27.614  15.887 0.0000000000
121832  -47.308  27.157  15.150 0.0000000000
120461  -48.206  24.987  10.025 0.0000000000
121157  -47.863  25.543  11.257 0.0000000000
120454  -47.129  24.825  11.143 0.0000000000
120449  -44.902  24.427  12.226 0.0000000000
121149  -45.540  25.414  12.278 0.0000000000
121144  -44.984  25.728  12.822 0.0000000000
121842  -45.120  26.282  13.519 0.0000000000
121143  -44.285  25.629  13.071 0.0000000000
121840  -43.288  25.672  13.862 0.0000000000
120447  -43.598  24.391  12.823 0.0000000000
118285  -43.790  21.156  14.163 0.0000000000
118291  -43.332  21.668  13.785 0.0000000000
117550  -43.450  20.440  14.423 0.0000000000
117549  -42.462  20.391  14.451 0.0000000000
116795  -43.091  19.623  14.621 0.0000000000
116004  -43.626  18.902  14.738 0.0000000000
116005  -44.512  18.921  14.633 0.0000000000
115997  -46.983  18.429  15.462 0.0000000000
115155  -46.433  17.575  15.479 0.0000000000
114376  -46.723  16.654  15.649 0.0000000000
113626  -47.272  16.049  15.757 0.0000000000
114367  -47.930  16.284  15.915 0.0000000000
116802  -49.764  19.809  14.965 0.0000000000
116790  -49.136  19.387  15.433 0.0000000000
116000  -49.659  18.793  15.538 0.0000000000
114371  -51.023  16.325  16.411 0.0000000000
114370  -50.196  16.612  16.471 0.0000000000
113620  -50.630  15.474  16.882 0.0000000000
113619  -49.573  15.566  16.575 0.0000000000
112818  -50.440  14.563  17.222 0.0000000000
112034  -50.411  13.234  17.220 0.0000000000
112022  -51.031  13.817  17.470 0.0000000000
112036  -53.165  13.126  16.630 0.0000000000
112025  -52.967  12.837  17.065 0.0000000000
111190  -53.381  12.286  16.328 0.0000000000
110284  -53.283  11.530  16.663 0.0000000000
110291  -53.536  11.485  16.047 0.0000000000
109359  -53.361  10.633  14.974 0.0000000000
110293  -53.322  11.399  15.474 0.0000000000
111201  -52.252  12.461  14.783 0.0000000000
110303  -52.477  11.581  14.747 0.0000000000
110302  -51.761  11.763  14.611 0.0000000000
109377  -51.436  10.470  14.163 0.0000000000
109356  -51.238  11.098  14.397 0.0000000000
112861  -51.682  14.636  14.253 0.0000000000
112860  -50.875  14.402  14.039 0.0000000000
111223  -49.107  12.542  13.817 0.0000000000
111224  -49.747  12.464  14.241 0.0000000000
108346  -49.002  10.186  13.302 0.0000000000
109374  -48.671  10.914  13.624 0.0000000000
109372  -46.870  11.058  13.411 0.0000000000
108344  -47.486  10.381  13.210 0.0000000000
108392  -46.563  9.686  11.721 0.0000000000
108365  -46.080  9.968  12.447 0.0000000000
116865  -50.840  19.037  6.370 0.0000000000
116091  -50.818  18.591  7.038 0.0000000000
116090  -50.328  18.612  6.789 0.0000000000
116044  -48.125  18.398  8.847 0.0000000000
116045  -48.982  18.087  8.963 0.0000000000
115229  -48.880  17.879  9.732 0.0000000000
115206  -48.922  17.687  10.406 0.0000000000
115183  -48.127  17.298  11.072 0.0000000000
115225  -44.795  17.123  9.571 0.0000000000
115203  -45.137  17.074  10.241 0.0000000000
113652  -45.498  15.363  12.287 0.0000000000
113679  -45.929  15.819  11.957 0.0000000000
113653  -46.551  15.684  12.288 0.0000000000
112855  -46.409  14.358  13.066 0.0000000000
112064  -46.052  13.684  13.323 0.0000000000
110334  -44.242  11.372  13.141 0.0000000000
110317  -44.649  11.763  13.292 0.0000000000
109395  -44.385  10.842  12.895 0.0000000000
109408  -44.826  10.140  12.220 0.0000000000
105536  -54.819  7.157  14.933 0.0000000000
106470  -55.082  7.789  13.619 0.0000000000
108351  -54.245  9.177  12.519 0.0000000000
120520  -39.452  24.310  6.851 0.0000000000
119778  -40.029  23.109  7.963 0.0000000000
119777  -39.627  23.203  7.362 0.0000000000
118353  -40.641  21.405  7.226 0.0000000000
117620  -40.951  21.018  7.229 0.0000000000
117645  -41.406  19.946  6.127 0.0000000000
117631  -41.106  20.506  6.832 0.0000000000
113607  -43.344  15.650  16.838 0.0000000000
114363  -43.521  16.425  16.243 0.0000000000
125748  -41.716  32.989  14.755 0.0000000000
125116  -42.847  31.744  14.862 0.0000000000
124461  -44.733  30.811  14.750 0.0000000000
119083  -49.969  22.616  6.811 0.0000000000
119066  -49.223  22.483  8.156 0.0000000000
118343  -49.659  21.670  8.253 0.0000000000
118334  -49.639  21.127  9.266 0.0000000000
117602  -49.839  20.508  10.066 0.0000000000
117594  -50.350  20.146  10.665 0.0000000000
117595  -51.093  19.782  10.506 0.0000000000
116831  -51.806  19.045  10.252 0.0000000000
116832  -52.254  18.740  9.619 0.0000000000
116048  -52.191  17.946  9.227 0.0000000000
115252  -51.779  17.810  8.818 0.0000000000
123135  -40.345  28.518  11.349 0.0000000000
123120  -41.887  28.923  11.837 0.0000000000
122522  -41.667  27.501  11.018 0.0000000000
121860  -42.182  26.719  10.588 0.0000000000
121876  -42.745  26.081  10.085 0.0000000000
119779  -44.304  22.929  7.742 0.0000000000
119767  -44.044  23.503  8.208 0.0000000000
119081  -45.539  22.653  7.118 0.0000000000
119082  -46.455  23.055  6.931 0.0000000000
119783  -48.087  23.939  6.518 0.0000000000
119094  -47.653  22.654  5.993 0.0000000000
118385  -48.174  21.896  4.977 0.0000000000
118396  -48.587  21.341  4.261 0.0000000000
118397  -49.339  21.105  3.789 0.0000000000
118406  -48.740  20.622  3.297 0.0000000000
138449  -48.395  20.041  2.462 0.0000000000
116920  -47.565  19.338  1.778 0.0000000000
116155  -43.873  18.041  1.170 0.0000000000
103521  -51.412  4.437  16.937 0.0000000000
102471  -53.152  3.478  20.021 0.0000000000
102481  -52.990  3.399  18.951 0.0000000000
102482  -53.769  3.770  19.019 0.0000000000
102498  -54.142  3.981  18.411 0.0000000000
103504  -54.476  4.474  17.595 0.0000000000
103505  -54.897  4.957  17.128 0.0000000000
104523  -54.274  5.194  18.145 0.0000000000
105520  -53.284  6.622  17.799 0.0000000000
128037  -39.511  36.345  15.945 0.0000000000
129728  -42.212  39.836  15.879 0.0000000000
129714  -41.840  39.433  16.555 0.0000000000
128594  -42.582  38.254  16.068 0.0000000000
128039  -42.473  37.106  15.861 0.0000000000
129220  -41.385  38.422  8.732 0.0000000000
128645  -42.284  37.427  9.874 0.0000000000
128081  -41.502  36.648  9.697 0.0000000000
127544  -40.898  35.825  9.797 0.0000000000
127531  -40.405  34.948  10.143 0.0000000000
126402  -39.487  33.410  10.365 0.0000000000
126989  -39.105  33.861  9.541 0.0000000000
126413  -39.003  33.341  9.203 0.0000000000
125790  -39.422  32.493  8.148 0.0000000000
125800  -42.773  32.557  6.076 0.0000000000
125799  -41.706  32.519  6.501 0.0000000000
125163  -42.339  31.581  6.408 0.0000000000
124509  -41.792  30.532  6.366 0.0000000000
123843  -41.221  29.570  6.112 0.0000000000
123170  -40.069  28.463  6.593 0.0000000000
123172  -41.377  29.074  5.725 0.0000000000
123181  -41.720  28.544  5.137 0.0000000000
123190  -42.008  28.069  4.476 0.0000000000
122588  -42.146  27.673  4.135 0.0000000000
123192  -43.544  28.897  3.966 0.0000000000
123874  -43.990  29.211  3.937 0.0000000000
112789  -46.730  14.680  21.737 0.0000000000
112790  -47.466  14.188  22.263 0.0000000000
111991  -47.554  13.224  22.183 0.0000000000
111138  -47.987  12.378  22.288 0.0000000000
107303  -50.278  8.631  22.430 0.0000000000
108297  -48.651  9.632  21.427 0.0000000000
108303  -48.136  9.133  20.260 0.0000000000
110277  -46.334  11.647  17.440 0.0000000000
109334  -46.843  10.458  17.766 0.0000000000
109335  -47.764  10.708  17.144 0.0000000000
109336  -48.719  10.403  16.968 0.0000000000
108318  -50.094  9.454  17.197 0.0000000000
109337  -49.771  10.500  16.979 0.0000000000
109338  -50.704  10.484  17.275 0.0000000000
110281  -51.101  11.649  17.348 0.0000000000
121805  -41.709  26.330  16.256 0.0000000000
121813  -41.555  25.960  15.686 0.0000000000
121128  -41.979  25.683  14.817 0.0000000000
123803  -46.460  29.073  11.867 0.0000000000
123791  -46.727  29.538  12.465 0.0000000000
123125  -47.091  28.609  11.732 0.0000000000
123109  -47.872  28.151  12.850 0.0000000000
122503  -48.069  27.261  13.142 0.0000000000
119740  -46.848  23.497  10.699 0.0000000000
120459  -46.859  24.176  11.003 0.0000000000
119034  -45.989  22.999  11.454 0.0000000000
119725  -45.199  23.563  12.042 0.0000000000
119724  -44.490  23.506  12.554 0.0000000000
119720  -44.287  22.954  12.936 0.0000000000
118293  -44.825  21.780  13.593 0.0000000000
118286  -44.664  21.182  14.155 0.0000000000
117552  -45.358  20.480  14.419 0.0000000000
116785  -45.279  18.974  14.647 0.0000000000
116798  -46.033  19.792  14.681 0.0000000000
116787  -46.560  19.155  15.095 0.0000000000
115998  -47.926  18.477  15.601 0.0000000000
115162  -50.631  17.930  14.704 0.0000000000
115159  -50.274  17.791  15.764 0.0000000000
115160  -50.918  17.304  15.330 0.0000000000
113621  -51.597  15.630  16.536 0.0000000000
113610  -51.983  14.687  17.320 0.0000000000
113622  -52.198  14.913  16.875 0.0000000000
112832  -52.688  14.138  16.512 0.0000000000
112837  -53.147  13.667  16.086 0.0000000000
112046  -53.122  12.655  15.374 0.0000000000
112844  -53.118  13.505  15.369 0.0000000000
112045  -52.702  13.072  14.977 0.0000000000
112044  -52.046  13.371  14.691 0.0000000000
113638  -50.265  15.110  13.073 0.0000000000
113639  -50.723  15.131  13.365 0.0000000000
112859  -49.843  14.458  13.396 0.0000000000
110321  -48.397  11.718  13.665 0.0000000000
111222  -48.206  12.570  13.608 0.0000000000
110320  -47.496  11.771  13.535 0.0000000000
110319  -46.600  11.828  13.427 0.0000000000
116863  -49.213  19.005  5.712 0.0000000000
116089  -49.467  18.747  6.570 0.0000000000
116088  -48.430  18.829  6.258 0.0000000000
116060  -47.997  18.713  8.142 0.0000000000
116043  -47.529  18.455  8.676 0.0000000000
114442  -44.337  16.294  10.422 0.0000000000
114414  -44.866  16.038  10.902 0.0000000000
113651  -44.903  15.402  12.085 0.0000000000
112087  -44.910  13.874  12.980 0.0000000000
112063  -45.140  13.368  13.247 0.0000000000
112062  -44.628  13.337  13.126 0.0000000000
110316  -44.187  12.125  13.251 0.0000000000
110333  -43.766  11.609  13.056 0.0000000000
109394  -43.303  10.708  12.545 0.0000000000
109393  -42.476  10.554  12.279 0.0000000000
104571  -54.690  5.498  13.491 0.0000000000
121873  -39.497  26.017  9.258 0.0000000000
121174  -41.180  25.305  9.505 0.0000000000
120476  -40.850  24.767  9.035 0.0000000000
120494  -41.245  24.155  8.788 0.0000000000
119063  -41.144  22.731  8.302 0.0000000000
119064  -42.155  22.787  8.312 0.0000000000
119065  -43.076  22.864  8.207 0.0000000000
118357  -44.208  21.513  7.367 0.0000000000
118369  -44.791  21.342  6.788 0.0000000000
117661  -44.989  20.443  5.267 0.0000000000
116892  -45.884  20.131  4.371 0.0000000000
116876  -44.482  20.101  5.510 0.0000000000
116107  -44.229  18.866  3.651 0.0000000000
116889  -42.518  18.897  4.566 0.0000000000
102494  -50.633  3.553  17.989 0.0000000000
102468  -50.404  3.123  19.260 0.0000000000
102469  -51.190  2.963  19.623 0.0000000000
102455  -51.790  3.042  21.259 0.0000000000
102456  -52.341  3.230  21.644 0.0000000000
102463  -52.411  3.032  20.787 0.0000000000
103462  -52.985  4.046  20.635 0.0000000000
104507  -52.191  5.331  20.111 0.0000000000
130325  -41.873  41.058  15.536 0.0000000000
130958  -42.469  41.961  14.757 0.0000000000
130347  -42.656  40.931  14.215 0.0000000000
130360  -42.921  40.963  13.084 0.0000000000
127556  -40.351  35.413  6.584 0.0000000000
126436  -42.749  33.655  5.720 0.0000000000
125804  -43.241  33.095  5.785 0.0000000000
125805  -43.818  32.574  5.765 0.0000000000
125170  -44.511  31.603  5.554 0.0000000000
124521  -44.638  30.946  5.192 0.0000000000
125171  -45.517  31.946  5.443 0.0000000000
125807  -46.147  32.728  5.595 0.0000000000
111174  -44.994  12.755  17.506 0.0000000000
111175  -45.866  12.469  17.135 0.0000000000
111185  -46.953  12.961  16.672 0.0000000000
112031  -47.873  13.704  16.473 0.0000000000
123070  -45.131  28.421  18.069 0.0000000000
122469  -45.449  27.493  17.938 0.0000000000
121882  -49.101  26.420  9.212 0.0000000000
122530  -49.213  26.831  10.229 0.0000000000
121179  -49.021  25.654  9.198 0.0000000000
120481  -48.409  24.775  9.279 0.0000000000
120480  -47.793  24.375  9.777 0.0000000000
119056  -48.797  22.645  8.585 0.0000000000
119055  -48.213  22.639  9.166 0.0000000000
119047  -47.110  22.551  10.555 0.0000000000
118321  -47.101  21.818  11.152 0.0000000000
118309  -47.690  21.137  11.649 0.0000000000
117568  -47.940  20.886  13.074 0.0000000000
117555  -48.229  20.292  14.362 0.0000000000
117569  -48.706  20.656  12.932 0.0000000000
117562  -49.322  20.440  13.553 0.0000000000
116805  -50.311  19.644  14.088 0.0000000000
116820  -50.762  19.756  12.066 0.0000000000
116812  -50.460  19.459  13.012 0.0000000000
116011  -50.643  18.703  13.853 0.0000000000
115169  -50.817  17.820  13.941 0.0000000000
114392  -52.101  15.657  14.241 0.0000000000
114391  -51.487  16.378  13.503 0.0000000000
114400  -51.179  16.282  12.601 0.0000000000
113657  -50.644  15.565  12.843 0.0000000000
114399  -50.475  16.079  12.355 0.0000000000
114398  -49.573  16.119  12.298 0.0000000000
116085  -45.787  18.373  6.559 0.0000000000
115268  -45.220  17.825  7.483 0.0000000000
115248  -44.385  16.954  8.515 0.0000000000
114456  -43.960  16.494  9.499 0.0000000000
113692  -43.813  15.594  10.933 0.0000000000
113676  -43.268  15.160  11.270 0.0000000000
112879  -42.605  13.961  12.189 0.0000000000
125768  -43.561  32.402  12.046 0.0000000000
125129  -44.680  31.732  12.450 0.0000000000
124470  -44.190  30.895  12.455 0.0000000000
123789  -44.464  30.352  12.403 0.0000000000
123801  -44.876  29.798  12.131 0.0000000000
123121  -42.987  28.961  11.929 0.0000000000
123122  -44.120  28.924  11.933 0.0000000000
123123  -45.156  28.865  11.624 0.0000000000
123136  -46.544  28.060  10.804 0.0000000000
122527  -46.854  27.828  10.383 0.0000000000
121880  -47.605  27.006  9.134 0.0000000000
121175  -42.224  25.419  9.611 0.0000000000
121176  -43.302  25.498  9.641 0.0000000000
121177  -44.451  25.606  9.431 0.0000000000
120497  -44.740  24.814  8.704 0.0000000000
121178  -45.319  25.993  9.290 0.0000000000
121893  -46.458  26.159  8.711 0.0000000000
121894  -47.137  26.366  8.645 0.0000000000
121895  -48.117  26.426  8.613 0.0000000000
121199  -49.318  24.993  7.234 0.0000000000
120513  -49.717  24.447  6.897 0.0000000000
119792  -48.888  23.754  5.951 0.0000000000
120523  -49.593  24.183  6.326 0.0000000000
119784  -50.011  23.634  6.487 0.0000000000
119095  -50.266  22.892  6.135 0.0000000000
119084  -50.339  22.125  6.260 0.0000000000
118361  -51.034  20.703  6.495 0.0000000000
118387  -50.986  20.398  5.493 0.0000000000
117652  -50.802  19.858  5.021 0.0000000000
117665  -50.227  19.338  4.411 0.0000000000
118408  -49.892  20.008  2.760 0.0000000000
116894  -49.903  19.205  4.594 0.0000000000
138452  -48.186  19.078  4.120 0.0000000000
138447  -47.506  18.694  4.347 0.0000000000
116124  -46.993  18.399  4.703 0.0000000000
116906  -46.292  19.688  3.395 0.0000000000
116915  -46.583  19.279  1.923 0.0000000000
116157  -46.570  18.595  1.421 0.0000000000
116156  -45.097  18.224  1.404 0.0000000000
115346  -45.334  17.582  1.745 0.0000000000
115347  -46.845  17.873  1.875 0.0000000000
103501  -51.555  3.951  17.583 0.0000000000
103522  -52.618  4.125  16.980 0.0000000000
102511  -53.209  3.877  17.260 0.0000000000
103542  -53.553  4.652  15.638 0.0000000000
103560  -54.070  4.877  14.825 0.0000000000
104563  -54.376  5.088  14.249 0.0000000000
104564  -55.111  5.430  14.316 0.0000000000
105537  -55.120  6.487  14.722 0.0000000000
104540  -55.099  5.690  16.697 0.0000000000
105529  -55.165  6.075  15.817 0.0000000000
128583  -40.186  37.143  17.091 0.0000000000
129146  -41.382  38.549  16.817 0.0000000000
128584  -40.784  37.576  17.391 0.0000000000
128014  -40.199  36.305  17.520 0.0000000000
128001  -40.975  36.199  18.496 0.0000000000
127459  -41.388  35.380  18.714 0.0000000000
126902  -41.676  34.331  19.089 0.0000000000
126903  -42.104  34.337  18.729 0.0000000000
126915  -41.884  34.524  17.163 0.0000000000
126925  -41.659  34.301  16.589 0.0000000000
128038  -41.988  36.173  15.124 0.0000000000
126939  -41.383  34.490  14.846 0.0000000000
126349  -41.419  33.586  15.190 0.0000000000
126362  -42.369  33.295  13.829 0.0000000000
126374  -43.837  33.446  12.879 0.0000000000
126387  -44.333  33.519  11.951 0.0000000000
129780  -43.595  39.384  12.431 0.0000000000
129195  -43.736  38.709  11.709 0.0000000000
128625  -43.595  37.293  11.686 0.0000000000
128062  -44.062  36.494  11.006 0.0000000000
128071  -42.936  36.718  10.342 0.0000000000
127535  -43.708  35.767  10.743 0.0000000000
127521  -43.959  35.472  11.056 0.0000000000
126966  -43.870  34.476  11.372 0.0000000000
126398  -44.008  33.630  11.520 0.0000000000
125778  -43.860  33.008  11.518 0.0000000000
125137  -41.472  31.573  11.872 0.0000000000
124478  -40.880  30.570  11.882 0.0000000000
125141  -39.369  32.041  11.078 0.0000000000
125135  -39.457  31.369  11.337 0.0000000000
123796  -39.794  29.467  11.380 0.0000000000
123134  -39.619  28.681  11.122 0.0000000000
122519  -38.790  28.175  10.423 0.0000000000
122535  -39.017  27.212  9.756 0.0000000000
127004  -40.187  34.414  6.807 0.0000000000
126419  -39.534  33.413  7.751 0.0000000000
125154  -39.713  31.573  7.848 0.0000000000
125155  -40.433  31.566  7.354 0.0000000000
124496  -39.376  30.668  8.131 0.0000000000
123830  -38.807  29.317  8.319 0.0000000000
123148  -38.568  28.683  8.753 0.0000000000
122550  -38.884  27.063  8.792 0.0000000000
121892  -39.056  26.125  8.184 0.0000000000
121210  -39.340  25.246  7.509 0.0000000000
122570  -40.281  27.562  6.152 0.0000000000
121221  -39.498  25.390  6.508 0.0000000000
120530  -39.828  24.487  5.735 0.0000000000
122596  -41.988  26.986  4.022 0.0000000000
121956  -42.321  26.206  3.687 0.0000000000
124533  -44.980  30.490  4.503 0.0000000000
124551  -45.267  29.915  3.824 0.0000000000
123875  -44.742  29.436  3.729 0.0000000000
105468  -51.677  6.114  22.530 0.0000000000
107315  -50.505  8.116  22.231 0.0000000000
105467  -51.139  6.796  22.007 0.0000000000
105480  -51.545  6.090  21.585 0.0000000000
105493  -51.441  6.022  20.448 0.0000000000
108301  -46.766  10.319  20.089 0.0000000000
107332  -48.443  8.547  19.760 0.0000000000
108311  -47.841  9.331  18.392 0.0000000000
107336  -48.513  8.500  18.631 0.0000000000
106434  -48.936  8.000  19.555 0.0000000000
105504  -49.808  7.153  19.157 0.0000000000
105506  -51.602  6.235  18.853 0.0000000000
105519  -52.429  6.718  17.915 0.0000000000
106452  -52.936  7.594  17.485 0.0000000000
107343  -51.603  8.605  17.390 0.0000000000
107344  -52.580  8.643  17.471 0.0000000000
107349  -53.706  9.206  16.674 0.0000000000
108325  -53.741  9.706  16.142 0.0000000000
119009  -40.390  22.418  16.060 0.0000000000
117543  -40.685  20.568  16.142 0.0000000000
117544  -40.987  20.397  15.373 0.0000000000
125764  -45.349  32.139  13.234 0.0000000000
124462  -45.763  30.365  14.539 0.0000000000
123785  -46.948  29.712  13.457 0.0000000000
123782  -46.565  29.421  14.455 0.0000000000
123777  -45.660  29.350  15.551 0.0000000000
123090  -46.322  28.410  16.800 0.0000000000
122480  -46.554  27.343  17.093 0.0000000000
121817  -45.974  26.595  15.967 0.0000000000
121865  -49.083  26.430  10.648 0.0000000000
121850  -48.441  26.754  12.185 0.0000000000
121849  -47.664  26.461  12.636 0.0000000000
121155  -46.217  25.116  11.759 0.0000000000
121150  -46.675  25.781  12.103 0.0000000000
121843  -46.498  26.573  13.833 0.0000000000
121830  -45.580  26.639  14.788 0.0000000000
121816  -44.753  26.604  15.704 0.0000000000
121828  -43.055  25.939  14.476 0.0000000000
121137  -42.176  25.245  14.272 0.0000000000
120439  -41.841  24.338  14.148 0.0000000000
119022  -43.142  22.423  13.485 0.0000000000
119021  -42.535  22.760  13.595 0.0000000000
119712  -41.756  23.354  14.037 0.0000000000
118283  -41.720  21.288  14.292 0.0000000000
117548  -41.562  20.337  14.748 0.0000000000
116784  -41.619  19.124  15.458 0.0000000000
115151  -42.667  17.671  15.751 0.0000000000
115152  -43.608  17.410  15.606 0.0000000000
114373  -44.219  16.857  15.714 0.0000000000
115995  -45.140  18.400  14.833 0.0000000000
114375  -45.814  16.801  15.564 0.0000000000
114365  -45.215  16.124  15.820 0.0000000000
113616  -46.583  15.690  15.866 0.0000000000
116789  -48.377  19.308  15.374 0.0000000000
115157  -48.361  17.566  15.954 0.0000000000
115158  -49.300  17.915  16.009 0.0000000000
115145  -48.486  17.055  16.134 0.0000000000
113618  -48.581  15.606  16.278 0.0000000000
112829  -48.797  14.616  16.451 0.0000000000
112032  -48.902  13.593  16.575 0.0000000000
111189  -50.427  12.524  17.104 0.0000000000
111178  -51.062  12.814  17.349 0.0000000000
110282  -52.179  11.605  17.528 0.0000000000
112023  -51.779  13.551  17.501 0.0000000000
111180  -52.680  12.408  17.321 0.0000000000
110283  -52.901  11.567  17.214 0.0000000000
109346  -53.516  10.676  16.423 0.0000000000
109358  -52.776  10.708  14.593 0.0000000000
108338  -52.298  10.047  14.130 0.0000000000
108337  -51.798  10.248  14.128 0.0000000000
108348  -51.366  9.800  13.628 0.0000000000
113641  -52.128  14.919  14.384 0.0000000000
112842  -51.871  14.113  14.503 0.0000000000
112069  -50.673  13.773  14.271 0.0000000000
111199  -50.553  12.788  14.492 0.0000000000
110301  -50.933  11.882  14.561 0.0000000000
109355  -50.526  11.207  14.316 0.0000000000
108347  -50.104  10.038  13.374 0.0000000000
108368  -49.341  9.597  12.626 0.0000000000
108394  -48.645  9.514  11.764 0.0000000000
108345  -48.029  10.289  13.236 0.0000000000
108393  -47.598  9.540  11.781 0.0000000000
116854  -51.434  19.116  7.416 0.0000000000
116078  -51.162  18.535  7.545 0.0000000000
116063  -50.957  18.099  8.537 0.0000000000
116076  -49.690  18.560  7.471 0.0000000000
116062  -49.881  18.361  8.383 0.0000000000
116032  -50.368  17.813  9.666 0.0000000000
115184  -49.228  17.384  11.089 0.0000000000
114397  -48.562  16.164  12.165 0.0000000000
116058  -46.334  18.436  7.847 0.0000000000
114444  -45.769  16.642  11.051 0.0000000000
115204  -46.243  17.308  10.661 0.0000000000
115182  -47.029  17.215  11.144 0.0000000000
114417  -47.388  16.769  11.618 0.0000000000
114396  -47.581  16.233  12.066 0.0000000000
112884  -47.785  14.827  12.861 0.0000000000
112856  -47.001  14.229  13.124 0.0000000000
111219  -45.384  12.673  13.372 0.0000000000
110318  -45.683  11.843  13.372 0.0000000000
109371  -46.006  11.070  13.342 0.0000000000
102472  -53.601  3.861  19.550 0.0000000000
102483  -54.126  3.997  18.755 0.0000000000
103472  -54.137  4.352  18.959 0.0000000000
103482  -54.114  4.105  18.979 0.0000000000
103483  -54.209  4.383  18.546 0.0000000000
103525  -54.994  4.787  16.756 0.0000000000
104490  -52.092  5.395  22.255 0.0000000000
104498  -52.096  5.354  21.259 0.0000000000
104509  -53.613  4.746  19.266 0.0000000000
104537  -55.092  5.232  16.849 0.0000000000
104541  -55.243  5.363  16.271 0.0000000000
105458  -51.457  6.721  22.744 0.0000000000
105478  -50.250  7.122  20.393 0.0000000000
105505  -50.315  6.760  19.015 0.0000000000
105509  -53.992  5.674  18.201 0.0000000000
105525  -55.144  5.896  16.359 0.0000000000
106409  -49.780  8.041  21.230 0.0000000000
106422  -49.570  7.733  20.484 0.0000000000
106435  -49.437  7.482  19.395 0.0000000000
106443  -49.067  7.827  18.886 0.0000000000
106444  -49.691  7.473  18.508 0.0000000000
106467  -54.835  7.631  14.344 0.0000000000
107314  -49.861  8.535  21.755 0.0000000000
107324  -48.880  8.602  20.676 0.0000000000
107331  -48.088  8.829  19.274 0.0000000000
107335  -47.955  8.949  18.914 0.0000000000
108294  -50.396  8.766  22.820 0.0000000000
108298  -49.417  9.138  21.740 0.0000000000
108307  -48.063  8.957  19.673 0.0000000000
108312  -48.378  9.115  17.887 0.0000000000
108315  -47.455  9.944  17.826 0.0000000000
108326  -53.851  9.127  15.688 0.0000000000
109325  -45.946  11.047  19.257 0.0000000000
109326  -46.262  10.724  19.788 0.0000000000
109330  -46.291  10.657  18.695 0.0000000000
109344  -48.552  11.171  16.717 0.0000000000
109398  -47.113  10.520  13.213 0.0000000000
110269  -45.542  11.581  19.227 0.0000000000
110272  -45.752  11.392  18.122 0.0000000000
110278  -47.009  11.346  17.276 0.0000000000
110279  -47.691  11.587  16.808 0.0000000000
110280  -50.435  11.087  17.127 0.0000000000
110287  -48.387  11.847  16.621 0.0000000000
110290  -50.684  12.187  17.179 0.0000000000
111176  -46.873  12.133  16.988 0.0000000000
111184  -46.362  13.185  16.600 0.0000000000
111203  -53.106  11.972  15.347 0.0000000000
111234  -43.902  12.447  13.145 0.0000000000
112018  -44.072  14.161  17.270 0.0000000000
112019  -44.573  13.609  17.190 0.0000000000
112021  -50.385  14.083  17.318 0.0000000000
112024  -52.642  13.361  17.196 0.0000000000
112033  -49.764  13.467  16.908 0.0000000000
112038  -53.378  12.939  15.907 0.0000000000
112042  -50.600  13.448  14.376 0.0000000000
112043  -51.191  13.650  14.504 0.0000000000
112065  -47.085  13.465  13.386 0.0000000000
112088  -45.446  13.895  13.162 0.0000000000
112819  -50.934  14.725  17.360 0.0000000000
112820  -51.623  14.368  17.454 0.0000000000
112821  -52.255  14.223  17.275 0.0000000000
112825  -44.679  14.655  16.559 0.0000000000
112827  -46.738  14.712  16.192 0.0000000000
112831  -50.485  14.840  17.150 0.0000000000
112833  -52.991  13.649  16.495 0.0000000000
112858  -48.774  14.162  13.323 0.0000000000
112862  -52.102  14.480  14.470 0.0000000000
113609  -51.640  15.009  17.238 0.0000000000
113613  -43.940  15.573  16.436 0.0000000000
113615  -45.478  15.474  16.124 0.0000000000
113617  -47.647  15.743  15.927 0.0000000000
113625  -47.082  16.237  15.705 0.0000000000
113654  -47.662  15.542  12.480 0.0000000000
113678  -45.377  15.789  11.774 0.0000000000
114359  -42.984  16.178  16.832 0.0000000000
114362  -42.807  16.644  16.568 0.0000000000
114364  -44.413  16.196  15.972 0.0000000000
114368  -48.356  16.495  16.120 0.0000000000
114374  -44.966  16.821  15.563 0.0000000000
114377  -47.688  16.616  15.841 0.0000000000
114378  -48.242  16.944  16.052 0.0000000000
114395  -46.927  16.377  11.984 0.0000000000
114443  -45.285  16.566  10.732 0.0000000000
114539  -44.245  16.905  1.633 0.0000000000
115143  -42.239  17.190  16.459 0.0000000000
115146  -48.902  17.154  16.227 0.0000000000
115147  -49.606  17.253  16.315 0.0000000000
115154  -45.520  17.583  15.326 0.0000000000
115181  -46.502  17.038  11.141 0.0000000000
115205  -47.782  17.655  10.275 0.0000000000
115207  -50.019  17.731  10.169 0.0000000000
115231  -51.372  17.747  9.036 0.0000000000
115232  -51.764  17.760  9.171 0.0000000000
115251  -51.581  17.900  8.673 0.0000000000
115282  -45.124  17.977  6.581 0.0000000000
115294  -46.248  18.263  5.233 0.0000000000
115305  -46.410  18.126  4.839 0.0000000000
115330  -48.452  18.367  2.968 0.0000000000
115992  -42.243  18.518  15.401 0.0000000000
115993  -43.189  18.266  15.230 0.0000000000
115994  -44.109  18.183  14.963 0.0000000000
116006  -45.026  18.947  14.604 0.0000000000
116033  -50.587  17.712  9.763 0.0000000000
116035  -52.332  18.469  9.473 0.0000000000
116046  -49.948  18.053  9.381 0.0000000000
116047  -50.749  17.769  9.356 0.0000000000
116049  -52.328  18.304  9.233 0.0000000000
116061  -48.914  18.478  8.195 0.0000000000
116065  -52.261  18.192  8.896 0.0000000000
116072  -46.067  18.339  7.324 0.0000000000
116073  -46.842  18.650  7.256 0.0000000000
116074  -47.733  18.736  7.288 0.0000000000
116106  -43.160  18.687  3.640 0.0000000000
116108  -44.767  19.195  3.512 0.0000000000
116109  -46.760  18.339  5.078 0.0000000000
116142  -46.463  19.014  1.382 0.0000000000
116143  -48.811  18.654  2.741 0.0000000000
116786  -45.738  19.033  14.782 0.0000000000
116793  -41.359  19.709  15.202 0.0000000000
116794  -42.123  19.466  14.858 0.0000000000
116797  -45.071  19.539  14.572 0.0000000000
116800  -47.893  19.885  14.924 0.0000000000
116801  -48.803  20.022  15.071 0.0000000000
116847  -52.256  18.468  8.798 0.0000000000
116860  -44.009  19.947  6.110 0.0000000000
116874  -42.956  19.431  5.298 0.0000000000
116877  -48.867  19.165  5.004 0.0000000000
116878  -49.629  19.195  5.034 0.0000000000
116879  -50.298  19.259  5.210 0.0000000000
116891  -44.904  19.700  4.376 0.0000000000
116893  -49.139  19.053  3.861 0.0000000000
116913  -45.004  19.070  2.509 0.0000000000
116919  -46.811  19.125  1.403 0.0000000000
117551  -44.410  20.438  14.456 0.0000000000
117553  -46.341  20.580  14.374 0.0000000000
117557  -49.815  20.221  14.124 0.0000000000
117559  -46.837  20.939  14.055 0.0000000000
117561  -48.505  20.534  13.677 0.0000000000
117563  -50.016  20.159  13.353 0.0000000000
117579  -48.667  20.603  12.005 0.0000000000
117581  -50.227  20.114  11.536 0.0000000000
117611  -50.831  20.422  8.777 0.0000000000
117619  -40.727  21.138  7.127 0.0000000000
117621  -41.675  20.888  7.286 0.0000000000
117630  -40.622  21.021  6.887 0.0000000000
117634  -44.291  20.627  6.639 0.0000000000
117635  -44.998  20.971  6.370 0.0000000000
117646  -42.461  19.872  6.003 0.0000000000
117648  -44.772  20.541  5.945 0.0000000000
117649  -45.456  20.871  5.803 0.0000000000
117651  -50.670  20.415  4.283 0.0000000000
117662  -45.680  20.412  5.018 0.0000000000
118275  -40.503  21.470  16.544 0.0000000000
118277  -40.671  21.401  15.509 0.0000000000
118282  -40.977  21.668  14.731 0.0000000000
118284  -42.838  21.253  13.994 0.0000000000
118295  -46.582  21.309  13.394 0.0000000000
118296  -47.229  21.184  13.069 0.0000000000
118301  -47.404  21.206  12.451 0.0000000000
118322  -47.698  21.576  10.571 0.0000000000
118335  -50.192  20.925  8.815 0.0000000000
118355  -42.151  21.421  7.759 0.0000000000
118356  -43.194  21.413  7.795 0.0000000000
118371  -46.511  21.882  6.290 0.0000000000
118374  -51.007  20.716  5.823 0.0000000000
118382  -46.076  21.342  5.937 0.0000000000
118407  -49.243  20.345  2.652 0.0000000000
119018  -42.887  21.883  13.731 0.0000000000
119023  -44.134  22.462  13.285 0.0000000000
119024  -44.966  22.490  12.909 0.0000000000
119027  -45.081  23.012  12.416 0.0000000000
119029  -46.423  22.084  11.977 0.0000000000
119035  -46.498  22.541  11.334 0.0000000000
119048  -47.615  22.575  9.817 0.0000000000
119062  -40.660  22.752  8.171 0.0000000000
119067  -49.550  22.659  7.584 0.0000000000
119075  -39.820  22.548  7.279 0.0000000000
119079  -43.735  22.394  7.865 0.0000000000
119080  -44.605  22.451  7.468 0.0000000000
119091  -40.056  22.037  7.030 0.0000000000
119093  -47.030  22.696  6.487 0.0000000000
119103  -48.179  22.560  5.505 0.0000000000
119104  -48.785  22.363  5.005 0.0000000000
119114  -49.247  21.863  4.387 0.0000000000
119116  -50.086  21.712  4.201 0.0000000000
119713  -42.111  23.876  13.843 0.0000000000
119717  -42.248  22.947  13.697 0.0000000000
119718  -42.542  23.425  13.504 0.0000000000
119719  -43.595  23.398  12.995 0.0000000000
119723  -43.929  23.916  12.661 0.0000000000
119727  -45.781  23.574  11.553 0.0000000000
119728  -46.346  23.535  11.179 0.0000000000
119741  -47.339  23.551  10.037 0.0000000000
119755  -47.872  23.629  9.344 0.0000000000
119764  -40.632  23.325  8.342 0.0000000000
119780  -44.933  23.275  7.588 0.0000000000
119790  -47.585  23.156  6.333 0.0000000000
119791  -48.282  23.462  6.078 0.0000000000
119794  -50.297  22.815  5.207 0.0000000000
119803  -49.803  23.104  5.221 0.0000000000
119804  -50.141  23.006  5.121 0.0000000000
120432  -40.848  24.570  15.243 0.0000000000
120442  -42.349  24.374  13.732 0.0000000000
120453  -46.394  24.443  11.381 0.0000000000
120475  -40.474  24.822  8.886 0.0000000000
120498  -45.934  24.995  7.856 0.0000000000
120499  -46.651  25.260  7.721 0.0000000000
120510  -46.909  24.721  7.339 0.0000000000
120512  -48.862  24.787  6.551 0.0000000000
120521  -48.406  24.086  6.383 0.0000000000
120522  -48.971  24.287  6.214 0.0000000000
120532  -49.153  23.802  5.918 0.0000000000
120533  -49.499  23.720  5.823 0.0000000000
121109  -41.267  26.220  16.735 0.0000000000
121126  -40.863  24.830  15.589 0.0000000000
121136  -41.587  24.829  14.503 0.0000000000
121138  -42.903  25.435  13.901 0.0000000000
121141  -42.723  24.941  13.667 0.0000000000
121142  -43.393  25.222  13.330 0.0000000000
121147  -43.943  25.018  12.744 0.0000000000
121148  -44.609  25.142  12.548 0.0000000000
121156  -46.957  25.303  11.541 0.0000000000
121158  -48.670  25.857  10.865 0.0000000000
121161  -48.268  25.370  10.539 0.0000000000
121163  -49.306  25.920  9.683 0.0000000000
121172  -39.767  25.404  8.961 0.0000000000
121173  -40.227  25.165  9.066 0.0000000000
121180  -49.346  26.171  9.512 0.0000000000
121193  -40.054  24.915  8.728 0.0000000000
121194  -45.097  25.520  9.073 0.0000000000
121213  -48.879  25.140  6.964 0.0000000000
121214  -49.362  24.751  6.702 0.0000000000
121223  -49.304  24.582  6.476 0.0000000000
121228  -39.877  25.525  5.828 0.0000000000
121797  -45.320  27.004  17.582 0.0000000000
121798  -45.808  27.180  17.617 0.0000000000
121809  -46.207  26.853  17.083 0.0000000000
121810  -46.791  27.091  16.813 0.0000000000
121815  -43.483  26.472  15.485 0.0000000000
121819  -47.364  27.262  15.652 0.0000000000
121827  -42.351  25.769  14.709 0.0000000000
121831  -46.690  26.823  15.030 0.0000000000
121841  -43.857  25.986  13.755 0.0000000000
121847  -45.451  25.938  12.847 0.0000000000
121853  -47.949  26.073  11.854 0.0000000000
121854  -48.507  26.452  11.565 0.0000000000
121863  -45.450  27.005  10.197 0.0000000000
121864  -46.039  27.216  10.016 0.0000000000
121866  -49.356  26.310  9.947 0.0000000000
121881  -48.547  26.929  9.136 0.0000000000
121883  -49.342  26.424  9.605 0.0000000000
121896  -48.678  26.377  8.787 0.0000000000
121957  -43.023  26.241  3.185 0.0000000000
122458  -45.005  27.944  18.391 0.0000000000
122459  -45.542  27.963  18.004 0.0000000000
122470  -46.094  27.608  17.588 0.0000000000
122471  -46.483  27.800  17.141 0.0000000000
122481  -46.891  27.622  16.600 0.0000000000
122485  -47.350  27.645  15.266 0.0000000000
122504  -48.451  27.091  12.507 0.0000000000
122510  -40.724  28.327  11.382 0.0000000000
122511  -41.309  28.234  11.422 0.0000000000
122512  -42.332  28.196  11.423 0.0000000000
122513  -43.409  28.168  11.426 0.0000000000
122514  -44.473  28.114  11.375 0.0000000000
122520  -39.175  27.827  10.592 0.0000000000
122525  -44.938  27.444  10.857 0.0000000000
122534  -38.654  28.037  10.076 0.0000000000
122536  -46.478  27.383  10.020 0.0000000000
122537  -47.210  27.427  9.816 0.0000000000
122539  -48.970  27.076  9.816 0.0000000000
122540  -49.279  26.660  9.757 0.0000000000
122549  -38.621  27.906  9.257 0.0000000000
122578  -40.771  27.500  5.615 0.0000000000
122587  -41.641  27.439  4.560 0.0000000000
122597  -42.647  27.231  3.662 0.0000000000
123080  -46.229  28.072  17.339 0.0000000000
123089  -45.790  28.685  17.020 0.0000000000
123096  -46.837  28.369  15.768 0.0000000000
123097  -47.267  28.024  15.466 0.0000000000
123100  -47.153  28.397  14.799 0.0000000000
123102  -47.568  28.324  13.863 0.0000000000
123108  -47.404  28.687  12.326 0.0000000000
123110  -48.264  27.529  12.644 0.0000000000
123118  -40.190  29.019  11.473 0.0000000000
123119  -40.862  28.855  11.723 0.0000000000
123124  -46.198  28.514  11.350 0.0000000000
123126  -47.950  28.305  11.935 0.0000000000
123127  -48.430  27.667  12.049 0.0000000000
123133  -38.761  28.769  10.486 0.0000000000
123139  -48.354  27.951  11.519 0.0000000000
123180  -41.159  28.006  5.489 0.0000000000
123738  -44.611  28.897  17.956 0.0000000000
123739  -45.137  28.752  17.658 0.0000000000
123754  -45.334  28.863  17.127 0.0000000000
123766  -45.633  28.985  16.456 0.0000000000
123767  -46.172  28.844  15.988 0.0000000000
123775  -44.512  29.609  15.963 0.0000000000
123776  -45.106  29.355  15.940 0.0000000000
123778  -46.291  29.031  15.273 0.0000000000
123781  -45.933  29.562  14.925 0.0000000000
123788  -44.168  30.415  12.481 0.0000000000
123790  -46.244  29.905  12.203 0.0000000000
123792  -47.402  28.880  12.686 0.0000000000
123797  -40.449  29.658  11.709 0.0000000000
123810  -38.741  29.614  10.513 0.0000000000
123811  -39.121  29.649  11.021 0.0000000000
123825  -38.994  29.986  8.375 0.0000000000
123841  -39.844  29.219  6.976 0.0000000000
123854  -41.752  29.582  5.738 0.0000000000
123864  -42.818  29.300  4.846 0.0000000000
124453  -45.556  29.779  15.036 0.0000000000
124466  -46.708  30.455  12.966 0.0000000000
124469  -43.507  31.324  12.375 0.0000000000
124471  -45.158  30.658  12.355 0.0000000000
124472  -46.059  30.413  12.332 0.0000000000
124476  -39.098  30.856  11.149 0.0000000000
124477  -39.728  30.400  11.491 0.0000000000
124481  -43.620  30.738  12.442 0.0000000000
124482  -45.423  30.094  12.167 0.0000000000
124486  -39.095  30.323  11.105 0.0000000000
124495  -38.857  30.675  8.764 0.0000000000
124508  -41.090  30.064  6.477 0.0000000000
125123  -45.813  31.669  13.438 0.0000000000
125127  -43.462  31.879  12.277 0.0000000000
125128  -43.961  31.831  12.336 0.0000000000
125131  -46.340  30.895  12.678 0.0000000000
125134  -39.130  31.221  11.144 0.0000000000
125144  -38.672  31.507  10.071 0.0000000000
125156  -41.100  31.547  6.990 0.0000000000
125162  -41.650  31.534  6.730 0.0000000000
125164  -42.939  31.777  6.164 0.0000000000
125168  -42.790  31.255  6.122 0.0000000000
125178  -45.113  31.258  5.206 0.0000000000
125702  -41.990  32.880  17.203 0.0000000000
125732  -41.680  32.650  15.398 0.0000000000
125733  -42.104  32.208  15.129 0.0000000000
125749  -42.539  32.475  14.410 0.0000000000
125752  -45.449  31.909  13.637 0.0000000000
125761  -42.778  33.058  13.688 0.0000000000
125763  -44.580  32.747  13.160 0.0000000000
125769  -44.197  32.523  12.127 0.0000000000
125774  -39.976  32.144  11.411 0.0000000000
125775  -40.894  32.367  11.522 0.0000000000
125779  -44.319  33.068  11.809 0.0000000000
125781  -39.098  32.384  10.463 0.0000000000
125782  -39.760  32.718  10.950 0.0000000000
125783  -40.374  32.726  11.221 0.0000000000
125786  -38.849  32.531  9.655 0.0000000000
125789  -39.006  32.486  8.829 0.0000000000
125793  -40.832  32.542  6.981 0.0000000000
125794  -41.350  32.040  6.858 0.0000000000
126326  -42.116  33.348  17.672 0.0000000000
126338  -41.497  33.542  16.107 0.0000000000
126361  -41.759  33.546  14.317 0.0000000000
126372  -42.095  33.866  13.691 0.0000000000
126373  -42.826  33.672  13.205 0.0000000000
126385  -43.435  34.022  12.597 0.0000000000
126386  -44.024  33.853  12.310 0.0000000000
126395  -41.397  33.096  11.202 0.0000000000
126396  -42.394  33.347  11.047 0.0000000000
126403  -40.563  33.431  10.885 0.0000000000
126405  -42.620  34.099  10.615 0.0000000000
126406  -43.119  34.370  10.605 0.0000000000
126408  -39.064  33.400  9.813 0.0000000000
126409  -39.230  33.764  10.001 0.0000000000
126414  -39.181  33.401  8.482 0.0000000000
126420  -40.125  33.462  7.161 0.0000000000
126437  -43.647  33.659  5.581 0.0000000000
126916  -42.156  34.257  17.825 0.0000000000
126932  -41.484  34.443  15.840 0.0000000000
126945  -42.166  34.522  13.394 0.0000000000
126967  -44.139  33.933  11.608 0.0000000000
126971  -40.141  34.137  10.437 0.0000000000
126974  -42.818  34.807  10.453 0.0000000000
126981  -39.168  33.859  9.788 0.0000000000
126982  -39.468  34.280  9.901 0.0000000000
126998  -39.690  34.325  7.408 0.0000000000
127458  -40.885  35.359  18.465 0.0000000000
127469  -39.917  35.636  17.269 0.0000000000
127470  -40.460  35.701  17.940 0.0000000000
127471  -42.096  35.045  17.505 0.0000000000
127472  -42.222  35.335  18.170 0.0000000000
127482  -39.531  35.547  16.471 0.0000000000
127490  -41.642  35.367  15.515 0.0000000000
127499  -42.013  35.973  14.135 0.0000000000
127502  -41.840  35.014  13.746 0.0000000000
127510  -43.618  35.406  11.549 0.0000000000
127534  -43.113  35.686  10.426 0.0000000000
127546  -42.523  36.035  10.199 0.0000000000
127550  -39.451  35.224  8.477 0.0000000000
127553  -39.901  35.204  7.199 0.0000000000
128003  -42.135  36.124  18.502 0.0000000000
128015  -40.530  36.675  17.934 0.0000000000
128029  -40.263  36.889  17.436 0.0000000000
128030  -42.126  36.096  16.077 0.0000000000
128048  -41.985  36.087  14.492 0.0000000000
128053  -43.452  36.463  11.712 0.0000000000
128054  -43.867  35.945  11.278 0.0000000000
128061  -43.820  36.964  11.361 0.0000000000
128079  -39.884  35.989  8.654 0.0000000000
128082  -42.214  36.557  10.069 0.0000000000
128095  -39.814  35.614  7.544 0.0000000000
128556  -41.394  36.742  18.520 0.0000000000
128557  -41.898  36.755  18.470 0.0000000000
128558  -42.223  36.633  18.317 0.0000000000
128571  -41.514  37.306  18.154 0.0000000000
128615  -43.235  37.418  12.388 0.0000000000
128616  -43.619  37.973  12.043 0.0000000000
128636  -43.575  37.377  10.661 0.0000000000
128643  -40.858  37.153  8.994 0.0000000000
128655  -41.069  37.799  8.822 0.0000000000
128663  -40.445  37.300  7.808 0.0000000000
129158  -42.434  38.968  16.513 0.0000000000
129178  -43.480  38.716  13.358 0.0000000000
129219  -40.975  37.904  8.616 0.0000000000
129227  -40.805  38.004  8.226 0.0000000000
129715  -42.194  39.353  16.649 0.0000000000
129747  -41.248  40.175  15.078 0.0000000000
129765  -43.695  39.140  13.015 0.0000000000
130326  -42.369  40.988  15.209 0.0000000000
130938  -42.095  41.950  15.385 0.0000000000
138445  -48.590  18.602  3.250 0.0000000000
138446  -47.718  18.845  4.173 0.0000000000
138453  -48.160  18.796  3.658 0.0000000000
138457  -49.355  19.710  2.229 0.0000000000
138458  -49.072  19.272  1.942 0.0000000000
