#!ascii label  , from subject sub-01 vox2ras=TkReg
348
91828  -25.651  -7.238  -40.279 0.0000000000
87639  -23.885  -11.432  -38.103 0.0000000000
88770  -28.802  -10.624  -39.528 0.0000000000
83053  -26.549  -15.390  -37.691 0.0000000000
105079  -23.766  6.154  -37.072 0.0000000000
101195  -25.951  1.360  -37.117 0.0000000000
97294  -22.564  -2.584  -38.720 0.0000000000
78851  -26.061  -19.367  -36.267 0.0000000000
85322  -24.645  -13.501  -37.828 0.0000000000
83029  -24.019  -15.297  -36.750 0.0000000000
104118  -25.276  4.417  -37.262 0.0000000000
102113  -23.144  2.267  -38.510 0.0000000000
91799  -23.370  -7.282  -38.588 0.0000000000
93914  -21.574  -5.278  -37.536 0.0000000000
95041  -24.375  -4.880  -39.582 0.0000000000
97313  -25.126  -2.543  -39.089 0.0000000000
95042  -26.322  -4.619  -39.326 0.0000000000
92861  -27.810  -6.518  -39.736 0.0000000000
88738  -21.844  -9.770  -36.930 0.0000000000
89811  -24.851  -9.502  -39.154 0.0000000000
89843  -27.303  -9.086  -40.269 0.0000000000
87656  -26.310  -11.390  -39.104 0.0000000000
85341  -27.613  -13.359  -38.770 0.0000000000
82013  -29.241  -15.835  -38.414 0.0000000000
99301  -21.671  -0.540  -38.178 0.0000000000
99303  -23.846  -0.307  -38.476 0.0000000000
99293  -26.929  -0.573  -37.245 0.0000000000
80926  -24.045  -17.474  -35.882 0.0000000000
80945  -26.552  -17.676  -37.086 0.0000000000
84106  -23.504  -14.639  -36.515 0.0000000000
83011  -22.676  -15.571  -35.537 0.0000000000
103078  -22.348  2.723  -38.149 0.0000000000
102111  -21.807  1.861  -38.832 0.0000000000
91814  -24.662  -7.307  -39.469 0.0000000000
92858  -23.703  -6.114  -39.069 0.0000000000
93963  -25.222  -5.409  -39.717 0.0000000000
95055  -25.348  -4.691  -39.628 0.0000000000
93965  -26.282  -5.465  -39.768 0.0000000000
93951  -27.428  -5.826  -39.441 0.0000000000
92874  -27.202  -6.613  -40.109 0.0000000000
88739  -22.208  -10.415  -37.215 0.0000000000
89800  -22.964  -9.450  -37.843 0.0000000000
88750  -24.183  -10.395  -38.513 0.0000000000
89812  -25.298  -10.038  -39.237 0.0000000000
87655  -25.007  -11.451  -38.512 0.0000000000
83052  -25.532  -14.937  -37.648 0.0000000000
84160  -26.569  -13.702  -38.361 0.0000000000
84144  -27.252  -14.716  -38.134 0.0000000000
83071  -28.553  -14.950  -38.830 0.0000000000
83054  -27.582  -15.507  -37.919 0.0000000000
105078  -22.611  6.030  -37.069 0.0000000000
106031  -22.108  6.658  -36.356 0.0000000000
106032  -23.126  6.848  -36.502 0.0000000000
106928  -24.565  7.821  -36.624 0.0000000000
105092  -25.678  5.593  -37.560 0.0000000000
103071  -26.042  3.381  -37.222 0.0000000000
95004  -21.611  -4.144  -37.980 0.0000000000
97271  -21.267  -3.029  -37.115 0.0000000000
98304  -22.031  -1.517  -38.337 0.0000000000
99316  -22.697  -0.647  -38.706 0.0000000000
99330  -23.543  -1.360  -39.323 0.0000000000
97296  -26.116  -2.809  -38.108 0.0000000000
98293  -25.439  -1.544  -37.778 0.0000000000
98295  -27.170  -1.496  -37.426 0.0000000000
89827  -28.412  -9.831  -39.970 0.0000000000
90881  -29.216  -8.460  -40.313 0.0000000000
78835  -24.901  -19.465  -35.716 0.0000000000
79928  -24.677  -18.106  -35.962 0.0000000000
80943  -24.841  -17.442  -36.190 0.0000000000
79930  -26.240  -18.540  -36.647 0.0000000000
86508  -23.092  -12.503  -36.975 0.0000000000
86524  -23.956  -12.543  -37.639 0.0000000000
85301  -23.521  -13.663  -36.907 0.0000000000
84123  -24.121  -14.587  -37.049 0.0000000000
83030  -24.864  -15.557  -37.156 0.0000000000
105090  -23.409  5.232  -37.364 0.0000000000
105091  -24.520  5.326  -37.227 0.0000000000
104116  -23.115  4.225  -37.456 0.0000000000
102101  -23.599  2.654  -37.932 0.0000000000
101193  -24.207  1.413  -37.945 0.0000000000
91786  -21.763  -7.299  -37.233 0.0000000000
92830  -21.896  -6.183  -37.665 0.0000000000
93933  -22.652  -5.122  -38.408 0.0000000000
96247  -23.360  -3.444  -39.371 0.0000000000
98332  -24.084  -2.174  -39.810 0.0000000000
96277  -24.498  -3.303  -39.944 0.0000000000
96250  -25.748  -3.871  -39.090 0.0000000000
96232  -27.471  -3.550  -38.084 0.0000000000
95023  -27.698  -4.744  -38.581 0.0000000000
77649  -27.381  -20.623  -35.995 0.0000000000
77665  -27.528  -20.137  -36.106 0.0000000000
90833  -22.770  -8.433  -37.793 0.0000000000
91800  -24.024  -7.906  -38.809 0.0000000000
91815  -25.270  -7.864  -39.981 0.0000000000
90877  -26.205  -7.831  -40.446 0.0000000000
90864  -26.459  -8.964  -40.043 0.0000000000
88767  -27.067  -10.490  -39.784 0.0000000000
88768  -27.563  -10.789  -39.728 0.0000000000
86540  -25.676  -12.355  -38.478 0.0000000000
86542  -27.361  -12.532  -38.841 0.0000000000
86562  -28.317  -12.047  -39.279 0.0000000000
85343  -28.980  -13.419  -38.665 0.0000000000
84165  -29.909  -14.446  -38.374 0.0000000000
105093  -26.330  4.869  -37.969 0.0000000000
101216  -21.947  0.754  -39.164 0.0000000000
100263  -23.379  0.557  -38.573 0.0000000000
100252  -24.563  0.556  -37.806 0.0000000000
99304  -24.380  -1.217  -38.868 0.0000000000
99291  -24.725  -0.598  -37.924 0.0000000000
100254  -26.408  0.367  -37.155 0.0000000000
91831  -28.111  -7.769  -40.439 0.0000000000
91816  -29.621  -7.577  -39.906 0.0000000000
81953  -22.464  -16.263  -35.242 0.0000000000
81955  -24.109  -16.640  -36.242 0.0000000000
81973  -24.952  -16.601  -36.602 0.0000000000
81975  -26.573  -16.866  -37.382 0.0000000000
79931  -27.160  -18.684  -36.722 0.0000000000
80946  -27.523  -17.925  -37.058 0.0000000000
80968  -27.777  -17.111  -37.400 0.0000000000
101192  -21.043  1.311  -37.772 0.0000000000
91827  -25.214  -6.734  -39.967 0.0000000000
92871  -24.967  -6.197  -39.780 0.0000000000
92872  -25.565  -6.241  -39.942 0.0000000000
93964  -25.785  -5.514  -39.799 0.0000000000
92873  -26.265  -6.323  -40.132 0.0000000000
87638  -22.943  -11.428  -37.482 0.0000000000
88740  -23.245  -10.467  -38.039 0.0000000000
87654  -24.471  -10.947  -38.490 0.0000000000
84143  -26.206  -14.217  -38.059 0.0000000000
84145  -27.848  -15.027  -38.310 0.0000000000
106033  -24.239  6.953  -36.672 0.0000000000
105081  -25.219  6.280  -37.147 0.0000000000
105080  -24.759  6.147  -36.985 0.0000000000
102103  -25.462  2.379  -37.198 0.0000000000
103072  -26.862  2.965  -37.540 0.0000000000
102104  -26.486  2.275  -37.248 0.0000000000
102105  -27.252  2.167  -37.865 0.0000000000
96228  -22.138  -3.351  -38.412 0.0000000000
96217  -21.616  -3.210  -38.015 0.0000000000
97293  -21.997  -2.528  -38.306 0.0000000000
97281  -21.479  -2.466  -37.626 0.0000000000
98305  -22.348  -2.055  -38.556 0.0000000000
98317  -22.721  -1.658  -38.890 0.0000000000
98330  -23.278  -1.790  -39.459 0.0000000000
96218  -26.888  -3.012  -37.830 0.0000000000
97283  -26.644  -2.239  -37.650 0.0000000000
89828  -29.278  -9.408  -39.860 0.0000000000
88753  -29.586  -10.133  -39.192 0.0000000000
78836  -25.639  -19.783  -35.913 0.0000000000
78850  -25.354  -19.173  -36.082 0.0000000000
79915  -24.892  -18.733  -35.943 0.0000000000
79929  -25.367  -18.433  -36.296 0.0000000000
85300  -22.811  -13.291  -36.419 0.0000000000
86509  -23.632  -13.017  -37.194 0.0000000000
104115  -22.208  4.142  -37.517 0.0000000000
103079  -22.653  2.572  -38.314 0.0000000000
102102  -24.399  2.393  -37.616 0.0000000000
102114  -23.801  2.048  -38.137 0.0000000000
91787  -22.455  -7.632  -37.749 0.0000000000
91798  -22.418  -6.741  -38.022 0.0000000000
93948  -24.089  -5.337  -39.433 0.0000000000
93934  -23.498  -5.103  -38.971 0.0000000000
95021  -23.542  -4.582  -39.214 0.0000000000
95020  -23.234  -4.259  -39.028 0.0000000000
95040  -23.900  -4.375  -39.559 0.0000000000
96275  -23.745  -3.247  -40.056 0.0000000000
95053  -24.313  -4.006  -39.756 0.0000000000
95056  -25.870  -4.891  -39.684 0.0000000000
96263  -25.546  -4.201  -39.490 0.0000000000
96231  -26.352  -3.736  -38.457 0.0000000000
95022  -26.894  -4.450  -38.616 0.0000000000
93952  -28.270  -6.077  -39.234 0.0000000000
93935  -28.153  -5.415  -38.851 0.0000000000
93953  -28.820  -6.097  -39.074 0.0000000000
76561  -27.158  -21.498  -35.502 0.0000000000
76562  -27.781  -20.937  -35.439 0.0000000000
89798  -21.613  -9.230  -36.743 0.0000000000
90832  -21.992  -8.389  -37.218 0.0000000000
89799  -22.209  -9.295  -37.274 0.0000000000
89810  -23.848  -9.492  -38.486 0.0000000000
90847  -23.559  -8.524  -38.393 0.0000000000
90848  -24.373  -8.529  -38.950 0.0000000000
90862  -25.045  -8.447  -39.627 0.0000000000
90863  -25.830  -8.414  -40.098 0.0000000000
89823  -25.399  -8.986  -39.673 0.0000000000
88752  -25.630  -10.566  -39.180 0.0000000000
88766  -26.414  -10.430  -39.586 0.0000000000
87676  -26.750  -10.877  -39.544 0.0000000000
87677  -27.127  -11.181  -39.528 0.0000000000
86525  -24.796  -12.507  -38.122 0.0000000000
85338  -25.295  -13.087  -38.182 0.0000000000
85340  -26.911  -13.226  -38.523 0.0000000000
86543  -27.967  -12.399  -39.177 0.0000000000
86544  -28.609  -12.260  -38.997 0.0000000000
85342  -28.287  -13.409  -38.908 0.0000000000
83072  -29.100  -15.275  -38.834 0.0000000000
84164  -29.387  -14.388  -38.673 0.0000000000
83073  -29.753  -15.058  -38.573 0.0000000000
83074  -30.141  -14.875  -38.199 0.0000000000
92829  -21.383  -6.333  -36.964 0.0000000000
99289  -21.114  -0.526  -37.592 0.0000000000
100251  -21.335  0.361  -38.081 0.0000000000
100262  -21.804  0.251  -38.683 0.0000000000
99317  -23.238  -0.567  -38.701 0.0000000000
100276  -22.992  0.366  -38.757 0.0000000000
99302  -23.296  0.002  -38.549 0.0000000000
100264  -23.951  0.616  -38.232 0.0000000000
99290  -24.284  0.077  -38.152 0.0000000000
98333  -24.386  -2.176  -39.697 0.0000000000
99319  -24.258  -1.639  -39.461 0.0000000000
98318  -24.666  -1.980  -39.319 0.0000000000
98294  -26.298  -1.461  -37.458 0.0000000000
99292  -25.805  -0.612  -37.302 0.0000000000
100253  -25.371  0.406  -37.354 0.0000000000
100255  -27.309  0.366  -37.597 0.0000000000
90878  -26.783  -8.337  -40.431 0.0000000000
91830  -27.386  -7.580  -40.499 0.0000000000
90879  -27.674  -8.405  -40.474 0.0000000000
91832  -28.795  -7.714  -40.293 0.0000000000
80925  -23.411  -17.505  -35.371 0.0000000000
81941  -22.749  -16.907  -35.188 0.0000000000
81954  -23.223  -16.599  -35.730 0.0000000000
80944  -25.630  -17.560  -36.665 0.0000000000
81974  -25.823  -16.617  -37.127 0.0000000000
78853  -27.609  -19.579  -36.235 0.0000000000
85282  -22.979  -13.997  -36.320 0.0000000000
84105  -22.886  -14.683  -35.885 0.0000000000
83012  -23.509  -15.638  -36.196 0.0000000000
103067  -21.937  3.191  -37.739 0.0000000000
102100  -22.021  2.631  -38.224 0.0000000000
102112  -22.301  2.236  -38.722 0.0000000000
91813  -23.994  -6.730  -39.225 0.0000000000
92859  -24.366  -6.175  -39.464 0.0000000000
93949  -24.661  -5.396  -39.628 0.0000000000
95054  -24.687  -4.485  -39.682 0.0000000000
93950  -26.747  -5.394  -39.563 0.0000000000
95043  -26.982  -5.056  -39.111 0.0000000000
93966  -26.754  -5.965  -39.811 0.0000000000
92860  -27.455  -6.353  -39.795 0.0000000000
88751  -24.920  -10.470  -38.803 0.0000000000
84142  -25.256  -14.180  -37.888 0.0000000000
85323  -25.447  -13.678  -38.095 0.0000000000
84161  -27.078  -13.981  -38.504 0.0000000000
84162  -27.966  -14.464  -38.697 0.0000000000
83055  -28.396  -15.444  -38.429 0.0000000000
83056  -28.918  -15.746  -38.534 0.0000000000
105077  -21.429  5.489  -36.535 0.0000000000
106052  -25.856  6.518  -38.175 0.0000000000
103070  -24.875  3.389  -37.288 0.0000000000
104119  -26.180  4.367  -37.605 0.0000000000
97280  -21.215  -1.952  -37.300 0.0000000000
98292  -21.427  -1.400  -37.695 0.0000000000
99315  -22.165  -0.529  -38.600 0.0000000000
98316  -22.433  -1.061  -38.635 0.0000000000
99318  -23.865  -1.133  -39.102 0.0000000000
97295  -25.476  -2.349  -38.340 0.0000000000
97282  -25.945  -2.127  -37.789 0.0000000000
89844  -28.026  -9.165  -40.342 0.0000000000
90880  -28.433  -8.441  -40.453 0.0000000000
89845  -28.688  -9.081  -40.263 0.0000000000
79914  -24.189  -18.452  -35.519 0.0000000000
87625  -22.251  -11.608  -36.694 0.0000000000
86523  -23.437  -11.977  -37.543 0.0000000000
85321  -23.987  -13.341  -37.357 0.0000000000
85302  -24.159  -13.927  -37.372 0.0000000000
84124  -24.711  -14.469  -37.549 0.0000000000
83031  -25.809  -15.767  -37.432 0.0000000000
104106  -21.018  4.643  -36.617 0.0000000000
105088  -21.770  4.807  -37.279 0.0000000000
105089  -22.356  5.064  -37.375 0.0000000000
104117  -24.175  4.342  -37.341 0.0000000000
103068  -22.840  3.138  -37.866 0.0000000000
103069  -23.831  3.367  -37.551 0.0000000000
101194  -24.984  1.422  -37.444 0.0000000000
93915  -22.014  -5.497  -38.042 0.0000000000
92845  -23.016  -6.042  -38.482 0.0000000000
93932  -21.966  -4.875  -38.160 0.0000000000
95019  -22.382  -4.201  -38.480 0.0000000000
96229  -22.839  -3.397  -38.870 0.0000000000
97325  -23.533  -2.264  -39.673 0.0000000000
97326  -23.869  -2.791  -39.888 0.0000000000
97327  -24.368  -2.625  -39.940 0.0000000000
97328  -24.819  -2.722  -39.715 0.0000000000
96262  -25.160  -3.749  -39.641 0.0000000000
96249  -25.283  -3.358  -39.393 0.0000000000
96230  -25.606  -3.158  -38.744 0.0000000000
96219  -27.404  -2.954  -37.861 0.0000000000
96233  -28.492  -3.621  -38.297 0.0000000000
87660  -29.193  -11.338  -38.986 0.0000000000
77648  -26.440  -20.406  -35.986 0.0000000000
77663  -26.611  -19.791  -36.250 0.0000000000
91829  -26.582  -7.300  -40.494 0.0000000000
89842  -26.860  -8.993  -40.188 0.0000000000
89824  -25.837  -9.575  -39.669 0.0000000000
89825  -26.811  -9.643  -39.968 0.0000000000
89826  -27.621  -9.975  -40.025 0.0000000000
88769  -28.113  -10.744  -39.752 0.0000000000
87640  -24.383  -11.991  -38.081 0.0000000000
85339  -26.079  -13.264  -38.355 0.0000000000
86541  -26.609  -12.414  -38.679 0.0000000000
87657  -27.169  -11.845  -39.120 0.0000000000
86561  -28.157  -11.890  -39.392 0.0000000000
87679  -28.412  -11.533  -39.435 0.0000000000
86545  -29.395  -12.425  -38.546 0.0000000000
84163  -28.701  -14.384  -38.848 0.0000000000
101203  -21.586  1.206  -38.670 0.0000000000
101204  -22.089  1.438  -39.272 0.0000000000
100274  -22.298  0.192  -38.826 0.0000000000
101218  -22.734  0.667  -38.990 0.0000000000
101206  -23.572  1.376  -38.461 0.0000000000
98331  -23.722  -1.973  -39.705 0.0000000000
98306  -24.911  -1.734  -38.562 0.0000000000
101196  -26.937  1.287  -37.414 0.0000000000
92875  -27.941  -7.113  -40.174 0.0000000000
92862  -28.729  -6.855  -39.596 0.0000000000
83013  -24.257  -15.970  -36.632 0.0000000000
81998  -26.361  -16.236  -37.461 0.0000000000
78852  -26.799  -19.353  -36.449 0.0000000000
80967  -27.087  -17.249  -37.409 0.0000000000
81999  -27.122  -16.397  -37.598 0.0000000000
82000  -28.064  -16.264  -37.805 0.0000000000
77664  -27.085  -20.010  -36.239 0.0000000000
82014  -29.582  -15.594  -38.428 0.0000000000
83058  -30.330  -14.960  -37.622 0.0000000000
87658  -27.610  -12.067  -39.130 0.0000000000
87659  -28.722  -11.625  -39.233 0.0000000000
87678  -27.784  -11.568  -39.454 0.0000000000
87680  -28.758  -11.308  -39.337 0.0000000000
92844  -22.343  -5.929  -38.166 0.0000000000
92876  -28.403  -7.357  -40.204 0.0000000000
95039  -23.558  -3.893  -39.455 0.0000000000
96248  -23.734  -3.519  -39.686 0.0000000000
96260  -24.095  -3.576  -39.869 0.0000000000
96261  -24.452  -3.690  -39.833 0.0000000000
96276  -24.235  -3.354  -39.953 0.0000000000
97297  -27.702  -2.837  -37.903 0.0000000000
97311  -23.206  -2.603  -39.374 0.0000000000
97312  -23.558  -3.067  -39.625 0.0000000000
97340  -24.148  -3.213  -40.010 0.0000000000
97341  -24.327  -3.031  -40.081 0.0000000000
97342  -24.648  -3.001  -39.986 0.0000000000
99329  -23.136  -1.208  -39.004 0.0000000000
99331  -23.952  -1.651  -39.606 0.0000000000
99332  -24.174  -1.902  -39.684 0.0000000000
100275  -22.697  0.187  -38.759 0.0000000000
101205  -22.903  1.253  -39.034 0.0000000000
101217  -22.442  0.761  -39.154 0.0000000000
106043  -25.314  6.709  -37.439 0.0000000000
