#!ascii label  , from subject sub-01 vox2ras=TkReg
847
81955  -24.109  -16.640  -36.242 0.5555555820
83013  -24.257  -15.970  -36.632 0.6666666865
83030  -24.864  -15.557  -37.156 0.7777777910
83052  -25.532  -14.937  -37.648 0.7777777910
85322  -24.645  -13.501  -37.828 0.8888888955
85340  -26.911  -13.226  -38.523 0.8888888955
81954  -23.223  -16.599  -35.730 0.5555555820
83012  -23.509  -15.638  -36.196 0.5555555820
84106  -23.504  -14.639  -36.515 0.6666666865
84123  -24.121  -14.587  -37.049 0.8888888955
85323  -25.447  -13.678  -38.095 0.8888888955
86541  -26.609  -12.414  -38.679 1.0000000000
86542  -27.361  -12.532  -38.841 0.8888888955
87657  -27.169  -11.845  -39.120 1.0000000000
84105  -22.886  -14.683  -35.885 0.7777777910
86509  -23.632  -13.017  -37.194 1.0000000000
86523  -23.437  -11.977  -37.543 1.0000000000
86524  -23.956  -12.543  -37.639 1.0000000000
87655  -25.007  -11.451  -38.512 1.0000000000
87656  -26.310  -11.390  -39.104 1.0000000000
87654  -24.471  -10.947  -38.490 1.0000000000
88752  -25.630  -10.566  -39.180 1.0000000000
88768  -27.563  -10.789  -39.728 1.0000000000
89812  -25.298  -10.038  -39.237 1.0000000000
88766  -26.414  -10.430  -39.586 1.0000000000
89826  -27.621  -9.975  -40.025 1.0000000000
89842  -26.860  -8.993  -40.188 1.0000000000
89843  -27.303  -9.086  -40.269 0.7777777910
87638  -22.943  -11.428  -37.482 0.8888888955
87639  -23.885  -11.432  -38.103 1.0000000000
88751  -24.920  -10.470  -38.803 1.0000000000
88740  -23.245  -10.467  -38.039 1.0000000000
89811  -24.851  -9.502  -39.154 1.0000000000
89823  -25.399  -8.986  -39.673 1.0000000000
90864  -26.459  -8.964  -40.043 1.0000000000
90878  -26.783  -8.337  -40.431 1.0000000000
90879  -27.674  -8.405  -40.474 0.8888888955
91830  -27.386  -7.580  -40.499 1.0000000000
91831  -28.111  -7.769  -40.439 0.7777777910
91832  -28.795  -7.714  -40.293 0.7777777910
88738  -21.844  -9.770  -36.930 0.5555555820
91787  -22.455  -7.632  -37.749 0.7777777910
90833  -22.770  -8.433  -37.793 0.8888888955
90848  -24.373  -8.529  -38.950 1.0000000000
91800  -24.024  -7.906  -38.809 0.8888888955
90862  -25.045  -8.447  -39.627 1.0000000000
91815  -25.270  -7.864  -39.981 1.0000000000
91829  -26.582  -7.300  -40.494 1.0000000000
92873  -26.265  -6.323  -40.132 1.0000000000
92874  -27.202  -6.613  -40.109 0.8888888955
93952  -28.270  -6.077  -39.234 0.7777777910
93953  -28.820  -6.097  -39.074 0.6666666865
91785  -21.116  -7.368  -36.362 0.4444444478
91798  -22.418  -6.741  -38.022 0.6666666865
92858  -23.703  -6.114  -39.069 0.7777777910
91813  -23.994  -6.730  -39.225 0.8888888955
91814  -24.662  -7.307  -39.469 0.8888888955
91828  -25.651  -7.238  -40.279 1.0000000000
92871  -24.967  -6.197  -39.780 1.0000000000
92872  -25.565  -6.241  -39.942 1.0000000000
93965  -26.282  -5.465  -39.768 0.8888888955
93966  -26.754  -5.965  -39.811 0.7777777910
93951  -27.428  -5.826  -39.441 0.7777777910
93936  -28.815  -5.468  -38.839 0.5555555820
93935  -28.153  -5.415  -38.851 0.7777777910
95024  -28.671  -4.622  -38.563 0.6666666865
93915  -22.014  -5.497  -38.042 0.6666666865
92829  -21.383  -6.333  -36.964 0.6666666865
92845  -23.016  -6.042  -38.482 0.7777777910
93949  -24.661  -5.396  -39.628 0.8888888955
93948  -24.089  -5.337  -39.433 1.0000000000
93963  -25.222  -5.409  -39.717 1.0000000000
93964  -25.785  -5.514  -39.799 0.8888888955
95056  -25.870  -4.891  -39.684 0.8888888955
95042  -26.322  -4.619  -39.326 0.8888888955
95043  -26.982  -5.056  -39.111 0.7777777910
96263  -25.546  -4.201  -39.490 0.8888888955
95022  -26.894  -4.450  -38.616 0.7777777910
95023  -27.698  -4.744  -38.581 0.7777777910
93914  -21.574  -5.278  -37.536 0.6666666865
93932  -21.966  -4.875  -38.160 0.7777777910
93933  -22.652  -5.122  -38.408 0.8888888955
95021  -23.542  -4.582  -39.214 0.8888888955
95040  -23.900  -4.375  -39.559 1.0000000000
95041  -24.375  -4.880  -39.582 1.0000000000
96262  -25.160  -3.749  -39.641 1.0000000000
95055  -25.348  -4.691  -39.628 0.8888888955
96231  -26.352  -3.736  -38.457 0.7777777910
96218  -26.888  -3.012  -37.830 0.7777777910
96232  -27.471  -3.550  -38.084 0.6666666865
96233  -28.492  -3.621  -38.297 0.5555555820
94994  -21.272  -4.415  -37.114 0.6666666865
95019  -22.382  -4.201  -38.480 0.8888888955
96247  -23.360  -3.444  -39.371 1.0000000000
96275  -23.745  -3.247  -40.056 1.0000000000
97328  -24.819  -2.722  -39.715 0.8888888955
96249  -25.283  -3.358  -39.393 0.8888888955
97313  -25.126  -2.543  -39.089 0.8888888955
96250  -25.748  -3.871  -39.090 0.8888888955
97296  -26.116  -2.809  -38.108 0.7777777910
97283  -26.644  -2.239  -37.650 0.7777777910
97298  -28.338  -2.466  -37.947 0.5555555820
98293  -25.439  -1.544  -37.778 0.7777777910
97284  -27.543  -2.318  -37.686 0.5555555820
98295  -27.170  -1.496  -37.426 0.6666666865
96208  -20.323  -3.502  -36.388 0.4444444478
96210  -21.389  -3.495  -37.429 0.5555555820
97293  -21.997  -2.528  -38.306 0.7777777910
96229  -22.839  -3.397  -38.870 1.0000000000
96228  -22.138  -3.351  -38.412 0.8888888955
97325  -23.533  -2.264  -39.673 1.0000000000
98332  -24.084  -2.174  -39.810 0.8888888955
99319  -24.258  -1.639  -39.461 0.8888888955
98333  -24.386  -2.176  -39.697 0.8888888955
98318  -24.666  -1.980  -39.319 0.8888888955
97295  -25.476  -2.349  -38.340 0.8888888955
98294  -26.298  -1.461  -37.458 0.6666666865
98296  -27.937  -1.427  -37.554 0.5555555820
99301  -21.671  -0.540  -38.178 0.6666666865
97280  -21.215  -1.952  -37.300 0.6666666865
98316  -22.433  -1.061  -38.635 0.7777777910
99330  -23.543  -1.360  -39.323 0.8888888955
99316  -22.697  -0.647  -38.706 0.7777777910
99318  -23.865  -1.133  -39.102 0.7777777910
99303  -23.846  -0.307  -38.476 0.7777777910
99304  -24.380  -1.217  -38.868 0.8888888955
99291  -24.725  -0.598  -37.924 0.7777777910
100252  -24.563  0.556  -37.806 0.6666666865
100253  -25.371  0.406  -37.354 0.6666666865
99292  -25.805  -0.612  -37.302 0.6666666865
101195  -25.951  1.360  -37.117 0.6666666865
100254  -26.408  0.367  -37.155 0.5555555820
100255  -27.309  0.366  -37.597 0.5555555820
99294  -27.645  -0.840  -37.448 0.4444444478
101191  -20.559  1.251  -36.861 0.3333333433
101192  -21.043  1.311  -37.772 0.3333333433
100251  -21.335  0.361  -38.081 0.5555555820
100262  -21.804  0.251  -38.683 0.6666666865
101203  -21.586  1.206  -38.670 0.5555555820
100274  -22.298  0.192  -38.826 0.7777777910
100276  -22.992  0.366  -38.757 0.7777777910
101206  -23.572  1.376  -38.461 0.6666666865
99302  -23.296  0.002  -38.549 0.6666666865
100263  -23.379  0.557  -38.573 0.6666666865
100264  -23.951  0.616  -38.232 0.6666666865
101194  -24.984  1.422  -37.444 0.6666666865
101196  -26.937  1.287  -37.414 0.5555555820
102105  -27.252  2.167  -37.865 0.5555555820
102098  -20.756  2.255  -37.225 0.4444444478
102099  -21.541  2.275  -38.122 0.5555555820
102111  -21.807  1.861  -38.832 0.5555555820
102112  -22.301  2.236  -38.722 0.6666666865
101204  -22.089  1.438  -39.272 0.6666666865
102113  -23.144  2.267  -38.510 0.6666666865
101193  -24.207  1.413  -37.945 0.6666666865
102103  -25.462  2.379  -37.198 0.6666666865
103072  -26.862  2.965  -37.540 0.6666666865
103066  -21.178  3.217  -37.318 0.4444444478
103078  -22.348  2.723  -38.149 0.6666666865
103079  -22.653  2.572  -38.314 0.6666666865
102101  -23.599  2.654  -37.932 0.6666666865
102114  -23.801  2.048  -38.137 0.6666666865
103071  -26.042  3.381  -37.222 0.6666666865
85302  -24.159  -13.927  -37.372 0.8888888955
85301  -23.521  -13.663  -36.907 1.0000000000
86525  -24.796  -12.507  -38.122 1.0000000000
91786  -21.763  -7.299  -37.233 0.5555555820
97270  -20.872  -2.509  -36.843 0.5555555820
95004  -21.611  -4.144  -37.980 0.7777777910
97326  -23.869  -2.791  -39.888 1.0000000000
97269  -20.102  -2.540  -36.100 0.2222222239
99293  -26.929  -0.573  -37.245 0.6666666865
99317  -23.238  -0.567  -38.701 0.7777777910
99305  -27.622  -0.268  -37.695 0.4444444478
102100  -22.021  2.631  -38.224 0.6666666865
103067  -21.937  3.191  -37.739 0.6666666865
93898  -21.106  -5.411  -36.689 0.4444444478
102115  -27.730  2.097  -38.854 0.5555555820
102093  -20.317  2.002  -36.258 0.2222222239
103081  -27.234  3.148  -38.322 0.5555555820
80926  -24.045  -17.474  -35.882 0.5555555820
80943  -24.841  -17.442  -36.190 0.5555555820
83031  -25.809  -15.767  -37.432 0.5555555820
84144  -27.252  -14.716  -38.134 0.7777777910
84161  -27.078  -13.981  -38.504 0.8888888955
80925  -23.411  -17.505  -35.371 0.5555555820
83053  -26.549  -15.390  -37.691 0.6666666865
84143  -26.206  -14.217  -38.059 0.8888888955
85341  -27.613  -13.359  -38.770 0.7777777910
86543  -27.967  -12.399  -39.177 0.7777777910
86561  -28.157  -11.890  -39.392 0.8888888955
81940  -22.050  -16.586  -34.584 0.4444444478
84088  -22.183  -14.649  -35.209 0.5555555820
85263  -21.780  -13.749  -34.870 0.2222222239
85300  -22.811  -13.291  -36.419 0.6666666865
89827  -28.412  -9.831  -39.970 0.8888888955
89845  -28.688  -9.081  -40.263 0.6666666865
90880  -28.433  -8.441  -40.453 0.7777777910
87609  -21.879  -11.657  -35.808 0.5555555820
91816  -29.621  -7.577  -39.906 0.6666666865
88728  -21.742  -10.924  -36.212 0.4444444478
92846  -29.510  -6.951  -39.024 0.5555555820
93937  -29.512  -5.845  -38.736 0.5555555820
90814  -20.816  -8.362  -35.512 0.2222222239
95025  -29.446  -4.684  -38.544 0.5555555820
96234  -29.381  -3.678  -38.381 0.5555555820
93882  -20.187  -5.500  -35.102 0.3333333433
96209  -21.034  -3.589  -36.810 0.4444444478
97299  -29.306  -2.586  -38.155 0.4444444478
96194  -19.915  -3.554  -35.573 0.3333333433
98308  -29.298  -1.342  -37.970 0.5555555820
99306  -28.277  -0.557  -37.977 0.4444444478
100238  -20.387  0.335  -36.512 0.3333333433
100250  -20.810  0.376  -37.320 0.3333333433
99288  -20.615  -0.544  -36.894 0.4444444478
100265  -27.859  0.194  -38.240 0.4444444478
101207  -27.624  1.095  -38.313 0.4444444478
102121  -27.548  1.913  -39.958 0.2222222239
103065  -20.721  3.183  -36.613 0.3333333433
103068  -22.840  3.138  -37.866 0.6666666865
103070  -24.875  3.389  -37.288 0.6666666865
104118  -25.276  4.417  -37.262 0.6666666865
104119  -26.180  4.367  -37.605 0.6666666865
103080  -26.675  3.635  -37.737 0.6666666865
104115  -22.208  4.142  -37.517 0.5555555820
81973  -24.952  -16.601  -36.602 0.6666666865
83029  -24.019  -15.297  -36.750 0.6666666865
84124  -24.711  -14.469  -37.549 0.8888888955
85338  -25.295  -13.087  -38.182 1.0000000000
84142  -25.256  -14.180  -37.888 0.8888888955
85321  -23.987  -13.341  -37.357 1.0000000000
84160  -26.569  -13.702  -38.361 0.8888888955
81941  -22.749  -16.907  -35.188 0.4444444478
81953  -22.464  -16.263  -35.242 0.4444444478
83011  -22.676  -15.571  -35.537 0.5555555820
85339  -26.079  -13.264  -38.355 1.0000000000
86540  -25.676  -12.355  -38.478 1.0000000000
87677  -27.127  -11.181  -39.528 1.0000000000
85281  -22.406  -13.680  -35.688 0.6666666865
85282  -22.979  -13.997  -36.320 0.8888888955
86508  -23.092  -12.503  -36.975 0.8888888955
87625  -22.251  -11.608  -36.694 0.8888888955
87640  -24.383  -11.991  -38.081 1.0000000000
88750  -24.183  -10.395  -38.513 1.0000000000
87676  -26.750  -10.877  -39.544 1.0000000000
88769  -28.113  -10.744  -39.752 0.8888888955
88767  -27.067  -10.490  -39.784 1.0000000000
89824  -25.837  -9.575  -39.669 1.0000000000
89825  -26.811  -9.643  -39.968 1.0000000000
89844  -28.026  -9.165  -40.342 0.8888888955
88739  -22.208  -10.415  -37.215 1.0000000000
89810  -23.848  -9.492  -38.486 1.0000000000
89800  -22.964  -9.450  -37.843 0.8888888955
90863  -25.830  -8.414  -40.098 1.0000000000
90877  -26.205  -7.831  -40.446 1.0000000000
92875  -27.941  -7.113  -40.174 0.8888888955
92862  -28.729  -6.855  -39.596 0.6666666865
88727  -21.546  -10.073  -36.436 0.5555555820
89798  -21.613  -9.230  -36.743 0.6666666865
89799  -22.209  -9.295  -37.274 0.6666666865
91799  -23.370  -7.282  -38.588 0.8888888955
90847  -23.559  -8.524  -38.393 0.8888888955
92860  -27.455  -6.353  -39.795 0.8888888955
92861  -27.810  -6.518  -39.736 0.7777777910
90831  -21.312  -8.363  -36.545 0.3333333433
90832  -21.992  -8.389  -37.218 0.6666666865
92830  -21.896  -6.183  -37.665 0.6666666865
92859  -24.366  -6.175  -39.464 0.8888888955
91827  -25.214  -6.734  -39.967 1.0000000000
93950  -26.747  -5.394  -39.563 0.7777777910
93934  -23.498  -5.103  -38.971 0.8888888955
95054  -24.687  -4.485  -39.682 1.0000000000
92810  -20.999  -6.398  -36.138 0.4444444478
95020  -23.234  -4.259  -39.028 0.8888888955
95053  -24.313  -4.006  -39.756 1.0000000000
96277  -24.498  -3.303  -39.944 0.8888888955
96230  -25.606  -3.158  -38.744 0.7777777910
96219  -27.404  -2.954  -37.861 0.6666666865
96217  -21.616  -3.210  -38.015 0.6666666865
97327  -24.368  -2.625  -39.940 1.0000000000
97282  -25.945  -2.127  -37.789 0.8888888955
98306  -24.911  -1.734  -38.562 0.8888888955
97285  -28.128  -1.923  -37.702 0.5555555820
97271  -21.267  -3.029  -37.115 0.5555555820
97294  -22.564  -2.584  -38.720 1.0000000000
98305  -22.348  -2.055  -38.556 0.7777777910
97281  -21.479  -2.466  -37.626 0.7777777910
98331  -23.722  -1.973  -39.705 0.8888888955
98330  -23.278  -1.790  -39.459 0.7777777910
99307  -28.924  -0.771  -38.150 0.5555555820
99289  -21.114  -0.526  -37.592 0.5555555820
98292  -21.427  -1.400  -37.695 0.5555555820
99315  -22.165  -0.529  -38.600 0.6666666865
98304  -22.031  -1.517  -38.337 0.7777777910
98317  -22.721  -1.658  -38.890 0.7777777910
99290  -24.284  0.077  -38.152 0.6666666865
101216  -21.947  0.754  -39.164 0.6666666865
101218  -22.734  0.667  -38.990 0.7777777910
102104  -26.486  2.275  -37.248 0.6666666865
102102  -24.399  2.393  -37.616 0.6666666865
94993  -20.617  -4.517  -36.436 0.4444444478
98285  -20.411  -1.509  -36.489 0.3333333433
93897  -20.665  -5.509  -35.917 0.4444444478
101219  -27.985  0.947  -39.471 0.3333333433
103087  -27.424  3.048  -39.444 0.3333333433
84162  -27.966  -14.464  -38.697 0.6666666865
80910  -22.841  -17.500  -34.798 0.4444444478
79913  -23.480  -18.111  -34.991 0.5555555820
82999  -21.938  -15.573  -34.948 0.4444444478
90881  -29.216  -8.460  -40.313 0.6666666865
86494  -22.294  -12.549  -36.017 0.7777777910
89784  -21.213  -9.354  -35.902 0.3333333433
92809  -20.603  -6.411  -35.385 0.4444444478
94978  -20.275  -4.852  -35.720 0.3333333433
104125  -26.799  4.188  -38.310 0.6666666865
104126  -27.196  3.669  -38.927 0.4444444478
79932  -28.196  -18.771  -36.331 0.4444444478
80911  -29.575  -18.075  -34.801 0.2222222239
79929  -25.367  -18.433  -36.296 0.4444444478
79930  -26.240  -18.540  -36.647 0.4444444478
80944  -25.630  -17.560  -36.665 0.4444444478
80945  -26.552  -17.676  -37.086 0.4444444478
80946  -27.523  -17.925  -37.058 0.4444444478
80969  -28.569  -16.935  -37.411 0.4444444478
81956  -29.675  -17.229  -36.016 0.2222222239
81975  -26.573  -16.866  -37.382 0.4444444478
81999  -27.122  -16.397  -37.598 0.4444444478
80968  -27.777  -17.111  -37.400 0.4444444478
81977  -30.100  -15.919  -36.704 0.1111111119
82000  -28.064  -16.264  -37.805 0.4444444478
82001  -28.879  -16.229  -38.079 0.3333333433
81998  -26.361  -16.236  -37.461 0.4444444478
82013  -29.241  -15.835  -38.414 0.3333333433
83054  -27.582  -15.507  -37.919 0.4444444478
83056  -28.918  -15.746  -38.534 0.3333333433
84165  -29.909  -14.446  -38.374 0.2222222239
84146  -30.275  -14.282  -37.860 0.1111111119
85324  -30.523  -13.504  -37.368 0.1111111119
84164  -29.387  -14.388  -38.673 0.3333333433
85342  -28.287  -13.409  -38.908 0.4444444478
86544  -28.609  -12.260  -38.997 0.5555555820
87661  -30.011  -11.648  -38.390 0.4444444478
87679  -28.412  -11.533  -39.435 0.6666666865
88741  -30.683  -10.131  -38.111 0.3333333433
88770  -28.802  -10.624  -39.528 0.6666666865
88753  -29.586  -10.133  -39.192 0.5555555820
89828  -29.278  -9.408  -39.860 0.5555555820
89813  -30.016  -9.117  -39.348 0.5555555820
89814  -30.287  -9.619  -38.703 0.4444444478
90849  -30.215  -8.568  -39.378 0.3333333433
91802  -30.340  -7.605  -38.764 0.4444444478
91801  -29.870  -7.432  -39.039 0.5555555820
90866  -30.237  -8.212  -39.308 0.4444444478
103069  -23.831  3.367  -37.551 0.5555555820
104116  -23.115  4.225  -37.456 0.5555555820
104117  -24.175  4.342  -37.341 0.5555555820
105093  -26.330  4.869  -37.969 0.5555555820
79931  -27.160  -18.684  -36.722 0.4444444478
80927  -29.433  -17.945  -35.529 0.2222222239
82002  -29.651  -16.068  -37.741 0.2222222239
83074  -30.141  -14.875  -38.199 0.2222222239
83058  -30.330  -14.960  -37.622 0.1111111119
85344  -29.866  -13.451  -38.197 0.4444444478
85343  -28.980  -13.419  -38.665 0.4444444478
87660  -29.193  -11.338  -38.986 0.6666666865
92847  -30.316  -6.522  -38.410 0.4444444478
95026  -30.140  -4.679  -38.220 0.4444444478
105090  -23.409  5.232  -37.364 0.5555555820
81974  -25.823  -16.617  -37.127 0.4444444478
87662  -30.490  -11.591  -38.109 0.2222222239
77648  -26.440  -20.406  -35.986 0.4444444478
77665  -27.528  -20.137  -36.106 0.4444444478
78837  -28.316  -19.638  -35.582 0.4444444478
79917  -28.822  -18.821  -35.559 0.2222222239
79897  -29.324  -18.653  -34.605 0.2222222239
79883  -29.881  -18.409  -33.755 0.1111111119
79915  -24.892  -18.733  -35.943 0.4444444478
78851  -26.061  -19.367  -36.267 0.4444444478
80928  -29.820  -17.355  -35.452 0.1111111119
81957  -30.178  -16.607  -35.563 0.1111111119
79898  -29.666  -18.167  -34.440 0.1111111119
83000  -30.867  -15.815  -34.846 0.1111111119
83032  -30.451  -15.106  -36.800 0.1111111119
85283  -31.186  -13.848  -36.035 0.1111111119
85304  -31.297  -12.815  -36.191 0.1111111119
86510  -30.905  -12.752  -36.876 0.1111111119
87642  -30.832  -11.614  -37.711 0.2222222239
89801  -30.862  -9.149  -38.123 0.1111111119
88755  -30.572  -11.066  -38.134 0.2222222239
90850  -30.558  -8.495  -38.702 0.2222222239
91803  -30.892  -7.527  -38.226 0.2222222239
92848  -30.665  -7.027  -38.278 0.3333333433
93938  -30.295  -5.486  -38.169 0.4444444478
96235  -30.006  -3.867  -38.255 0.4444444478
98291  -20.896  -1.421  -37.184 0.4444444478
100266  -28.442  0.112  -38.702 0.3333333433
105091  -24.520  5.326  -37.227 0.5555555820
105092  -25.678  5.593  -37.560 0.5555555820
105089  -22.356  5.064  -37.375 0.5555555820
79928  -24.677  -18.106  -35.962 0.4444444478
84145  -27.848  -15.027  -38.310 0.5555555820
86562  -28.317  -12.047  -39.279 0.6666666865
90865  -30.078  -8.493  -39.970 0.5555555820
101208  -28.140  0.602  -38.756 0.3333333433
83071  -28.553  -14.950  -38.830 0.3333333433
83055  -28.396  -15.444  -38.429 0.3333333433
79933  -28.863  -18.207  -36.271 0.4444444478
80947  -28.348  -17.744  -36.880 0.4444444478
78850  -25.354  -19.173  -36.082 0.4444444478
78852  -26.799  -19.353  -36.449 0.4444444478
80967  -27.087  -17.249  -37.409 0.4444444478
80948  -29.158  -17.417  -36.676 0.4444444478
80970  -29.200  -16.720  -37.392 0.4444444478
81976  -29.641  -16.667  -36.702 0.1111111119
83014  -30.550  -15.429  -35.836 0.1111111119
83073  -29.753  -15.058  -38.573 0.3333333433
83072  -29.100  -15.275  -38.834 0.3333333433
83057  -30.032  -15.429  -38.100 0.2222222239
82003  -30.150  -15.538  -37.440 0.2222222239
84125  -30.558  -14.313  -37.029 0.1111111119
86526  -30.521  -12.549  -37.670 0.1111111119
85303  -31.004  -13.600  -36.456 0.1111111119
84163  -28.701  -14.384  -38.848 0.3333333433
86545  -29.395  -12.425  -38.546 0.4444444478
86546  -30.024  -12.417  -38.170 0.4444444478
87641  -30.429  -11.988  -38.072 0.3333333433
88754  -30.043  -10.662  -38.606 0.4444444478
78853  -27.609  -19.579  -36.235 0.4444444478
79916  -28.495  -19.141  -35.740 0.4444444478
105078  -22.611  6.030  -37.069 0.5555555820
86527  -31.001  -12.050  -37.162 0.2222222239
77663  -26.611  -19.791  -36.250 0.4444444478
78822  -28.682  -19.606  -34.858 0.2222222239
78835  -24.901  -19.465  -35.716 0.4444444478
80912  -29.993  -17.611  -34.656 0.1111111119
69762  -28.833  -26.912  -32.475 0.1111111119
73275  -25.892  -24.536  -34.718 0.3333333433
72104  -28.138  -25.673  -34.379 0.2222222239
70903  -28.471  -26.374  -33.125 0.2222222239
72089  -28.910  -25.314  -33.126 0.1111111119
75420  -24.064  -22.538  -33.908 0.3333333433
74345  -24.834  -23.552  -34.272 0.3333333433
73263  -25.271  -24.650  -34.280 0.3333333433
74359  -26.833  -23.491  -35.017 0.3333333433
73277  -27.370  -24.370  -35.047 0.3333333433
72120  -28.169  -25.091  -34.432 0.2222222239
73278  -28.096  -24.340  -34.357 0.2222222239
72105  -28.370  -25.137  -33.910 0.2222222239
73264  -28.652  -24.467  -33.437 0.2222222239
77620  -22.777  -20.217  -33.615 0.2222222239
76546  -23.385  -21.024  -33.827 0.2222222239
76534  -23.517  -21.781  -33.720 0.2222222239
75432  -24.765  -22.418  -34.533 0.3333333433
74357  -25.246  -22.964  -34.649 0.3333333433
74358  -25.848  -23.506  -34.771 0.3333333433
78819  -23.005  -19.431  -34.088 0.2222222239
77632  -23.576  -20.351  -34.245 0.3333333433
78820  -23.708  -19.486  -34.639 0.3333333433
76548  -24.919  -21.560  -34.875 0.3333333433
77646  -24.730  -20.007  -35.412 0.3333333433
77634  -25.088  -21.038  -35.149 0.3333333433
76559  -25.554  -21.555  -35.232 0.3333333433
75435  -27.202  -22.449  -34.967 0.3333333433
75447  -26.598  -21.998  -35.270 0.3333333433
76550  -27.811  -21.666  -34.671 0.3333333433
75421  -28.266  -22.309  -33.849 0.3333333433
75422  -28.792  -22.702  -33.206 0.1111111119
79895  -23.031  -18.455  -34.418 0.2222222239
79896  -23.772  -18.777  -34.943 0.3333333433
78834  -24.290  -19.452  -35.223 0.3333333433
76560  -26.191  -21.368  -35.543 0.3333333433
76561  -27.158  -21.498  -35.502 0.3333333433
77649  -27.381  -20.623  -35.995 0.3333333433
76535  -28.265  -21.663  -34.005 0.3333333433
76536  -28.748  -21.590  -33.427 0.1111111119
79894  -22.461  -18.142  -33.829 0.3333333433
79914  -24.189  -18.452  -35.519 0.3333333433
78836  -25.639  -19.783  -35.913 0.3333333433
76562  -27.781  -20.937  -35.439 0.3333333433
77650  -27.876  -20.249  -35.762 0.3333333433
78821  -28.428  -19.879  -35.122 0.3333333433
92831  -30.673  -6.251  -37.948 0.2222222239
93916  -30.687  -5.770  -37.800 0.2222222239
97300  -30.182  -2.791  -37.960 0.2222222239
72117  -26.302  -24.980  -34.976 0.3333333433
72119  -27.805  -25.143  -34.833 0.3333333433
70918  -28.408  -25.859  -33.756 0.2222222239
73249  -29.265  -24.449  -32.942 0.1111111119
76547  -24.085  -21.463  -34.322 0.3333333433
75434  -26.351  -22.647  -35.077 0.3333333433
74360  -27.546  -23.517  -34.674 0.3333333433
75436  -27.801  -22.822  -34.303 0.3333333433
77633  -24.464  -20.495  -34.950 0.3333333433
77635  -28.300  -20.401  -34.919 0.3333333433
69761  -28.027  -27.076  -33.030 0.1111111119
68705  -28.531  -27.484  -32.334 0.1111111119
73262  -24.474  -24.560  -33.557 0.3333333433
72101  -25.071  -25.563  -33.927 0.3333333433
72102  -25.971  -25.557  -34.662 0.3333333433
70928  -27.133  -26.174  -34.772 0.3333333433
70917  -27.793  -26.588  -34.003 0.3333333433
69743  -29.218  -27.406  -32.035 0.1111111119
70904  -29.576  -26.297  -32.408 0.1111111119
78806  -22.460  -19.301  -33.627 0.2222222239
74348  -28.856  -23.325  -33.153 0.1111111119
75406  -29.339  -22.212  -32.782 0.1111111119
79881  -22.578  -18.776  -33.887 0.2222222239
76521  -29.284  -21.564  -32.880 0.1111111119
77621  -28.324  -21.110  -34.161 0.1111111119
77636  -28.572  -20.112  -34.580 0.1111111119
80898  -22.070  -17.527  -33.483 0.1111111119
95005  -30.783  -4.673  -37.642 0.2222222239
98309  -29.951  -1.632  -37.952 0.2222222239
98310  -30.477  -1.806  -37.721 0.2222222239
80909  -22.396  -17.489  -34.153 0.2222222239
96220  -30.614  -3.605  -37.760 0.2222222239
69763  -29.388  -26.920  -32.198 0.1111111119
70902  -28.125  -26.713  -33.400 0.1111111119
74346  -25.457  -24.070  -34.516 0.3333333433
72103  -26.633  -25.968  -34.834 0.3333333433
70929  -27.625  -25.867  -34.764 0.3333333433
74344  -23.983  -23.471  -33.405 0.2222222239
73276  -26.536  -24.387  -34.994 0.3333333433
74361  -27.956  -23.539  -34.267 0.2222222239
73265  -28.908  -23.806  -33.167 0.1111111119
74347  -28.374  -23.424  -33.680 0.1111111119
77647  -25.373  -20.528  -35.523 0.3333333433
75445  -25.714  -21.974  -35.161 0.3333333433
75433  -25.553  -22.340  -34.963 0.3333333433
75446  -26.005  -21.997  -35.239 0.3333333433
76549  -27.358  -21.857  -35.013 0.3333333433
77622  -28.770  -20.350  -33.979 0.1111111119
68704  -27.858  -27.848  -32.429 0.1111111119
69775  -27.549  -27.169  -33.521 0.2222222239
73261  -23.774  -24.203  -33.036 0.2222222239
70915  -25.565  -26.494  -34.172 0.3333333433
70916  -26.578  -26.624  -34.477 0.3333333433
75419  -23.194  -22.524  -33.187 0.2222222239
93917  -31.228  -5.233  -37.194 0.1111111119
94996  -31.565  -4.533  -36.444 0.1111111119
95006  -31.367  -4.312  -37.123 0.1111111119
96221  -31.166  -3.734  -37.336 0.1111111119
96212  -31.536  -3.450  -36.673 0.1111111119
97286  -30.723  -2.857  -37.674 0.1111111119
97274  -31.461  -2.503  -36.541 0.1111111119
97287  -31.202  -2.723  -37.298 0.1111111119
97301  -30.766  -2.364  -37.641 0.1111111119
98297  -30.958  -1.706  -37.356 0.1111111119
99320  -28.806  -0.294  -38.619 0.1111111119
101220  -28.352  0.437  -39.155 0.1111111119
99321  -29.344  -0.421  -38.663 0.1111111119
100278  -28.747  0.146  -39.593 0.1111111119
104106  -21.018  4.643  -36.617 0.4444444478
101228  -27.654  1.113  -40.574 0.1111111119
104130  -26.987  4.162  -39.396 0.3333333433
103086  -27.199  3.588  -39.568 0.2222222239
103095  -27.295  2.612  -40.497 0.1111111119
102128  -27.317  1.847  -40.882 0.1111111119
105079  -23.766  6.154  -37.072 0.4444444478
106033  -24.239  6.953  -36.672 0.4444444478
105080  -24.759  6.147  -36.985 0.4444444478
105081  -25.219  6.280  -37.147 0.4444444478
105100  -26.137  5.878  -38.204 0.4444444478
106062  -26.402  5.857  -39.444 0.4444444478
105108  -26.627  5.068  -39.823 0.2222222239
104138  -26.755  4.202  -40.563 0.2222222239
103104  -26.845  3.058  -41.318 0.2222222239
106990  -22.889  8.080  -43.272 0.1111111119
106082  -24.892  6.253  -43.579 0.1111111119
103113  -26.164  3.341  -42.599 0.1111111119
105077  -21.429  5.489  -36.535 0.4444444478
106031  -22.108  6.658  -36.356 0.4444444478
106032  -23.126  6.848  -36.502 0.4444444478
106042  -24.901  7.168  -36.952 0.4444444478
106935  -25.067  7.675  -37.622 0.4444444478
106936  -25.474  7.097  -37.932 0.4444444478
106052  -25.856  6.518  -38.175 0.4444444478
106061  -26.127  6.658  -39.144 0.4444444478
107883  -24.763  8.453  -38.225 0.3333333433
106954  -25.758  7.350  -39.743 0.3333333433
106069  -26.112  6.333  -40.382 0.1111111119
105115  -26.137  5.769  -41.385 0.1111111119
105116  -26.459  5.211  -40.848 0.2222222239
105122  -26.174  5.087  -41.708 0.1111111119
105121  -25.811  5.519  -42.266 0.1111111119
105070  -20.997  6.000  -35.643 0.2222222239
106928  -24.565  7.821  -36.624 0.3333333433
106945  -25.582  7.472  -38.601 0.4444444478
107893  -24.844  8.633  -39.187 0.2222222239
107894  -25.325  8.035  -39.464 0.2222222239
106967  -25.424  7.410  -40.768 0.2222222239
106979  -25.092  7.317  -41.804 0.1111111119
108948  -24.366  9.296  -39.678 0.1111111119
107909  -24.703  8.408  -40.445 0.1111111119
106078  -25.053  6.634  -42.763 0.1111111119
108962  -24.140  9.240  -40.473 0.1111111119
107938  -24.161  8.166  -41.871 0.1111111119
106978  -24.503  7.760  -41.866 0.1111111119
106926  -22.604  7.339  -35.971 0.3333333433
106916  -22.505  8.000  -35.290 0.3333333433
106927  -23.601  7.844  -35.885 0.3333333433
107874  -24.501  8.683  -37.249 0.2222222239
108941  -24.379  9.228  -38.635 0.2222222239
108961  -23.487  9.480  -41.135 0.1111111119
138320  -23.790  8.418  -42.092 0.1111111119
108975  -21.882  9.782  -43.072 0.1111111119
106902  -21.971  7.884  -33.802 0.1111111119
107853  -22.481  8.656  -34.621 0.1111111119
106917  -23.261  8.617  -35.324 0.2222222239
107858  -23.313  9.324  -35.236 0.2222222239
107865  -24.254  8.569  -36.304 0.3333333433
107864  -23.788  9.118  -35.791 0.3333333433
108930  -23.700  10.077  -36.457 0.2222222239
108933  -23.897  9.797  -37.730 0.1111111119
109859  -23.359  11.040  -37.234 0.1111111119
108940  -23.828  10.014  -39.129 0.1111111119
108947  -23.765  9.852  -40.165 0.1111111119
109914  -23.208  10.120  -40.553 0.1111111119
109913  -22.505  10.599  -41.076 0.1111111119
138323  -23.461  8.908  -41.962 0.1111111119
106080  -22.838  7.498  -44.114 0.1111111119
107849  -22.313  8.793  -34.014 0.1111111119
108916  -22.479  9.696  -33.470 0.1111111119
108921  -22.632  9.606  -34.336 0.1111111119
109823  -23.180  10.767  -35.170 0.1111111119
109839  -23.210  10.975  -36.068 0.1111111119
110772  -22.942  12.158  -37.969 0.1111111119
109884  -23.148  11.117  -38.717 0.1111111119
110792  -22.631  11.973  -38.839 0.1111111119
109900  -22.687  11.416  -39.886 0.1111111119
109806  -22.677  10.261  -33.211 0.1111111119
109807  -23.086  10.652  -32.767 0.1111111119
109812  -23.192  11.153  -33.588 0.1111111119
110741  -23.232  11.237  -34.670 0.1111111119
110742  -23.380  11.852  -35.417 0.1111111119
110760  -23.388  12.065  -36.675 0.1111111119
110712  -23.620  11.354  -33.253 0.1111111119
109808  -23.888  11.181  -32.608 0.1111111119
110723  -23.710  11.874  -34.254 0.1111111119
96199  -31.622  -3.733  -35.737 0.1111111119
99309  -30.245  -1.283  -37.754 0.1111111119
99308  -30.171  -0.621  -38.048 0.1111111119
105088  -21.770  4.807  -37.279 0.4444444478
105101  -26.523  5.255  -38.614 0.4444444478
103094  -27.130  3.461  -40.141 0.1111111119
104146  -26.261  4.205  -41.797 0.2222222239
106074  -25.727  6.562  -41.606 0.1111111119
104160  -25.353  4.685  -43.696 0.1111111119
106985  -23.877  7.747  -42.561 0.1111111119
108926  -23.388  10.040  -35.571 0.2222222239
109811  -22.745  10.504  -33.712 0.1111111119
111594  -23.787  12.656  -35.234 0.1111111119
96183  -31.865  -3.934  -34.883 0.1111111119
98320  -29.785  -0.898  -38.116 0.2222222239
100277  -28.104  0.483  -40.338 0.1111111119
106034  -24.933  6.653  -36.948 0.4444444478
108904  -22.524  9.572  -32.956 0.1111111119
108905  -22.927  9.578  -32.412 0.1111111119
110722  -23.138  11.077  -34.121 0.1111111119
94981  -31.888  -4.823  -35.512 0.1111111119
92832  -31.035  -6.479  -37.647 0.1111111119
93900  -31.656  -5.706  -36.324 0.1111111119
94966  -32.057  -4.504  -35.041 0.1111111119
97242  -31.538  -2.938  -35.022 0.1111111119
98276  -31.367  -1.967  -36.000 0.1111111119
99296  -30.524  -1.067  -37.527 0.1111111119
100280  -30.177  0.245  -38.757 0.1111111119
100289  -29.296  0.388  -40.485 0.1111111119
104114  -21.414  4.262  -37.219 0.4444444478
100288  -28.577  0.436  -40.703 0.1111111119
101234  -27.003  1.776  -41.930 0.1111111119
100296  -27.977  0.972  -41.502 0.1111111119
102145  -26.785  2.689  -42.953 0.1111111119
103120  -25.705  3.562  -43.723 0.1111111119
106030  -21.421  6.570  -35.791 0.2222222239
106925  -21.949  7.247  -35.795 0.2222222239
104167  -25.360  4.656  -44.564 0.1111111119
106906  -21.423  7.126  -34.453 0.1111111119
106081  -23.904  6.893  -43.837 0.1111111119
106086  -23.287  6.602  -45.279 0.1111111119
106901  -21.497  6.917  -33.561 0.1111111119
106897  -21.981  7.721  -32.823 0.1111111119
107845  -22.650  8.879  -32.430 0.1111111119
138321  -22.388  8.480  -44.285 0.1111111119
108889  -23.391  9.260  -31.594 0.1111111119
108890  -23.833  9.711  -31.244 0.1111111119
110771  -22.707  12.597  -38.918 0.1111111119
110791  -22.479  12.273  -39.691 0.1111111119
110825  -21.748  11.648  -41.825 0.1111111119
110834  -21.735  11.566  -42.771 0.1111111119
109794  -23.977  10.503  -31.838 0.1111111119
111616  -23.652  13.196  -36.136 0.1111111119
111627  -23.397  13.175  -37.378 0.1111111119
97260  -31.475  -2.736  -35.850 0.1111111119
98286  -31.283  -1.740  -36.682 0.1111111119
98319  -29.615  -0.736  -38.327 0.1111111119
100279  -29.670  0.235  -39.465 0.1111111119
100287  -27.963  0.696  -41.075 0.1111111119
103105  -27.127  2.358  -41.079 0.1111111119
101235  -27.481  1.365  -41.586 0.1111111119
106070  -26.421  5.629  -40.118 0.2222222239
106984  -23.281  8.483  -42.483 0.1111111119
105127  -25.337  5.508  -43.236 0.1111111119
106077  -24.359  7.172  -42.904 0.1111111119
105133  -24.945  5.767  -44.228 0.1111111119
103121  -26.215  3.049  -43.318 0.1111111119
104154  -25.937  3.866  -42.341 0.2222222239
106944  -25.153  7.931  -38.282 0.3333333433
104153  -25.664  4.262  -42.711 0.2222222239
107910  -25.376  7.856  -40.113 0.2222222239
106966  -24.816  7.788  -41.224 0.1111111119
138322  -24.042  8.653  -41.396 0.1111111119
106915  -21.601  7.286  -35.209 0.1111111119
107873  -24.075  9.264  -36.660 0.2222222239
108934  -24.336  9.006  -37.948 0.1111111119
108960  -22.559  9.273  -42.454 0.1111111119
138318  -22.366  8.707  -43.355 0.1111111119
109926  -21.899  10.547  -42.404 0.1111111119
106907  -22.020  7.970  -34.608 0.1111111119
107857  -22.947  8.967  -34.846 0.1111111119
109901  -23.193  10.552  -39.913 0.1111111119
107844  -22.279  8.864  -33.017 0.1111111119
109822  -22.941  10.536  -34.492 0.1111111119
108925  -23.041  9.884  -34.935 0.1111111119
109883  -22.651  11.706  -39.239 0.1111111119
108917  -22.665  10.000  -32.942 0.1111111119
102135  -26.767  2.381  -42.129 0.1111111119
111635  -23.140  13.107  -38.556 0.1111111119
111617  -24.045  13.238  -35.572 0.1111111119
108906  -23.476  9.877  -31.835 0.1111111119
99322  -29.842  -0.406  -38.628 0.1111111119
102154  -26.016  3.147  -44.519 0.1111111119
105140  -24.654  5.709  -45.180 0.1111111119
105132  -24.000  6.055  -44.763 0.1111111119
110809  -22.117  11.971  -40.770 0.1111111119
112446  -23.511  14.402  -36.888 0.1111111119
70914  -24.859  -26.484  -33.641 0.2222222239
88709  -21.560  -11.190  -35.642 0.2222222239
88708  -21.321  -10.582  -35.407 0.2222222239
104113  -20.908  3.967  -36.846 0.2222222239
105069  -20.458  5.332  -35.209 0.1111111119
99279  -20.183  -0.556  -36.164 0.2222222239
86469  -21.896  -12.967  -35.281 0.2222222239
104105  -20.847  4.261  -36.034 0.1111111119
105068  -19.985  4.828  -34.715 0.1111111119
105057  -19.815  5.547  -34.523 0.1111111119
106023  -20.069  6.009  -34.612 0.1111111119
84087  -21.471  -14.700  -34.593 0.2222222239
91768  -20.718  -7.314  -35.612 0.2222222239
90813  -20.496  -7.853  -35.263 0.1111111119
105076  -20.955  4.952  -36.102 0.3333333433
86493  -21.723  -12.283  -35.375 0.2222222239
103058  -20.751  3.165  -35.916 0.1111111119
104096  -20.659  4.461  -35.009 0.1111111119
102080  -20.660  1.821  -35.814 0.1111111119
103044  -21.060  3.144  -35.669 0.1111111119
69773  -26.006  -27.418  -33.825 0.1111111119
70900  -23.367  -26.445  -32.481 0.1111111119
72087  -23.562  -25.593  -32.780 0.1111111119
73247  -23.834  -24.908  -33.071 0.1111111119
74331  -23.270  -23.561  -32.889 0.1111111119
75405  -22.844  -23.050  -32.788 0.1111111119
82998  -21.327  -15.625  -34.269 0.1111111119
94977  -19.757  -4.555  -35.168 0.2222222239
94992  -20.133  -4.200  -35.898 0.2222222239
96177  -19.534  -3.843  -34.530 0.2222222239
70899  -22.751  -26.542  -32.160 0.1111111119
69758  -25.008  -27.552  -33.345 0.1111111119
69774  -27.034  -27.305  -33.838 0.1111111119
72086  -22.552  -25.530  -32.349 0.1111111119
73245  -22.275  -24.431  -32.292 0.1111111119
74330  -22.602  -23.605  -32.569 0.1111111119
75404  -22.321  -22.507  -32.599 0.1111111119
75418  -22.676  -21.937  -32.953 0.1111111119
76533  -22.903  -21.329  -33.269 0.1111111119
82985  -21.060  -15.732  -33.426 0.1111111119
84070  -21.059  -14.726  -33.795 0.1111111119
86468  -21.456  -12.674  -34.529 0.1111111119
87582  -21.314  -11.453  -34.709 0.1111111119
94960  -19.113  -4.706  -34.481 0.2222222239
97237  -19.867  -2.814  -34.667 0.2222222239
97253  -19.881  -2.680  -35.230 0.1111111119
69757  -23.918  -27.502  -32.522 0.1111111119
93881  -19.505  -5.219  -34.673 0.2222222239
77619  -22.311  -20.512  -32.993 0.1111111119
78805  -22.060  -19.533  -33.030 0.1111111119
79880  -22.164  -18.525  -33.313 0.1111111119
81939  -21.444  -16.324  -33.894 0.1111111119
72088  -24.334  -25.605  -33.297 0.1111111119
69772  -25.315  -27.030  -33.818 0.1111111119
87608  -21.439  -11.640  -35.244 0.1111111119
70901  -24.201  -26.522  -32.953 0.1111111119
73246  -23.107  -24.553  -32.706 0.1111111119
84046  -21.108  -14.878  -32.687 0.1111111119
85262  -21.342  -13.897  -34.235 0.1111111119
138180  -19.988  -2.263  -34.421 0.1111111119
98267  -19.861  -1.880  -34.918 0.1111111119
93866  -19.798  -5.742  -34.438 0.1111111119
99278  -19.973  -0.492  -35.571 0.1111111119
101182  -20.064  1.069  -36.175 0.1111111119
68715  -26.712  -27.815  -33.445 0.1111111119
72118  -26.924  -25.359  -35.102 0.3333333433
73248  -28.934  -24.747  -33.152 0.1111111119
77664  -27.085  -20.010  -36.239 0.4444444478
78838  -28.561  -19.289  -35.431 0.4444444478
82014  -29.582  -15.594  -38.428 0.3333333433
84107  -30.963  -14.375  -36.034 0.1111111119
87658  -27.610  -12.067  -39.130 1.0000000000
87659  -28.722  -11.625  -39.233 0.6666666865
87678  -27.784  -11.568  -39.454 0.8888888955
87680  -28.758  -11.308  -39.337 0.6666666865
91817  -30.101  -7.854  -39.493 0.4444444478
92844  -22.343  -5.929  -38.166 0.6666666865
92876  -28.403  -7.357  -40.204 0.7777777910
95039  -23.558  -3.893  -39.455 1.0000000000
96176  -18.927  -4.371  -34.208 0.1111111119
96248  -23.734  -3.519  -39.686 1.0000000000
96260  -24.095  -3.576  -39.869 1.0000000000
96261  -24.452  -3.690  -39.833 1.0000000000
96276  -24.235  -3.354  -39.953 1.0000000000
97297  -27.702  -2.837  -37.903 0.6666666865
97311  -23.206  -2.603  -39.374 1.0000000000
97312  -23.558  -3.067  -39.625 1.0000000000
97340  -24.148  -3.213  -40.010 1.0000000000
97341  -24.327  -3.031  -40.081 1.0000000000
97342  -24.648  -3.001  -39.986 1.0000000000
98307  -28.531  -1.416  -37.835 0.5555555820
99329  -23.136  -1.208  -39.004 0.8888888955
99331  -23.952  -1.651  -39.606 0.8888888955
99332  -24.174  -1.902  -39.684 0.8888888955
100275  -22.697  0.187  -38.759 0.7777777910
101205  -22.903  1.253  -39.034 0.7777777910
101217  -22.442  0.761  -39.154 0.7777777910
101236  -28.160  1.411  -41.791 0.1111111119
102136  -27.047  2.060  -41.510 0.1111111119
103112  -25.772  3.639  -43.009 0.2222222239
104131  -27.213  3.631  -39.320 0.2222222239
104145  -25.909  4.735  -42.090 0.1111111119
106043  -25.314  6.709  -37.439 0.4444444478
106053  -26.263  6.057  -38.684 0.4444444478
106085  -23.048  7.011  -44.494 0.1111111119
106986  -24.593  7.352  -42.395 0.1111111119
107884  -25.176  8.131  -38.735 0.2222222239
107908  -24.109  8.954  -40.864 0.1111111119
107926  -24.434  8.140  -41.343 0.1111111119
109793  -23.324  10.201  -32.173 0.1111111119
138324  -22.179  9.169  -43.416 0.1111111119
