#!ascii label  , from subject sub-01 vox2ras=TkReg
622
17909  -43.002  -75.201  -23.433 0.0000000000
19109  -40.303  -73.913  -33.543 0.0000000000
18979  -47.485  -74.620  -26.621 0.0000000000
20076  -38.747  -73.383  -27.323 0.0000000000
19050  -47.631  -74.788  -30.863 0.0000000000
23295  -49.079  -70.641  -21.300 0.0000000000
25369  -48.064  -68.569  -25.585 0.0000000000
28706  -46.044  -65.787  -20.687 0.0000000000
23337  -45.750  -71.340  -28.479 0.0000000000
19012  -46.720  -75.168  -28.587 0.0000000000
22341  -46.261  -71.530  -30.604 0.0000000000
24330  -51.798  -70.151  -25.268 0.0000000000
25327  -50.838  -68.451  -22.935 0.0000000000
31030  -42.232  -63.900  -21.140 0.0000000000
28740  -42.800  -66.288  -22.524 0.0000000000
15031  -41.777  -78.148  -27.009 0.0000000000
20141  -38.446  -73.488  -30.644 0.0000000000
16951  -37.218  -76.180  -30.772 0.0000000000
18063  -36.410  -75.761  -33.560 0.0000000000
22271  -44.643  -71.863  -24.234 0.0000000000
18947  -40.489  -74.291  -24.962 0.0000000000
20122  -42.428  -73.765  -29.180 0.0000000000
20174  -44.092  -74.371  -31.620 0.0000000000
21193  -48.957  -72.578  -24.416 0.0000000000
22292  -49.008  -71.278  -26.643 0.0000000000
25394  -44.668  -68.833  -27.226 0.0000000000
27513  -49.986  -66.419  -20.536 0.0000000000
27582  -46.961  -68.046  -23.000 0.0000000000
27606  -43.374  -67.150  -25.310 0.0000000000
28797  -43.365  -65.949  -28.083 0.0000000000
16941  -39.871  -76.933  -29.044 0.0000000000
22432  -46.448  -71.804  -36.352 0.0000000000
20298  -42.705  -73.802  -36.324 0.0000000000
17079  -41.803  -76.448  -38.659 0.0000000000
23354  -44.794  -70.168  -29.804 0.0000000000
22340  -45.593  -71.563  -30.167 0.0000000000
16899  -42.160  -76.829  -24.922 0.0000000000
20200  -39.109  -73.786  -32.265 0.0000000000
19067  -37.205  -74.192  -31.635 0.0000000000
19107  -38.314  -74.651  -33.647 0.0000000000
18075  -36.884  -75.877  -34.611 0.0000000000
18077  -38.844  -75.016  -34.701 0.0000000000
20052  -46.359  -73.336  -25.286 0.0000000000
20051  -45.039  -73.819  -25.888 0.0000000000
18005  -46.585  -75.797  -29.781 0.0000000000
19011  -44.522  -75.494  -28.451 0.0000000000
18023  -45.354  -76.001  -29.919 0.0000000000
20173  -43.283  -74.159  -30.810 0.0000000000
18042  -46.299  -75.619  -31.457 0.0000000000
22262  -47.396  -71.463  -23.225 0.0000000000
22263  -48.501  -71.261  -23.074 0.0000000000
24328  -50.206  -69.604  -25.706 0.0000000000
23320  -50.335  -70.773  -26.307 0.0000000000
25381  -48.533  -69.187  -26.103 0.0000000000
24355  -46.626  -70.025  -27.302 0.0000000000
25379  -46.597  -68.723  -26.444 0.0000000000
28708  -48.088  -66.168  -20.745 0.0000000000
27564  -48.246  -67.570  -21.938 0.0000000000
27538  -46.040  -66.586  -21.244 0.0000000000
29927  -41.690  -64.636  -24.782 0.0000000000
27596  -42.979  -66.920  -24.150 0.0000000000
27605  -42.482  -66.387  -25.188 0.0000000000
27611  -42.702  -66.731  -26.236 0.0000000000
20046  -39.489  -73.819  -25.897 0.0000000000
17946  -39.645  -75.490  -26.531 0.0000000000
17962  -38.789  -75.390  -27.747 0.0000000000
16018  -39.081  -77.905  -31.943 0.0000000000
24507  -45.993  -69.008  -36.386 0.0000000000
20301  -45.331  -72.966  -36.825 0.0000000000
18123  -43.199  -74.784  -38.622 0.0000000000
21239  -47.155  -73.330  -27.781 0.0000000000
17966  -47.199  -75.181  -27.196 0.0000000000
20104  -46.745  -74.143  -28.368 0.0000000000
20124  -46.228  -73.394  -29.661 0.0000000000
20148  -46.955  -73.805  -30.356 0.0000000000
22266  -52.118  -71.257  -23.892 0.0000000000
25360  -51.645  -68.954  -24.600 0.0000000000
26433  -49.077  -68.411  -24.437 0.0000000000
29882  -43.479  -64.997  -20.784 0.0000000000
28728  -43.873  -66.348  -21.728 0.0000000000
29902  -42.062  -64.545  -21.754 0.0000000000
28754  -41.350  -64.639  -23.655 0.0000000000
31088  -42.297  -63.343  -24.936 0.0000000000
20118  -38.586  -73.298  -29.640 0.0000000000
17980  -37.995  -75.250  -28.947 0.0000000000
19024  -37.212  -74.323  -30.024 0.0000000000
16965  -36.453  -76.460  -32.094 0.0000000000
15110  -36.325  -78.406  -33.644 0.0000000000
16042  -35.544  -77.598  -34.623 0.0000000000
17036  -36.403  -77.103  -35.952 0.0000000000
16078  -37.344  -77.834  -37.575 0.0000000000
21173  -43.653  -72.310  -23.253 0.0000000000
18949  -41.876  -74.623  -24.048 0.0000000000
21205  -41.228  -72.670  -25.534 0.0000000000
21220  -40.451  -72.622  -26.620 0.0000000000
18976  -44.765  -74.842  -26.670 0.0000000000
20101  -42.761  -73.775  -28.298 0.0000000000
21262  -40.639  -72.752  -28.153 0.0000000000
20144  -41.300  -73.572  -30.239 0.0000000000
20171  -41.042  -73.637  -31.197 0.0000000000
20229  -42.416  -73.539  -33.205 0.0000000000
22250  -44.946  -71.715  -22.781 0.0000000000
21191  -46.968  -72.241  -24.394 0.0000000000
20054  -48.686  -73.675  -25.565 0.0000000000
21212  -51.118  -72.141  -25.042 0.0000000000
20070  -50.209  -72.889  -26.068 0.0000000000
20084  -48.679  -73.420  -26.860 0.0000000000
23326  -47.177  -70.879  -27.248 0.0000000000
24374  -45.102  -70.088  -28.129 0.0000000000
24393  -43.830  -69.126  -28.690 0.0000000000
26381  -49.818  -67.609  -21.563 0.0000000000
26396  -49.065  -68.103  -22.514 0.0000000000
26430  -46.848  -68.082  -24.462 0.0000000000
27579  -43.741  -66.853  -22.746 0.0000000000
27598  -45.478  -67.773  -24.077 0.0000000000
26441  -45.613  -67.922  -25.693 0.0000000000
26451  -44.567  -67.940  -26.300 0.0000000000
26464  -43.302  -67.930  -27.473 0.0000000000
16897  -40.915  -76.038  -25.548 0.0000000000
15963  -40.873  -77.837  -28.184 0.0000000000
16953  -38.717  -76.902  -30.116 0.0000000000
16003  -40.083  -77.891  -31.276 0.0000000000
19093  -47.200  -74.939  -32.380 0.0000000000
19110  -45.485  -74.057  -33.350 0.0000000000
20249  -42.877  -73.363  -34.368 0.0000000000
20272  -44.335  -72.998  -35.605 0.0000000000
19128  -41.479  -73.828  -34.864 0.0000000000
18105  -40.492  -75.282  -36.418 0.0000000000
18119  -39.785  -76.385  -37.449 0.0000000000
25426  -44.271  -68.524  -29.913 0.0000000000
23372  -45.040  -69.876  -30.342 0.0000000000
15927  -42.523  -77.055  -24.806 0.0000000000
16860  -42.794  -75.779  -23.853 0.0000000000
20227  -40.293  -73.741  -32.910 0.0000000000
19089  -38.417  -74.160  -32.790 0.0000000000
19108  -39.446  -74.090  -33.261 0.0000000000
19125  -38.667  -74.899  -34.342 0.0000000000
19126  -39.402  -74.663  -34.569 0.0000000000
18961  -47.126  -74.284  -25.916 0.0000000000
18960  -46.172  -74.341  -25.987 0.0000000000
18978  -46.700  -74.890  -26.451 0.0000000000
18004  -46.003  -76.183  -29.353 0.0000000000
18024  -46.174  -75.981  -30.352 0.0000000000
18041  -45.539  -75.805  -30.834 0.0000000000
18026  -47.498  -75.236  -31.283 0.0000000000
22221  -48.274  -71.831  -20.697 0.0000000000
22254  -48.743  -70.729  -22.018 0.0000000000
22253  -47.626  -71.193  -22.222 0.0000000000
25370  -49.344  -68.779  -25.145 0.0000000000
25382  -49.340  -69.558  -25.958 0.0000000000
25380  -47.579  -68.900  -26.308 0.0000000000
25368  -47.103  -68.295  -25.869 0.0000000000
29884  -45.737  -64.722  -20.280 0.0000000000
29860  -46.642  -64.387  -20.051 0.0000000000
29885  -46.836  -65.155  -20.447 0.0000000000
29886  -47.639  -65.510  -20.461 0.0000000000
28707  -47.019  -66.191  -20.819 0.0000000000
27537  -45.486  -66.299  -20.979 0.0000000000
29939  -42.315  -64.432  -25.582 0.0000000000
28766  -42.007  -65.426  -25.018 0.0000000000
28773  -42.485  -65.620  -26.145 0.0000000000
29953  -42.778  -64.837  -26.310 0.0000000000
20061  -38.795  -73.797  -26.903 0.0000000000
18975  -38.826  -74.424  -26.913 0.0000000000
18991  -38.539  -74.649  -27.566 0.0000000000
21417  -45.148  -72.478  -37.836 0.0000000000
19186  -43.336  -74.578  -38.252 0.0000000000
20338  -43.659  -73.505  -38.813 0.0000000000
22312  -46.142  -71.812  -28.293 0.0000000000
21265  -46.331  -72.853  -28.424 0.0000000000
21287  -45.782  -72.396  -29.756 0.0000000000
20147  -46.265  -72.920  -30.173 0.0000000000
21301  -46.691  -72.548  -30.556 0.0000000000
25359  -50.525  -68.653  -24.450 0.0000000000
25347  -50.321  -68.450  -23.619 0.0000000000
31032  -43.929  -64.295  -20.301 0.0000000000
31031  -42.997  -64.026  -20.513 0.0000000000
29881  -42.565  -64.603  -21.056 0.0000000000
29880  -42.242  -64.373  -21.299 0.0000000000
31087  -41.773  -63.591  -24.547 0.0000000000
15964  -41.359  -78.405  -28.123 0.0000000000
20117  -37.800  -73.685  -29.912 0.0000000000
20140  -37.530  -73.778  -30.946 0.0000000000
19087  -36.686  -75.086  -32.755 0.0000000000
18039  -36.470  -75.487  -31.874 0.0000000000
18053  -36.351  -75.837  -32.649 0.0000000000
16031  -36.072  -77.500  -33.373 0.0000000000
16030  -35.674  -77.567  -33.999 0.0000000000
18090  -37.924  -76.075  -35.546 0.0000000000
17023  -36.102  -76.864  -35.381 0.0000000000
17025  -37.564  -76.543  -36.171 0.0000000000
16068  -36.878  -77.568  -36.908 0.0000000000
17038  -37.792  -76.809  -36.719 0.0000000000
22258  -44.060  -71.864  -23.927 0.0000000000
21172  -42.740  -72.627  -23.839 0.0000000000
21221  -41.175  -72.566  -26.409 0.0000000000
20064  -42.469  -72.885  -26.709 0.0000000000
17965  -46.600  -75.696  -27.807 0.0000000000
17948  -46.069  -75.706  -27.175 0.0000000000
17964  -45.915  -75.896  -27.632 0.0000000000
19010  -43.967  -74.840  -28.000 0.0000000000
20100  -41.674  -73.215  -28.334 0.0000000000
20120  -40.651  -73.113  -29.382 0.0000000000
20172  -42.136  -73.785  -31.108 0.0000000000
20204  -43.156  -73.770  -32.106 0.0000000000
20203  -41.793  -73.713  -32.140 0.0000000000
21176  -48.283  -71.940  -23.813 0.0000000000
22274  -46.889  -71.692  -23.786 0.0000000000
21192  -47.920  -72.519  -24.378 0.0000000000
20037  -47.353  -73.001  -24.853 0.0000000000
20039  -49.342  -73.173  -25.109 0.0000000000
22277  -52.392  -71.145  -24.357 0.0000000000
22276  -51.600  -71.626  -24.537 0.0000000000
22284  -51.576  -71.391  -25.231 0.0000000000
23319  -49.480  -70.651  -26.512 0.0000000000
22294  -50.577  -71.602  -26.216 0.0000000000
21224  -49.386  -71.976  -26.575 0.0000000000
20085  -49.274  -72.830  -26.601 0.0000000000
21241  -48.754  -72.264  -26.800 0.0000000000
22300  -47.887  -71.700  -27.089 0.0000000000
25395  -45.361  -69.165  -27.255 0.0000000000
24354  -45.677  -69.890  -27.664 0.0000000000
24353  -44.867  -69.521  -27.716 0.0000000000
24373  -44.453  -69.673  -28.496 0.0000000000
24352  -44.182  -69.093  -27.817 0.0000000000
27542  -50.266  -67.036  -20.885 0.0000000000
27563  -47.114  -67.738  -22.272 0.0000000000
26394  -47.276  -68.051  -22.910 0.0000000000
26416  -48.224  -68.285  -23.560 0.0000000000
26415  -47.225  -68.173  -23.554 0.0000000000
28741  -43.385  -66.398  -22.207 0.0000000000
27560  -44.167  -66.646  -22.077 0.0000000000
27597  -44.259  -67.407  -24.221 0.0000000000
26428  -45.079  -67.634  -24.958 0.0000000000
27607  -44.283  -67.493  -25.227 0.0000000000
26440  -44.771  -67.712  -25.693 0.0000000000
26439  -44.011  -67.533  -25.930 0.0000000000
27616  -42.738  -66.689  -27.232 0.0000000000
26449  -43.033  -67.366  -26.901 0.0000000000
27636  -42.866  -67.029  -27.958 0.0000000000
26486  -43.101  -67.656  -28.263 0.0000000000
18948  -41.248  -74.283  -24.406 0.0000000000
17936  -41.147  -75.587  -24.920 0.0000000000
17935  -40.621  -75.445  -25.378 0.0000000000
16917  -39.671  -76.220  -27.405 0.0000000000
16918  -40.386  -76.668  -27.066 0.0000000000
16927  -40.208  -77.002  -28.109 0.0000000000
15973  -40.532  -77.779  -29.309 0.0000000000
15972  -39.881  -77.293  -29.749 0.0000000000
16938  -37.630  -76.067  -30.075 0.0000000000
16939  -38.233  -76.241  -29.637 0.0000000000
16952  -38.033  -76.752  -30.494 0.0000000000
15097  -39.811  -78.171  -32.572 0.0000000000
16002  -39.277  -77.627  -31.256 0.0000000000
19094  -47.901  -74.803  -32.146 0.0000000000
19114  -48.262  -74.137  -32.407 0.0000000000
20232  -45.586  -73.752  -33.816 0.0000000000
20230  -43.651  -73.560  -33.386 0.0000000000
20250  -44.003  -73.232  -34.502 0.0000000000
20299  -43.799  -73.605  -36.859 0.0000000000
20300  -44.923  -73.033  -36.570 0.0000000000
20271  -43.307  -73.318  -35.540 0.0000000000
20297  -42.056  -73.949  -36.031 0.0000000000
19141  -40.419  -74.687  -35.433 0.0000000000
19162  -42.023  -74.531  -36.670 0.0000000000
17058  -41.117  -76.415  -38.114 0.0000000000
18120  -40.491  -76.059  -37.400 0.0000000000
17057  -40.242  -76.682  -37.974 0.0000000000
23336  -45.194  -70.726  -28.835 0.0000000000
22325  -45.418  -71.541  -29.540 0.0000000000
23355  -45.134  -70.962  -29.845 0.0000000000
23373  -45.540  -70.506  -30.513 0.0000000000
24411  -45.994  -69.826  -30.998 0.0000000000
31029  -41.918  -63.408  -21.606 0.0000000000
33203  -41.333  -62.226  -22.113 0.0000000000
15939  -41.656  -77.008  -25.717 0.0000000000
20169  -39.193  -73.552  -31.376 0.0000000000
20168  -38.387  -73.649  -31.578 0.0000000000
20199  -38.417  -73.898  -32.261 0.0000000000
19088  -37.507  -74.381  -32.556 0.0000000000
19105  -36.824  -75.176  -33.411 0.0000000000
18074  -36.192  -76.133  -34.194 0.0000000000
18064  -37.151  -75.253  -33.907 0.0000000000
18076  -38.113  -75.309  -34.455 0.0000000000
18091  -39.220  -75.284  -35.407 0.0000000000
21210  -45.743  -72.647  -25.004 0.0000000000
21209  -45.198  -72.796  -25.214 0.0000000000
20050  -43.818  -73.254  -25.955 0.0000000000
17984  -46.432  -75.813  -28.859 0.0000000000
17983  -45.857  -76.086  -28.319 0.0000000000
19026  -44.548  -75.570  -29.452 0.0000000000
19047  -43.847  -74.799  -29.949 0.0000000000
20146  -43.038  -74.133  -29.839 0.0000000000
19068  -44.215  -74.836  -30.944 0.0000000000
19069  -45.203  -75.085  -31.695 0.0000000000
21177  -49.339  -71.846  -23.800 0.0000000000
24329  -51.104  -69.761  -25.603 0.0000000000
24342  -51.272  -70.204  -25.786 0.0000000000
24341  -50.745  -70.155  -26.065 0.0000000000
24340  -49.841  -70.114  -26.208 0.0000000000
24339  -48.853  -69.972  -26.601 0.0000000000
24356  -47.559  -70.040  -26.976 0.0000000000
24338  -47.980  -69.555  -26.664 0.0000000000
24337  -47.096  -69.386  -26.830 0.0000000000
25378  -45.426  -68.438  -26.494 0.0000000000
28709  -48.726  -66.114  -20.515 0.0000000000
27541  -49.012  -66.894  -21.086 0.0000000000
27540  -47.702  -66.965  -21.332 0.0000000000
27539  -46.767  -67.043  -21.463 0.0000000000
27562  -45.985  -67.403  -22.051 0.0000000000
27577  -42.153  -66.230  -23.537 0.0000000000
27578  -42.576  -66.478  -23.354 0.0000000000
27595  -42.075  -66.190  -24.102 0.0000000000
27612  -43.316  -67.347  -26.218 0.0000000000
28778  -42.664  -66.184  -26.716 0.0000000000
28779  -43.008  -65.672  -27.229 0.0000000000
20047  -39.988  -73.612  -25.512 0.0000000000
17934  -39.948  -75.117  -25.808 0.0000000000
18958  -39.460  -74.385  -25.961 0.0000000000
16926  -39.261  -76.308  -28.451 0.0000000000
16001  -38.356  -77.370  -31.323 0.0000000000
24523  -45.643  -69.770  -36.832 0.0000000000
23492  -46.099  -70.698  -36.843 0.0000000000
21398  -45.681  -72.606  -36.715 0.0000000000
20324  -45.253  -72.998  -37.168 0.0000000000
20323  -44.690  -73.278  -37.618 0.0000000000
19163  -42.904  -74.298  -37.154 0.0000000000
19184  -42.457  -74.802  -37.359 0.0000000000
18122  -42.853  -75.102  -38.372 0.0000000000
18136  -42.153  -76.023  -38.479 0.0000000000
20083  -47.868  -73.747  -27.323 0.0000000000
18996  -47.662  -74.429  -27.160 0.0000000000
20082  -47.321  -74.175  -27.686 0.0000000000
21264  -45.894  -72.903  -29.154 0.0000000000
20103  -46.199  -73.632  -28.981 0.0000000000
20125  -46.559  -74.472  -29.355 0.0000000000
19027  -46.673  -75.383  -29.334 0.0000000000
19049  -46.942  -75.094  -30.071 0.0000000000
20149  -48.093  -73.749  -30.926 0.0000000000
23302  -50.072  -70.691  -22.352 0.0000000000
23315  -52.900  -70.058  -24.672 0.0000000000
24323  -52.739  -69.619  -24.611 0.0000000000
24322  -52.193  -69.549  -24.840 0.0000000000
25371  -50.761  -69.149  -25.161 0.0000000000
26444  -48.362  -68.304  -24.897 0.0000000000
29883  -44.547  -64.951  -20.521 0.0000000000
28705  -45.016  -65.847  -20.708 0.0000000000
28704  -44.056  -65.794  -20.838 0.0000000000
29903  -42.791  -65.312  -21.429 0.0000000000
28726  -42.313  -65.581  -22.132 0.0000000000
31050  -41.722  -63.653  -22.303 0.0000000000
28725  -41.711  -64.967  -22.583 0.0000000000
28738  -41.436  -65.033  -23.286 0.0000000000
28755  -41.452  -65.207  -24.074 0.0000000000
29938  -41.756  -63.988  -24.867 0.0000000000
20097  -38.623  -73.208  -28.464 0.0000000000
19009  -37.992  -74.139  -28.499 0.0000000000
20096  -38.053  -73.660  -29.127 0.0000000000
17979  -37.435  -74.787  -29.523 0.0000000000
18001  -37.200  -75.311  -30.034 0.0000000000
16966  -37.005  -76.707  -31.472 0.0000000000
16032  -36.689  -77.934  -33.042 0.0000000000
17008  -36.049  -76.494  -34.670 0.0000000000
16055  -35.584  -77.515  -35.315 0.0000000000
15152  -35.559  -78.733  -36.366 0.0000000000
15153  -35.991  -78.434  -36.981 0.0000000000
16077  -36.537  -78.044  -37.120 0.0000000000
20026  -42.872  -73.261  -23.163 0.0000000000
18938  -42.394  -74.253  -23.493 0.0000000000
18937  -41.788  -73.928  -23.915 0.0000000000
20024  -41.558  -73.347  -24.246 0.0000000000
21185  -41.669  -72.773  -24.772 0.0000000000
20035  -40.788  -73.382  -24.865 0.0000000000
20048  -40.558  -73.057  -25.382 0.0000000000
20063  -39.887  -72.951  -26.159 0.0000000000
20077  -39.226  -72.889  -27.143 0.0000000000
20067  -44.870  -74.521  -26.407 0.0000000000
18993  -44.633  -75.227  -27.355 0.0000000000
18992  -43.995  -74.715  -27.502 0.0000000000
20079  -42.234  -73.050  -27.293 0.0000000000
21236  -40.351  -72.589  -27.299 0.0000000000
21234  -39.069  -72.774  -27.845 0.0000000000
20098  -39.156  -72.809  -28.630 0.0000000000
20119  -39.536  -72.931  -29.285 0.0000000000
20143  -40.326  -73.270  -30.318 0.0000000000
20145  -42.270  -73.836  -30.094 0.0000000000
20170  -40.073  -73.498  -31.258 0.0000000000
20202  -40.720  -73.665  -32.110 0.0000000000
20228  -41.287  -73.632  -33.029 0.0000000000
20014  -43.685  -73.296  -22.595 0.0000000000
21174  -44.390  -72.032  -22.776 0.0000000000
22259  -44.608  -71.772  -23.465 0.0000000000
22261  -46.361  -71.453  -23.195 0.0000000000
22260  -45.495  -71.569  -23.321 0.0000000000
22272  -45.374  -71.797  -24.098 0.0000000000
20036  -46.707  -72.733  -24.818 0.0000000000
20053  -47.703  -73.714  -25.384 0.0000000000
18962  -48.098  -74.100  -26.040 0.0000000000
22264  -49.742  -71.004  -23.098 0.0000000000
21178  -50.118  -71.717  -23.828 0.0000000000
21194  -50.291  -72.339  -24.604 0.0000000000
22295  -51.125  -71.710  -25.864 0.0000000000
21211  -50.532  -72.657  -25.531 0.0000000000
20040  -49.986  -73.092  -25.381 0.0000000000
20055  -49.423  -73.524  -25.788 0.0000000000
18981  -48.999  -73.722  -26.280 0.0000000000
18980  -48.401  -74.012  -26.576 0.0000000000
21240  -47.926  -72.782  -27.335 0.0000000000
22299  -46.904  -72.049  -27.678 0.0000000000
23325  -46.066  -70.896  -27.903 0.0000000000
23324  -45.474  -70.421  -28.105 0.0000000000
23335  -44.645  -69.990  -29.145 0.0000000000
24394  -44.220  -69.373  -29.373 0.0000000000
26380  -49.162  -67.550  -21.719 0.0000000000
25326  -50.005  -68.423  -22.917 0.0000000000
26417  -49.021  -68.292  -23.755 0.0000000000
26432  -48.548  -68.343  -24.313 0.0000000000
26443  -47.482  -68.112  -25.117 0.0000000000
27561  -44.862  -66.687  -21.716 0.0000000000
27580  -45.062  -67.477  -22.983 0.0000000000
27581  -46.310  -67.948  -23.236 0.0000000000
27599  -46.241  -68.006  -24.109 0.0000000000
26429  -45.976  -67.875  -24.774 0.0000000000
26442  -46.555  -67.985  -25.339 0.0000000000
25367  -46.181  -68.198  -26.016 0.0000000000
25377  -44.367  -68.298  -26.824 0.0000000000
26450  -43.770  -67.893  -26.730 0.0000000000
25393  -43.929  -68.435  -27.291 0.0000000000
25410  -43.563  -68.618  -28.112 0.0000000000
25425  -43.544  -68.421  -29.115 0.0000000000
17922  -41.632  -75.460  -24.496 0.0000000000
16898  -41.480  -76.336  -25.182 0.0000000000
15949  -41.526  -77.434  -26.423 0.0000000000
17947  -40.231  -75.579  -25.959 0.0000000000
15948  -40.864  -76.931  -26.731 0.0000000000
15957  -41.375  -77.968  -27.442 0.0000000000
15974  -41.175  -78.406  -28.877 0.0000000000
16925  -38.630  -76.064  -28.984 0.0000000000
16940  -39.160  -76.718  -29.484 0.0000000000
15985  -38.765  -77.236  -30.706 0.0000000000
15986  -39.467  -77.359  -30.426 0.0000000000
24432  -45.980  -69.196  -31.092 0.0000000000
21302  -47.702  -72.810  -30.715 0.0000000000
18044  -47.583  -75.170  -31.631 0.0000000000
19070  -45.915  -75.359  -31.882 0.0000000000
19092  -46.232  -75.028  -32.348 0.0000000000
19112  -46.779  -74.333  -32.980 0.0000000000
19091  -45.397  -74.400  -32.787 0.0000000000
20205  -44.436  -74.119  -32.526 0.0000000000
20248  -41.656  -73.558  -34.136 0.0000000000
21373  -45.392  -72.827  -36.219 0.0000000000
20273  -45.296  -72.860  -35.422 0.0000000000
20251  -44.978  -73.203  -34.528 0.0000000000
19127  -40.620  -74.057  -34.385 0.0000000000
18092  -39.980  -75.033  -35.631 0.0000000000
18104  -39.218  -76.081  -36.675 0.0000000000
17055  -38.097  -77.136  -37.321 0.0000000000
15109  -35.839  -77.998  -33.761 0.0000000000
15126  -35.701  -78.445  -34.263 0.0000000000
15956  -40.863  -77.310  -27.321 0.0000000000
16019  -39.806  -77.979  -31.862 0.0000000000
16056  -35.914  -77.409  -35.794 0.0000000000
16066  -35.574  -77.944  -35.858 0.0000000000
16067  -36.153  -77.740  -36.450 0.0000000000
16881  -41.812  -76.078  -24.648 0.0000000000
16882  -42.438  -76.352  -24.399 0.0000000000
16905  -40.085  -76.179  -26.767 0.0000000000
16906  -40.720  -76.276  -26.149 0.0000000000
16907  -41.355  -76.753  -25.874 0.0000000000
16967  -37.607  -76.884  -31.126 0.0000000000
16981  -36.218  -76.572  -33.018 0.0000000000
17007  -35.694  -76.991  -34.458 0.0000000000
17009  -36.575  -76.352  -35.136 0.0000000000
17022  -35.684  -77.040  -34.898 0.0000000000
17024  -36.924  -76.544  -35.715 0.0000000000
17037  -37.002  -77.046  -36.426 0.0000000000
17039  -38.489  -76.621  -36.970 0.0000000000
17054  -37.420  -77.260  -36.988 0.0000000000
17080  -42.196  -76.157  -38.775 0.0000000000
17921  -40.997  -75.020  -24.794 0.0000000000
17923  -42.334  -75.278  -23.931 0.0000000000
17949  -46.594  -75.429  -26.943 0.0000000000
17950  -47.036  -75.104  -26.816 0.0000000000
17961  -38.341  -74.690  -28.074 0.0000000000
17963  -45.404  -75.835  -27.714 0.0000000000
17981  -38.632  -75.766  -28.504 0.0000000000
17982  -45.111  -75.848  -28.132 0.0000000000
18002  -37.729  -75.722  -29.643 0.0000000000
18003  -45.211  -76.034  -28.927 0.0000000000
18025  -47.011  -75.619  -30.749 0.0000000000
18040  -36.663  -76.058  -31.395 0.0000000000
18043  -47.176  -75.437  -31.495 0.0000000000
18054  -46.918  -75.343  -31.939 0.0000000000
18055  -47.468  -75.189  -31.895 0.0000000000
18056  -47.746  -75.049  -31.821 0.0000000000
18065  -37.708  -74.995  -33.845 0.0000000000
18089  -37.065  -76.187  -35.252 0.0000000000
18103  -38.204  -76.412  -36.410 0.0000000000
18137  -42.454  -75.724  -38.729 0.0000000000
18138  -42.969  -75.005  -39.004 0.0000000000
18939  -43.266  -74.269  -22.915 0.0000000000
18959  -40.022  -74.580  -25.438 0.0000000000
18963  -48.867  -73.851  -26.081 0.0000000000
18964  -49.224  -73.671  -26.120 0.0000000000
18974  -38.646  -73.904  -27.168 0.0000000000
18977  -45.576  -75.060  -26.575 0.0000000000
18990  -38.428  -74.037  -27.667 0.0000000000
18994  -45.507  -75.649  -27.244 0.0000000000
18995  -47.175  -74.925  -27.845 0.0000000000
18997  -48.266  -74.021  -27.048 0.0000000000
19008  -37.608  -74.263  -29.266 0.0000000000
19048  -44.731  -75.485  -30.508 0.0000000000
19051  -48.236  -74.245  -31.347 0.0000000000
19066  -36.754  -74.746  -31.799 0.0000000000
19090  -38.849  -73.995  -32.633 0.0000000000
19106  -37.318  -74.858  -33.369 0.0000000000
19113  -47.614  -74.280  -32.732 0.0000000000
19140  -39.753  -74.895  -35.268 0.0000000000
19142  -41.442  -74.205  -35.558 0.0000000000
19161  -41.186  -74.756  -36.168 0.0000000000
19197  -43.422  -74.381  -38.718 0.0000000000
20025  -42.154  -73.298  -23.713 0.0000000000
20034  -40.384  -73.740  -25.073 0.0000000000
20038  -48.362  -73.196  -24.931 0.0000000000
20056  -49.997  -73.205  -25.836 0.0000000000
20062  -39.269  -73.520  -26.446 0.0000000000
20068  -48.915  -73.670  -26.492 0.0000000000
20069  -49.460  -73.348  -26.292 0.0000000000
20078  -41.596  -72.909  -27.711 0.0000000000
20080  -43.437  -74.104  -27.463 0.0000000000
20081  -44.016  -74.610  -27.212 0.0000000000
20099  -41.020  -73.080  -28.806 0.0000000000
20102  -43.462  -74.386  -28.357 0.0000000000
20123  -43.287  -74.243  -29.101 0.0000000000
20142  -39.349  -73.324  -30.419 0.0000000000
20167  -37.793  -73.903  -31.911 0.0000000000
20198  -38.017  -74.059  -32.380 0.0000000000
20201  -39.841  -73.664  -32.095 0.0000000000
20226  -39.672  -73.815  -32.633 0.0000000000
20231  -44.823  -73.757  -33.572 0.0000000000
20247  -40.825  -73.730  -33.617 0.0000000000
20270  -42.195  -73.601  -35.307 0.0000000000
21175  -47.508  -71.916  -23.967 0.0000000000
21189  -45.263  -72.223  -24.700 0.0000000000
21190  -46.097  -72.357  -24.644 0.0000000000
21195  -51.039  -72.020  -24.662 0.0000000000
21204  -40.485  -72.819  -25.874 0.0000000000
21219  -39.762  -72.750  -26.829 0.0000000000
21222  -42.101  -72.608  -26.352 0.0000000000
21225  -49.892  -72.397  -26.373 0.0000000000
21226  -50.668  -72.307  -26.012 0.0000000000
21227  -51.090  -72.121  -25.588 0.0000000000
21235  -39.756  -72.640  -27.602 0.0000000000
21237  -41.190  -72.621  -27.298 0.0000000000
21238  -41.684  -72.629  -26.852 0.0000000000
21242  -49.357  -72.406  -26.591 0.0000000000
21260  -39.058  -72.776  -28.327 0.0000000000
21261  -39.616  -72.728  -28.378 0.0000000000
21263  -41.277  -72.847  -27.884 0.0000000000
21285  -40.204  -72.863  -28.801 0.0000000000
21286  -40.612  -72.976  -28.778 0.0000000000
21300  -46.032  -72.229  -30.324 0.0000000000
21374  -45.845  -72.818  -35.767 0.0000000000
21397  -45.345  -72.907  -36.598 0.0000000000
21416  -44.721  -72.933  -38.141 0.0000000000
22222  -48.807  -71.543  -20.574 0.0000000000
22244  -48.580  -70.856  -21.101 0.0000000000
22251  -45.658  -71.562  -22.442 0.0000000000
22255  -49.548  -70.680  -22.303 0.0000000000
22265  -50.974  -71.483  -23.806 0.0000000000
22270  -44.166  -71.968  -24.347 0.0000000000
22273  -46.195  -71.759  -23.952 0.0000000000
22275  -51.007  -71.892  -24.435 0.0000000000
22285  -52.078  -71.231  -24.752 0.0000000000
22293  -49.820  -71.445  -26.485 0.0000000000
22301  -48.459  -71.476  -26.813 0.0000000000
22311  -45.721  -71.955  -28.929 0.0000000000
23296  -49.682  -70.601  -21.672 0.0000000000
23303  -50.780  -70.772  -22.786 0.0000000000
23309  -52.967  -70.820  -24.160 0.0000000000
23310  -53.105  -70.221  -24.368 0.0000000000
23313  -51.800  -70.761  -25.291 0.0000000000
23314  -52.428  -70.630  -24.777 0.0000000000
23318  -48.909  -70.596  -26.657 0.0000000000
23321  -51.237  -70.845  -25.856 0.0000000000
23327  -48.240  -70.695  -26.824 0.0000000000
24317  -52.867  -69.361  -24.165 0.0000000000
24324  -53.027  -69.781  -24.482 0.0000000000
24331  -52.593  -69.945  -24.803 0.0000000000
24332  -52.864  -69.832  -24.645 0.0000000000
24336  -46.150  -69.238  -27.049 0.0000000000
24357  -48.177  -69.998  -26.828 0.0000000000
24372  -43.948  -69.167  -28.269 0.0000000000
24409  -44.728  -69.330  -30.141 0.0000000000
25346  -49.594  -68.366  -23.402 0.0000000000
25358  -49.663  -68.404  -24.168 0.0000000000
25361  -52.430  -69.226  -24.461 0.0000000000
25366  -45.747  -68.118  -26.105 0.0000000000
25372  -51.536  -69.494  -25.129 0.0000000000
25376  -44.001  -68.198  -26.960 0.0000000000
25469  -46.279  -68.876  -31.184 0.0000000000
26395  -47.840  -68.029  -22.784 0.0000000000
26414  -46.650  -68.121  -23.868 0.0000000000
26431  -47.776  -68.254  -24.348 0.0000000000
26445  -48.825  -68.425  -24.712 0.0000000000
26452  -45.105  -67.932  -26.080 0.0000000000
26463  -42.926  -67.362  -27.628 0.0000000000
26485  -42.915  -67.364  -27.948 0.0000000000
26498  -43.494  -67.471  -29.043 0.0000000000
27565  -48.850  -67.541  -21.794 0.0000000000
27617  -42.984  -66.391  -27.849 0.0000000000
28682  -48.444  -65.536  -20.239 0.0000000000
28727  -43.087  -65.998  -21.855 0.0000000000
28729  -44.415  -66.286  -21.140 0.0000000000
28739  -41.932  -65.851  -23.157 0.0000000000
29901  -41.752  -64.347  -22.443 0.0000000000
29904  -43.440  -65.739  -21.298 0.0000000000
29916  -41.526  -64.272  -23.100 0.0000000000
29926  -41.388  -64.052  -24.111 0.0000000000
31051  -41.952  -63.888  -21.700 0.0000000000
32086  -41.495  -62.639  -21.984 0.0000000000
32103  -41.439  -62.473  -22.161 0.0000000000
