#!ascii label  , from subject sub-01 vox2ras=TkReg
840
70918  -28.408  -25.859  -33.756 0.4285714328
73264  -28.652  -24.467  -33.437 0.2857142985
73265  -28.908  -23.806  -33.167 0.4285714328
74332  -29.526  -23.335  -32.846 0.4285714328
75422  -28.792  -22.702  -33.206 0.2857142985
75406  -29.339  -22.212  -32.782 0.4285714328
77621  -28.324  -21.110  -34.161 0.4285714328
77606  -29.350  -20.918  -33.047 0.4285714328
77636  -28.572  -20.112  -34.580 0.4285714328
78807  -29.234  -19.426  -34.019 0.4285714328
79917  -28.822  -18.821  -35.559 0.5714285970
79897  -29.324  -18.653  -34.605 0.4285714328
79898  -29.666  -18.167  -34.440 0.2857142985
80927  -29.433  -17.945  -35.529 0.7142857313
81957  -30.178  -16.607  -35.563 0.7142857313
83000  -30.867  -15.815  -34.846 0.4285714328
80928  -29.820  -17.355  -35.452 0.7142857313
83014  -30.550  -15.429  -35.836 0.5714285970
81977  -30.100  -15.919  -36.704 0.5714285970
83032  -30.451  -15.106  -36.800 0.5714285970
84107  -30.963  -14.375  -36.034 0.5714285970
84108  -31.323  -14.249  -35.345 0.4285714328
85303  -31.004  -13.600  -36.456 0.5714285970
85304  -31.297  -12.815  -36.191 0.5714285970
84146  -30.275  -14.282  -37.860 0.7142857313
86511  -31.325  -12.014  -36.477 0.7142857313
86495  -31.772  -12.167  -35.588 0.5714285970
84125  -30.558  -14.313  -37.029 0.5714285970
84164  -29.387  -14.388  -38.673 0.5714285970
86526  -30.521  -12.549  -37.670 0.8571428657
87610  -31.804  -11.046  -36.128 0.5714285970
85344  -29.866  -13.451  -38.197 0.7142857313
88729  -31.679  -10.178  -36.677 0.7142857313
88715  -32.328  -10.222  -35.787 0.5714285970
86527  -31.001  -12.050  -37.162 0.7142857313
87626  -31.280  -11.262  -36.950 0.7142857313
87642  -30.832  -11.614  -37.711 0.7142857313
89786  -32.298  -9.425  -36.193 0.5714285970
87662  -30.490  -11.591  -38.109 0.5714285970
88755  -30.572  -11.066  -38.134 0.7142857313
89802  -31.274  -9.612  -37.493 0.7142857313
90815  -31.993  -8.209  -36.918 0.7142857313
89785  -31.867  -9.056  -36.887 0.7142857313
89801  -30.862  -9.149  -38.123 0.7142857313
90835  -31.431  -8.487  -37.568 0.7142857313
92812  -31.633  -6.874  -36.850 0.7142857313
91770  -32.162  -7.430  -36.417 0.5714285970
88754  -30.043  -10.662  -38.606 0.5714285970
93900  -31.656  -5.706  -36.324 0.5714285970
90850  -30.558  -8.495  -38.702 0.8571428657
92832  -31.035  -6.479  -37.647 0.7142857313
91803  -30.892  -7.527  -38.226 0.8571428657
92848  -30.665  -7.027  -38.278 0.7142857313
95005  -30.783  -4.673  -37.642 0.8571428657
95006  -31.367  -4.312  -37.123 0.5714285970
93916  -30.687  -5.770  -37.800 0.8571428657
92847  -30.316  -6.522  -38.410 0.8571428657
92831  -30.673  -6.251  -37.948 0.8571428657
96235  -30.006  -3.867  -38.255 0.8571428657
97286  -30.723  -2.857  -37.674 0.8571428657
97299  -29.306  -2.586  -38.155 0.8571428657
93938  -30.295  -5.486  -38.169 0.8571428657
96233  -28.492  -3.621  -38.297 1.0000000000
96234  -29.381  -3.678  -38.381 1.0000000000
95026  -30.140  -4.679  -38.220 0.8571428657
97298  -28.338  -2.466  -37.947 1.0000000000
98295  -27.170  -1.496  -37.426 0.7142857313
97285  -28.128  -1.923  -37.702 1.0000000000
101207  -27.624  1.095  -38.313 1.0000000000
101196  -26.937  1.287  -37.414 0.8571428657
103072  -26.862  2.965  -37.540 0.8571428657
102105  -27.252  2.167  -37.865 1.0000000000
106062  -26.402  5.857  -39.444 0.8571428657
104125  -26.799  4.188  -38.310 0.8571428657
104126  -27.196  3.669  -38.927 1.0000000000
106954  -25.758  7.350  -39.743 0.8571428657
106069  -26.112  6.333  -40.382 0.8571428657
106936  -25.474  7.097  -37.932 0.5714285970
107893  -24.844  8.633  -39.187 0.7142857313
107909  -24.703  8.408  -40.445 0.5714285970
107865  -24.254  8.569  -36.304 0.5714285970
106935  -25.067  7.675  -37.622 0.5714285970
108933  -23.897  9.797  -37.730 0.4285714328
108925  -23.041  9.884  -34.935 0.2857142985
109822  -22.941  10.536  -34.492 0.2857142985
108926  -23.388  10.040  -35.571 0.2857142985
74347  -28.374  -23.424  -33.680 0.2857142985
93917  -31.228  -5.233  -37.194 0.5714285970
91788  -31.352  -7.516  -37.610 0.7142857313
96221  -31.166  -3.734  -37.336 0.8571428657
96220  -30.614  -3.605  -37.760 0.8571428657
97300  -30.182  -2.791  -37.960 0.8571428657
99294  -27.645  -0.840  -37.448 0.8571428657
109808  -23.888  11.181  -32.608 0.1428571492
74361  -27.956  -23.539  -34.267 0.2857142985
75421  -28.266  -22.309  -33.849 0.2857142985
76521  -29.284  -21.564  -32.880 0.4285714328
78791  -29.567  -19.948  -33.289 0.4285714328
78822  -28.682  -19.606  -34.858 0.4285714328
76536  -28.748  -21.590  -33.427 0.4285714328
78837  -28.316  -19.638  -35.582 0.5714285970
80912  -29.993  -17.611  -34.656 0.4285714328
80948  -29.158  -17.417  -36.676 0.2857142985
81976  -29.641  -16.667  -36.702 0.7142857313
82002  -29.651  -16.068  -37.741 0.5714285970
85264  -31.916  -13.504  -34.794 0.4285714328
83057  -30.032  -15.429  -38.100 0.7142857313
83074  -30.141  -14.875  -38.199 0.7142857313
85283  -31.186  -13.848  -36.035 0.7142857313
85284  -31.463  -13.512  -35.541 0.5714285970
86510  -30.905  -12.752  -36.876 0.7142857313
90799  -32.627  -8.608  -35.708 0.5714285970
86546  -30.024  -12.417  -38.170 0.5714285970
88741  -30.683  -10.131  -38.111 0.7142857313
88742  -31.097  -10.657  -37.548 0.7142857313
90816  -32.325  -8.412  -36.351 0.5714285970
90851  -31.092  -8.113  -38.085 0.7142857313
95024  -28.671  -4.622  -38.563 1.0000000000
97284  -27.543  -2.318  -37.686 0.8571428657
99293  -26.929  -0.573  -37.245 0.7142857313
99305  -27.622  -0.268  -37.695 1.0000000000
99306  -28.277  -0.557  -37.977 1.0000000000
100255  -27.309  0.366  -37.597 0.7142857313
100265  -27.859  0.194  -38.240 1.0000000000
100254  -26.408  0.367  -37.155 0.7142857313
105101  -26.523  5.255  -38.614 0.8571428657
103081  -27.234  3.148  -38.322 1.0000000000
106945  -25.582  7.472  -38.601 0.7142857313
107873  -24.075  9.264  -36.660 0.7142857313
107883  -24.763  8.453  -38.225 0.7142857313
108941  -24.379  9.228  -38.635 0.7142857313
108930  -23.700  10.077  -36.457 0.4285714328
109859  -23.359  11.040  -37.234 0.4285714328
109823  -23.180  10.767  -35.170 0.2857142985
80970  -29.200  -16.720  -37.392 0.4285714328
82001  -28.879  -16.229  -38.079 0.4285714328
72105  -28.370  -25.137  -33.910 0.4285714328
73249  -29.265  -24.449  -32.942 0.4285714328
73278  -28.096  -24.340  -34.357 0.2857142985
73250  -30.221  -24.282  -32.610 0.4285714328
74348  -28.856  -23.325  -33.153 0.4285714328
75436  -27.801  -22.822  -34.303 0.2857142985
77635  -28.300  -20.401  -34.919 0.2857142985
77622  -28.770  -20.350  -33.979 0.4285714328
78821  -28.428  -19.879  -35.122 0.4285714328
79916  -28.495  -19.141  -35.740 0.4285714328
79933  -28.863  -18.207  -36.271 0.2857142985
80911  -29.575  -18.075  -34.801 0.4285714328
81956  -29.675  -17.229  -36.016 0.5714285970
82003  -30.150  -15.538  -37.440 0.5714285970
83058  -30.330  -14.960  -37.622 0.5714285970
85324  -30.523  -13.504  -37.368 0.7142857313
84165  -29.909  -14.446  -38.374 0.7142857313
83073  -29.753  -15.058  -38.573 0.7142857313
87641  -30.429  -11.988  -38.072 0.5714285970
88730  -32.110  -10.059  -36.233 0.5714285970
87661  -30.011  -11.648  -38.390 0.7142857313
91769  -31.763  -7.689  -37.103 0.7142857313
89814  -30.287  -9.619  -38.703 0.8571428657
106061  -26.127  6.658  -39.144 0.8571428657
107894  -25.325  8.035  -39.464 0.7142857313
106944  -25.153  7.931  -38.282 0.5714285970
107874  -24.501  8.683  -37.249 0.5714285970
106928  -24.565  7.821  -36.624 0.5714285970
106917  -23.261  8.617  -35.324 0.4285714328
107864  -23.788  9.118  -35.791 0.4285714328
108921  -22.632  9.606  -34.336 0.2857142985
107858  -23.313  9.324  -35.236 0.2857142985
109811  -22.745  10.504  -33.712 0.2857142985
109812  -23.192  11.153  -33.588 0.1428571492
76535  -28.265  -21.663  -34.005 0.2857142985
108934  -24.336  9.006  -37.948 0.5714285970
111634  -22.906  12.894  -39.053 0.2857142985
112454  -23.260  14.225  -38.178 0.1428571492
110792  -22.631  11.973  -38.839 0.2857142985
110791  -22.479  12.273  -39.691 0.2857142985
111627  -23.397  13.175  -37.378 0.1428571492
110760  -23.388  12.065  -36.675 0.1428571492
110772  -22.942  12.158  -37.969 0.2857142985
110809  -22.117  11.971  -40.770 0.2857142985
106080  -22.838  7.498  -44.114 0.2857142985
108960  -22.559  9.273  -42.454 0.2857142985
112446  -23.511  14.402  -36.888 0.1428571492
109884  -23.148  11.117  -38.717 0.2857142985
107938  -24.161  8.166  -41.871 0.2857142985
109900  -22.687  11.416  -39.886 0.2857142985
109883  -22.651  11.706  -39.239 0.2857142985
105127  -25.337  5.508  -43.236 0.1428571492
138320  -23.790  8.418  -42.092 0.2857142985
108961  -23.487  9.480  -41.135 0.2857142985
109914  -23.208  10.120  -40.553 0.2857142985
102165  -26.053  3.154  -44.921 0.1428571492
104167  -25.360  4.656  -44.564 0.1428571492
106077  -24.359  7.172  -42.904 0.4285714328
108962  -24.140  9.240  -40.473 0.2857142985
103104  -26.845  3.058  -41.318 0.2857142985
105115  -26.137  5.769  -41.385 0.4285714328
106966  -24.816  7.788  -41.224 0.2857142985
108940  -23.828  10.014  -39.129 0.2857142985
101246  -27.195  1.958  -42.312 0.1428571492
104154  -25.937  3.866  -42.341 0.2857142985
106979  -25.092  7.317  -41.804 0.4285714328
105116  -26.459  5.211  -40.848 0.5714285970
100296  -27.977  0.972  -41.502 0.1428571492
101234  -27.003  1.776  -41.930 0.1428571492
107910  -25.376  7.856  -40.113 0.4285714328
100298  -28.934  0.662  -41.077 0.2857142985
100287  -27.963  0.696  -41.075 0.7142857313
105108  -26.627  5.068  -39.823 0.7142857313
102115  -27.730  2.097  -38.854 0.8571428657
102128  -27.317  1.847  -40.882 0.8571428657
104138  -26.755  4.202  -40.563 0.5714285970
101221  -29.870  1.090  -40.234 0.2857142985
101229  -29.372  1.131  -40.936 0.2857142985
103094  -27.130  3.461  -40.141 0.7142857313
105093  -26.330  4.869  -37.969 0.5714285970
103086  -27.199  3.588  -39.568 0.8571428657
101222  -30.159  1.063  -39.360 0.1428571492
100277  -28.104  0.483  -40.338 0.7142857313
101209  -30.426  1.118  -38.569 0.1428571492
95043  -26.982  -5.056  -39.111 0.5714285970
96232  -27.471  -3.550  -38.084 0.8571428657
96219  -27.404  -2.954  -37.861 0.8571428657
96218  -26.888  -3.012  -37.830 0.5714285970
99307  -28.924  -0.771  -38.150 0.8571428657
100280  -30.177  0.245  -38.757 0.2857142985
100278  -28.747  0.146  -39.593 0.8571428657
101219  -27.985  0.947  -39.471 0.8571428657
103087  -27.424  3.048  -39.444 0.8571428657
100267  -30.463  0.385  -38.017 0.4285714328
100279  -29.670  0.235  -39.465 0.7142857313
93966  -26.754  -5.965  -39.811 0.2857142985
95023  -27.698  -4.744  -38.581 0.5714285970
99320  -28.806  -0.294  -38.619 0.8571428657
100266  -28.442  0.112  -38.702 0.8571428657
99308  -30.171  -0.621  -38.048 0.4285714328
98319  -29.615  -0.736  -38.327 0.8571428657
99295  -30.482  -0.238  -37.453 0.4285714328
89828  -29.278  -9.408  -39.860 0.7142857313
90880  -28.433  -8.441  -40.453 0.4285714328
91816  -29.621  -7.577  -39.906 0.8571428657
91832  -28.795  -7.714  -40.293 0.5714285970
92861  -27.810  -6.518  -39.736 0.5714285970
92874  -27.202  -6.613  -40.109 0.4285714328
92846  -29.510  -6.951  -39.024 0.8571428657
93951  -27.428  -5.826  -39.441 0.5714285970
93937  -29.512  -5.845  -38.736 0.8571428657
93936  -28.815  -5.468  -38.839 0.7142857313
93935  -28.153  -5.415  -38.851 0.5714285970
97301  -30.766  -2.364  -37.641 0.7142857313
98310  -30.477  -1.806  -37.721 0.7142857313
98320  -29.785  -0.898  -38.116 0.7142857313
98308  -29.298  -1.342  -37.970 0.8571428657
98286  -31.283  -1.740  -36.682 0.2857142985
99296  -30.524  -1.067  -37.527 0.4285714328
86545  -29.395  -12.425  -38.546 0.4285714328
88770  -28.802  -10.624  -39.528 0.4285714328
89827  -28.412  -9.831  -39.970 0.4285714328
90866  -30.237  -8.212  -39.308 0.7142857313
91802  -30.340  -7.605  -38.764 0.7142857313
97287  -31.202  -2.723  -37.298 0.7142857313
86562  -28.317  -12.047  -39.279 0.5714285970
87660  -29.193  -11.338  -38.986 0.5714285970
88753  -29.586  -10.133  -39.192 0.5714285970
90849  -30.215  -8.568  -39.378 0.7142857313
94996  -31.565  -4.533  -36.444 0.4285714328
96212  -31.536  -3.450  -36.673 0.4285714328
97274  -31.461  -2.503  -36.541 0.4285714328
83072  -29.100  -15.275  -38.834 0.5714285970
88693  -32.811  -10.092  -34.895 0.4285714328
89769  -32.657  -9.366  -35.430 0.4285714328
93888  -32.140  -5.673  -35.544 0.4285714328
94982  -32.152  -5.090  -35.260 0.4285714328
78792  -30.318  -19.276  -32.771 0.1428571492
91754  -32.554  -7.764  -35.750 0.4285714328
92798  -32.415  -6.795  -35.574 0.4285714328
80899  -30.682  -17.611  -33.522 0.1428571492
81927  -31.053  -17.082  -33.588 0.1428571492
83001  -31.523  -15.270  -34.373 0.2857142985
87566  -33.366  -11.738  -33.761 0.2857142985
89727  -33.860  -9.425  -33.957 0.2857142985
88694  -33.426  -10.214  -34.237 0.2857142985
86496  -32.439  -11.950  -34.906 0.4285714328
90757  -33.719  -8.612  -34.175 0.2857142985
89749  -33.362  -9.361  -34.484 0.2857142985
87591  -32.946  -11.200  -34.442 0.2857142985
91716  -33.476  -7.865  -34.349 0.2857142985
90777  -32.838  -8.632  -35.097 0.4285714328
80887  -30.878  -17.994  -32.968 0.1428571492
79883  -29.881  -18.409  -33.755 0.1428571492
81928  -31.579  -16.731  -33.330 0.2857142985
81943  -31.344  -16.077  -34.095 0.2857142985
84076  -32.788  -14.116  -33.162 0.2857142985
86454  -33.239  -12.369  -33.650 0.2857142985
86477  -32.735  -12.338  -34.148 0.2857142985
85265  -32.371  -13.449  -34.158 0.2857142985
80888  -31.393  -17.680  -32.860 0.1428571492
82973  -32.924  -15.819  -32.457 0.2857142985
81912  -31.935  -17.196  -32.756 0.2857142985
82987  -32.449  -15.477  -32.997 0.2857142985
82986  -31.860  -15.758  -33.623 0.2857142985
81942  -30.776  -16.764  -34.203 0.2857142985
84091  -32.257  -14.157  -33.945 0.2857142985
75407  -30.179  -22.477  -32.498 0.2857142985
77607  -30.119  -20.595  -32.542 0.1428571492
72089  -28.910  -25.314  -33.126 0.2857142985
70903  -28.471  -26.374  -33.125 0.2857142985
76523  -30.844  -21.650  -32.208 0.2857142985
70904  -29.576  -26.297  -32.408 0.1428571492
70902  -28.125  -26.713  -33.400 0.2857142985
69761  -28.027  -27.076  -33.030 0.1428571492
81929  -32.113  -16.158  -33.105 0.2857142985
87592  -33.514  -10.916  -33.872 0.2857142985
87611  -32.382  -11.126  -35.312 0.4285714328
90778  -33.252  -8.603  -34.648 0.2857142985
90881  -29.216  -8.460  -40.313 0.7142857313
92784  -32.660  -7.353  -35.006 0.4285714328
93952  -28.270  -6.077  -39.234 0.5714285970
92813  -32.026  -6.384  -36.139 0.4285714328
97260  -31.475  -2.736  -35.850 0.2857142985
98276  -31.367  -1.967  -36.000 0.2857142985
98297  -30.958  -1.706  -37.356 0.5714285970
103080  -26.675  3.635  -37.737 0.7142857313
106052  -25.856  6.518  -38.175 0.4285714328
105100  -26.137  5.878  -38.204 0.5714285970
104130  -26.987  4.162  -39.396 0.8571428657
100289  -29.296  0.388  -40.485 0.5714285970
108947  -23.765  9.852  -40.165 0.2857142985
102135  -26.767  2.381  -42.129 0.4285714328
104146  -26.261  4.205  -41.797 0.4285714328
111616  -23.652  13.196  -36.136 0.1428571492
106082  -24.892  6.253  -43.579 0.2857142985
104160  -25.353  4.685  -43.696 0.1428571492
109913  -22.505  10.599  -41.076 0.2857142985
72090  -29.851  -25.188  -32.569 0.1428571492
72120  -28.169  -25.091  -34.432 0.2857142985
74333  -30.577  -23.390  -32.461 0.1428571492
76522  -29.819  -21.566  -32.545 0.2857142985
79870  -31.010  -18.499  -32.624 0.1428571492
79857  -32.420  -18.430  -31.920 0.1428571492
80874  -32.792  -17.736  -31.874 0.1428571492
84075  -32.116  -14.837  -33.802 0.2857142985
86455  -33.797  -12.413  -33.119 0.2857142985
84090  -31.769  -14.235  -34.648 0.2857142985
87567  -34.013  -11.195  -33.367 0.2857142985
86544  -28.609  -12.260  -38.997 0.5714285970
86476  -32.093  -12.813  -34.841 0.2857142985
88769  -28.113  -10.744  -39.752 0.2857142985
91717  -33.859  -7.822  -33.746 0.2857142985
93872  -33.153  -6.680  -34.115 0.2857142985
89813  -30.016  -9.117  -39.348 0.5714285970
91830  -27.386  -7.580  -40.499 0.4285714328
92785  -33.095  -7.195  -34.453 0.4285714328
93950  -26.747  -5.394  -39.563 0.2857142985
92860  -27.455  -6.353  -39.795 0.5714285970
93871  -32.746  -6.230  -34.500 0.2857142985
92862  -28.729  -6.855  -39.596 0.7142857313
95042  -26.322  -4.619  -39.326 0.2857142985
94967  -32.336  -4.815  -34.670 0.1428571492
96183  -31.865  -3.934  -34.883 0.4285714328
96199  -31.622  -3.733  -35.737 0.4285714328
97242  -31.538  -2.938  -35.022 0.1428571492
99283  -30.805  -0.690  -36.782 0.2857142985
102121  -27.548  1.913  -39.958 0.8571428657
101197  -30.550  1.324  -37.721 0.2857142985
102123  -30.288  1.767  -38.990 0.1428571492
109839  -23.210  10.975  -36.068 0.2857142985
102122  -30.199  2.156  -39.774 0.1428571492
102130  -29.670  2.085  -40.742 0.1428571492
100297  -28.399  0.826  -41.291 0.1428571492
101248  -28.024  1.639  -42.153 0.1428571492
101236  -28.160  1.411  -41.791 0.1428571492
102145  -26.785  2.689  -42.953 0.1428571492
106078  -25.053  6.634  -42.763 0.2857142985
105121  -25.811  5.519  -42.266 0.2857142985
103113  -26.164  3.341  -42.599 0.2857142985
103121  -26.215  3.049  -43.318 0.1428571492
102155  -26.444  3.066  -43.884 0.1428571492
102154  -26.016  3.147  -44.519 0.1428571492
106081  -23.904  6.893  -43.837 0.2857142985
105132  -24.000  6.055  -44.763 0.1428571492
105140  -24.654  5.709  -45.180 0.1428571492
73251  -31.195  -24.260  -32.157 0.1428571492
78793  -31.296  -19.287  -32.266 0.1428571492
88668  -33.945  -10.257  -33.680 0.2857142985
99269  -31.198  -1.028  -35.787 0.2857142985
103140  -25.818  4.205  -45.503 0.1428571492
106086  -23.287  6.602  -45.279 0.2857142985
72104  -28.138  -25.673  -34.379 0.2857142985
78808  -29.656  -19.166  -33.512 0.1428571492
79869  -30.526  -18.330  -33.079 0.1428571492
84089  -31.119  -14.875  -35.158 0.2857142985
93887  -31.862  -5.405  -35.778 0.4285714328
98309  -29.951  -1.632  -37.952 0.7142857313
95025  -29.446  -4.684  -38.544 0.8571428657
98296  -27.937  -1.427  -37.554 0.8571428657
106070  -26.421  5.629  -40.118 0.7142857313
106967  -25.424  7.410  -40.768 0.5714285970
108948  -24.366  9.296  -39.678 0.2857142985
82013  -29.241  -15.835  -38.414 0.5714285970
101208  -28.140  0.602  -38.756 0.8571428657
91801  -29.870  -7.432  -39.039 0.8571428657
110771  -22.707  12.597  -38.918 0.2857142985
111635  -23.140  13.107  -38.556 0.1428571492
106990  -22.889  8.080  -43.272 0.2857142985
138323  -23.461  8.908  -41.962 0.2857142985
138322  -24.042  8.653  -41.396 0.2857142985
106985  -23.877  7.747  -42.561 0.2857142985
106978  -24.503  7.760  -41.866 0.2857142985
109901  -23.193  10.552  -39.913 0.2857142985
105133  -24.945  5.767  -44.228 0.1428571492
103130  -25.730  3.684  -45.029 0.1428571492
103120  -25.705  3.562  -43.723 0.1428571492
105122  -26.174  5.087  -41.708 0.4285714328
106074  -25.727  6.562  -41.606 0.5714285970
102146  -27.521  2.359  -42.834 0.1428571492
101235  -27.481  1.365  -41.586 0.1428571492
104153  -25.664  4.262  -42.711 0.2857142985
101228  -27.654  1.113  -40.574 0.4285714328
103105  -27.127  2.358  -41.079 0.5714285970
100288  -28.577  0.436  -40.703 0.5714285970
103095  -27.295  2.612  -40.497 0.7142857313
101220  -28.352  0.437  -39.155 0.8571428657
95022  -26.894  -4.450  -38.616 0.5714285970
99321  -29.344  -0.421  -38.663 0.8571428657
99322  -29.842  -0.406  -38.628 0.4285714328
89845  -28.688  -9.081  -40.263 0.4285714328
90865  -30.078  -8.493  -39.970 0.7142857313
91831  -28.111  -7.769  -40.439 0.4285714328
92875  -27.941  -7.113  -40.174 0.5714285970
91829  -26.582  -7.300  -40.494 0.2857142985
93953  -28.820  -6.097  -39.074 0.7142857313
99309  -30.245  -1.283  -37.754 0.7142857313
87679  -28.412  -11.533  -39.435 0.5714285970
89748  -32.964  -9.208  -34.889 0.4285714328
94981  -31.888  -4.823  -35.512 0.4285714328
91737  -32.741  -8.060  -35.274 0.4285714328
91738  -33.017  -7.949  -34.806 0.4285714328
79871  -31.794  -18.614  -32.276 0.1428571492
85251  -33.071  -12.999  -33.565 0.2857142985
80889  -32.167  -17.722  -32.370 0.1428571492
84057  -33.002  -15.066  -32.525 0.2857142985
69762  -28.833  -26.912  -32.475 0.1428571492
70905  -30.507  -25.788  -32.267 0.1428571492
72091  -30.711  -25.002  -32.342 0.1428571492
74334  -31.223  -23.281  -32.117 0.1428571492
110742  -23.380  11.852  -35.417 0.1428571492
104119  -26.180  4.367  -37.605 0.5714285970
102103  -25.462  2.379  -37.198 0.4285714328
103071  -26.042  3.381  -37.222 0.4285714328
101195  -25.951  1.360  -37.117 0.4285714328
99292  -25.805  -0.612  -37.302 0.4285714328
100253  -25.371  0.406  -37.354 0.4285714328
102104  -26.486  2.275  -37.248 0.5714285970
97283  -26.644  -2.239  -37.650 0.5714285970
90737  -34.574  -8.616  -32.898 0.1428571492
90758  -34.147  -8.617  -33.577 0.1428571492
79932  -28.196  -18.771  -36.331 0.2857142985
90726  -35.741  -9.058  -31.862 0.1428571492
89709  -34.765  -9.496  -32.734 0.1428571492
90739  -36.048  -8.305  -31.728 0.1428571492
90738  -35.246  -8.616  -32.242 0.1428571492
86456  -34.345  -11.673  -32.835 0.1428571492
88652  -34.864  -10.352  -32.567 0.1428571492
88653  -35.378  -10.438  -32.038 0.1428571492
90728  -37.196  -9.128  -31.532 0.1428571492
89698  -35.864  -9.739  -31.735 0.1428571492
90759  -38.862  -8.404  -32.944 0.1428571492
90741  -37.988  -8.657  -32.034 0.1428571492
91718  -38.263  -7.517  -32.728 0.1428571492
77665  -27.528  -20.137  -36.106 0.2857142985
84058  -33.668  -14.384  -32.217 0.1428571492
84059  -34.334  -13.707  -32.006 0.1428571492
86435  -34.084  -12.695  -32.682 0.1428571492
84077  -33.429  -13.729  -32.723 0.1428571492
86436  -34.539  -12.466  -32.360 0.1428571492
87553  -35.496  -11.118  -31.839 0.1428571492
87542  -35.236  -11.875  -31.839 0.1428571492
88640  -36.844  -10.611  -31.365 0.1428571492
89700  -37.392  -9.850  -31.451 0.1428571492
89711  -38.925  -9.597  -32.397 0.1428571492
89729  -39.225  -9.234  -33.403 0.1428571492
77650  -27.876  -20.249  -35.762 0.2857142985
77649  -27.381  -20.623  -35.995 0.2857142985
76561  -27.158  -21.498  -35.502 0.2857142985
82974  -33.452  -15.639  -32.033 0.1428571492
84039  -34.679  -14.541  -31.488 0.1428571492
85232  -34.445  -13.165  -32.146 0.1428571492
87543  -36.127  -11.479  -31.456 0.1428571492
86422  -35.061  -12.512  -31.802 0.1428571492
87545  -38.193  -11.504  -31.279 0.1428571492
88642  -38.814  -10.611  -31.776 0.1428571492
88641  -37.782  -10.611  -31.396 0.1428571492
90779  -39.133  -8.339  -33.971 0.1428571492
81914  -33.132  -16.218  -32.212 0.1428571492
84038  -34.086  -15.283  -31.641 0.1428571492
82952  -34.044  -16.057  -31.602 0.1428571492
82954  -35.368  -15.111  -30.859 0.1428571492
85216  -37.056  -13.201  -30.651 0.1428571492
86425  -37.629  -12.349  -30.907 0.1428571492
85215  -35.982  -13.208  -30.872 0.1428571492
89730  -39.430  -10.027  -32.963 0.1428571492
87546  -38.990  -11.636  -31.619 0.1428571492
89751  -39.446  -9.975  -33.860 0.1428571492
81897  -34.287  -16.772  -31.271 0.1428571492
81913  -32.583  -16.694  -32.488 0.1428571492
82922  -35.813  -15.999  -30.531 0.1428571492
82953  -34.793  -15.876  -31.085 0.1428571492
84040  -35.562  -14.184  -30.892 0.1428571492
85217  -38.078  -13.307  -30.795 0.1428571492
85190  -37.558  -14.110  -30.614 0.1428571492
86426  -38.575  -12.475  -31.204 0.1428571492
88654  -39.147  -10.250  -32.253 0.1428571492
81867  -36.621  -16.848  -30.204 0.1428571492
82921  -35.288  -16.417  -30.654 0.1428571492
82924  -37.828  -15.829  -30.533 0.1428571492
82923  -36.878  -15.889  -30.325 0.1428571492
85191  -38.334  -14.203  -30.968 0.1428571492
84014  -38.039  -14.948  -30.740 0.1428571492
87547  -39.383  -11.665  -32.221 0.1428571492
85218  -38.874  -13.643  -31.481 0.1428571492
84012  -36.188  -15.021  -30.498 0.1428571492
85189  -36.563  -14.096  -30.566 0.1428571492
86423  -35.620  -12.434  -31.400 0.1428571492
85252  -33.424  -13.298  -33.049 0.1428571492
89750  -39.272  -9.180  -34.390 0.1428571492
90800  -39.159  -8.430  -34.887 0.1428571492
89699  -36.604  -9.802  -31.472 0.1428571492
89701  -38.163  -9.732  -31.673 0.1428571492
89728  -34.335  -9.457  -33.381 0.1428571492
76562  -27.781  -20.937  -35.439 0.2857142985
88670  -39.573  -10.729  -33.379 0.1428571492
91756  -39.122  -7.984  -35.319 0.1428571492
98294  -26.298  -1.461  -37.458 0.4285714328
91755  -38.997  -7.520  -34.728 0.1428571492
91700  -37.465  -7.518  -32.176 0.1428571492
91739  -38.768  -7.436  -33.620 0.1428571492
91696  -34.284  -7.774  -33.087 0.1428571492
92763  -33.476  -7.117  -33.924 0.1428571492
104118  -25.276  4.417  -37.262 0.4285714328
105092  -25.678  5.593  -37.560 0.4285714328
138313  -23.503  6.763  -45.898 0.1428571492
138316  -22.700  7.397  -44.734 0.1428571492
81895  -33.127  -17.219  -31.903 0.1428571492
93851  -32.961  -5.941  -33.937 0.1428571492
88669  -34.416  -10.294  -33.129 0.1428571492
89710  -35.315  -9.618  -32.220 0.1428571492
90727  -36.389  -9.039  -31.597 0.1428571492
91698  -35.605  -7.532  -31.941 0.1428571492
90740  -36.970  -8.297  -31.667 0.1428571492
87552  -34.898  -11.278  -32.354 0.1428571492
87568  -34.488  -10.963  -32.858 0.1428571492
90729  -37.704  -9.318  -31.624 0.1428571492
88639  -36.027  -10.527  -31.614 0.1428571492
85231  -33.946  -13.217  -32.533 0.1428571492
87544  -37.192  -11.468  -31.193 0.1428571492
85214  -34.991  -13.269  -31.609 0.1428571492
86424  -36.583  -12.337  -31.026 0.1428571492
88643  -39.242  -11.141  -31.947 0.1428571492
81896  -33.534  -16.707  -31.814 0.1428571492
86427  -39.224  -12.529  -31.851 0.1428571492
84013  -37.181  -14.970  -30.489 0.1428571492
69773  -26.006  -27.418  -33.825 0.1428571492
69775  -27.549  -27.169  -33.521 0.1428571492
70915  -25.565  -26.494  -34.172 0.1428571492
70916  -26.578  -26.624  -34.477 0.1428571492
70917  -27.793  -26.588  -34.003 0.1428571492
70928  -27.133  -26.174  -34.772 0.1428571492
72119  -27.805  -25.143  -34.833 0.1428571492
73277  -27.370  -24.370  -35.047 0.1428571492
74359  -26.833  -23.491  -35.017 0.1428571492
75434  -26.351  -22.647  -35.077 0.1428571492
74360  -27.546  -23.517  -34.674 0.1428571492
75435  -27.202  -22.449  -34.967 0.1428571492
74358  -25.848  -23.506  -34.771 0.1428571492
76549  -27.358  -21.857  -35.013 0.1428571492
76560  -26.191  -21.368  -35.543 0.1428571492
77647  -25.373  -20.528  -35.523 0.1428571492
77663  -26.611  -19.791  -36.250 0.1428571492
77648  -26.440  -20.406  -35.986 0.1428571492
78852  -26.799  -19.353  -36.449 0.2857142985
78853  -27.609  -19.579  -36.235 0.1428571492
79931  -27.160  -18.684  -36.722 0.1428571492
80969  -28.569  -16.935  -37.411 0.2857142985
84162  -27.966  -14.464  -38.697 0.4285714328
85343  -28.980  -13.419  -38.665 0.4285714328
97296  -26.116  -2.809  -38.108 0.2857142985
98293  -25.439  -1.544  -37.778 0.2857142985
102102  -24.399  2.393  -37.616 0.2857142985
103070  -24.875  3.389  -37.288 0.2857142985
79930  -26.240  -18.540  -36.647 0.1428571492
80947  -28.348  -17.744  -36.880 0.1428571492
72117  -26.302  -24.980  -34.976 0.1428571492
76559  -25.554  -21.555  -35.232 0.1428571492
78836  -25.639  -19.783  -35.913 0.1428571492
78851  -26.061  -19.367  -36.267 0.1428571492
80945  -26.552  -17.676  -37.086 0.2857142985
80946  -27.523  -17.925  -37.058 0.2857142985
80967  -27.087  -17.249  -37.409 0.2857142985
80968  -27.777  -17.111  -37.400 0.2857142985
83056  -28.918  -15.746  -38.534 0.4285714328
83055  -28.396  -15.444  -38.429 0.4285714328
84161  -27.078  -13.981  -38.504 0.2857142985
96231  -26.352  -3.736  -38.457 0.2857142985
97282  -25.945  -2.127  -37.789 0.2857142985
98306  -24.911  -1.734  -38.562 0.2857142985
101194  -24.984  1.422  -37.444 0.2857142985
101193  -24.207  1.413  -37.945 0.2857142985
96230  -25.606  -3.158  -38.744 0.2857142985
97295  -25.476  -2.349  -38.340 0.2857142985
99291  -24.725  -0.598  -37.924 0.2857142985
99290  -24.284  0.077  -38.152 0.2857142985
100264  -23.951  0.616  -38.232 0.2857142985
99304  -24.380  -1.217  -38.868 0.2857142985
83071  -28.553  -14.950  -38.830 0.4285714328
84163  -28.701  -14.384  -38.848 0.4285714328
76550  -27.811  -21.666  -34.671 0.1428571492
70929  -27.625  -25.867  -34.764 0.1428571492
100252  -24.563  0.556  -37.806 0.2857142985
69774  -27.034  -27.305  -33.838 0.1428571492
72103  -26.633  -25.968  -34.834 0.1428571492
73276  -26.536  -24.387  -34.994 0.1428571492
75446  -26.005  -21.997  -35.239 0.1428571492
75445  -25.714  -21.974  -35.161 0.1428571492
75447  -26.598  -21.998  -35.270 0.1428571492
83054  -27.582  -15.507  -37.919 0.4285714328
99303  -23.846  -0.307  -38.476 0.2857142985
86543  -27.967  -12.399  -39.177 0.2857142985
111696  -23.134  12.830  -43.498 0.1428571492
110864  -22.907  11.640  -43.744 0.1428571492
110852  -21.981  11.764  -43.492 0.1428571492
108993  -21.966  9.603  -43.799 0.1428571492
138321  -22.388  8.480  -44.285 0.1428571492
111697  -23.483  12.513  -42.960 0.1428571492
109945  -21.895  10.602  -43.293 0.1428571492
111666  -21.754  12.771  -41.685 0.1428571492
112466  -23.193  14.275  -40.911 0.1428571492
86561  -28.157  -11.890  -39.392 0.2857142985
88768  -27.563  -10.789  -39.728 0.2857142985
138282  -22.610  8.423  -44.976 0.1428571492
109967  -23.096  10.162  -44.291 0.1428571492
109957  -22.381  10.346  -44.013 0.1428571492
109002  -22.299  9.362  -44.243 0.1428571492
106984  -23.281  8.483  -42.483 0.1428571492
110825  -21.748  11.648  -41.825 0.1428571492
138318  -22.366  8.707  -43.355 0.1428571492
112492  -21.874  13.371  -42.734 0.1428571492
111641  -22.821  13.080  -39.769 0.1428571492
112460  -23.439  13.887  -39.570 0.1428571492
111650  -22.163  12.995  -40.708 0.1428571492
108975  -21.882  9.782  -43.072 0.1428571492
109926  -21.899  10.547  -42.404 0.1428571492
85342  -28.287  -13.409  -38.908 0.2857142985
111707  -22.215  12.416  -43.750 0.1428571492
112510  -23.220  13.303  -43.023 0.1428571492
110834  -21.735  11.566  -42.771 0.1428571492
110833  -21.678  12.303  -43.016 0.1428571492
111682  -23.761  13.142  -42.464 0.1428571492
111680  -21.629  12.465  -42.502 0.1428571492
109966  -22.904  10.013  -44.357 0.1428571492
98333  -24.386  -2.176  -39.697 0.1428571492
97313  -25.126  -2.543  -39.089 0.1428571492
98318  -24.666  -1.980  -39.319 0.1428571492
99302  -23.296  0.002  -38.549 0.1428571492
101216  -21.947  0.754  -39.164 0.1428571492
101204  -22.089  1.438  -39.272 0.1428571492
96250  -25.748  -3.871  -39.090 0.1428571492
100263  -23.379  0.557  -38.573 0.1428571492
102100  -22.021  2.631  -38.224 0.1428571492
103078  -22.348  2.723  -38.149 0.1428571492
103067  -21.937  3.191  -37.739 0.2857142985
90879  -27.674  -8.405  -40.474 0.2857142985
90878  -26.783  -8.337  -40.431 0.1428571492
95056  -25.870  -4.891  -39.684 0.1428571492
96249  -25.283  -3.358  -39.393 0.1428571492
100256  -30.562  0.570  -37.251 0.1428571492
99319  -24.258  -1.639  -39.461 0.1428571492
102114  -23.801  2.048  -38.137 0.1428571492
103069  -23.831  3.367  -37.551 0.1428571492
103068  -22.840  3.138  -37.866 0.1428571492
104116  -23.115  4.225  -37.456 0.2857142985
105090  -23.409  5.232  -37.364 0.2857142985
106926  -22.604  7.339  -35.971 0.2857142985
106925  -21.949  7.247  -35.795 0.2857142985
106927  -23.601  7.844  -35.885 0.2857142985
108904  -22.524  9.572  -32.956 0.1428571492
105091  -24.520  5.326  -37.227 0.2857142985
105081  -25.219  6.280  -37.147 0.2857142985
105079  -23.766  6.154  -37.072 0.2857142985
106031  -22.108  6.658  -36.356 0.2857142985
106042  -24.901  7.168  -36.952 0.2857142985
106032  -23.126  6.848  -36.502 0.2857142985
106915  -21.601  7.286  -35.209 0.2857142985
110741  -23.232  11.237  -34.670 0.1428571492
106030  -21.421  6.570  -35.791 0.1428571492
105070  -20.997  6.000  -35.643 0.1428571492
104115  -22.208  4.142  -37.517 0.2857142985
106916  -22.505  8.000  -35.290 0.2857142985
107849  -22.313  8.793  -34.014 0.1428571492
107853  -22.481  8.656  -34.621 0.1428571492
102099  -21.541  2.275  -38.122 0.2857142985
106906  -21.423  7.126  -34.453 0.1428571492
107845  -22.650  8.879  -32.430 0.1428571492
106902  -21.971  7.884  -33.802 0.1428571492
102093  -20.317  2.002  -36.258 0.1428571492
93965  -26.282  -5.465  -39.768 0.1428571492
96262  -25.160  -3.749  -39.641 0.1428571492
96277  -24.498  -3.303  -39.944 0.1428571492
98331  -23.722  -1.973  -39.705 0.1428571492
99330  -23.543  -1.360  -39.323 0.1428571492
99318  -23.865  -1.133  -39.102 0.1428571492
100274  -22.298  0.192  -38.826 0.1428571492
101206  -23.572  1.376  -38.461 0.1428571492
102101  -23.599  2.654  -37.932 0.1428571492
105089  -22.356  5.064  -37.375 0.1428571492
105078  -22.611  6.030  -37.069 0.2857142985
106901  -21.497  6.917  -33.561 0.1428571492
106907  -22.020  7.970  -34.608 0.1428571492
107857  -22.947  8.967  -34.846 0.1428571492
107844  -22.279  8.864  -33.017 0.1428571492
108916  -22.479  9.696  -33.470 0.1428571492
100243  -30.907  -0.153  -35.958 0.1428571492
99282  -30.574  0.024  -36.983 0.1428571492
100242  -30.685  0.464  -36.437 0.1428571492
106034  -24.933  6.653  -36.948 0.2857142985
110722  -23.138  11.077  -34.121 0.1428571492
92873  -26.265  -6.323  -40.132 0.1428571492
98255  -31.398  -1.859  -35.003 0.1428571492
104117  -24.175  4.342  -37.341 0.1428571492
97328  -24.819  -2.722  -39.715 0.1428571492
99317  -23.238  -0.567  -38.701 0.1428571492
98332  -24.084  -2.174  -39.810 0.1428571492
97327  -24.368  -2.625  -39.940 0.1428571492
100276  -22.992  0.366  -38.757 0.1428571492
101218  -22.734  0.667  -38.990 0.1428571492
102112  -22.301  2.236  -38.722 0.1428571492
102113  -23.144  2.267  -38.510 0.1428571492
96263  -25.546  -4.201  -39.490 0.1428571492
103079  -22.653  2.572  -38.314 0.1428571492
95055  -25.348  -4.691  -39.628 0.1428571492
108917  -22.665  10.000  -32.942 0.1428571492
105080  -24.759  6.147  -36.985 0.2857142985
106033  -24.239  6.953  -36.672 0.2857142985
110723  -23.710  11.874  -34.254 0.1428571492
80943  -24.841  -17.442  -36.190 0.1428571492
81975  -26.573  -16.866  -37.382 0.1428571492
81955  -24.109  -16.640  -36.242 0.1428571492
83030  -24.864  -15.557  -37.156 0.1428571492
83031  -25.809  -15.767  -37.432 0.1428571492
84124  -24.711  -14.469  -37.549 0.1428571492
81999  -27.122  -16.397  -37.598 0.1428571492
84142  -25.256  -14.180  -37.888 0.1428571492
84143  -26.206  -14.217  -38.059 0.1428571492
84145  -27.848  -15.027  -38.310 0.1428571492
84144  -27.252  -14.716  -38.134 0.1428571492
85302  -24.159  -13.927  -37.372 0.1428571492
85323  -25.447  -13.678  -38.095 0.1428571492
85340  -26.911  -13.226  -38.523 0.1428571492
86542  -27.361  -12.532  -38.841 0.1428571492
89826  -27.621  -9.975  -40.025 0.1428571492
103066  -21.178  3.217  -37.318 0.1428571492
81998  -26.361  -16.236  -37.461 0.1428571492
82000  -28.064  -16.264  -37.805 0.1428571492
79928  -24.677  -18.106  -35.962 0.1428571492
89844  -28.026  -9.165  -40.342 0.1428571492
85341  -27.613  -13.359  -38.770 0.1428571492
80944  -25.630  -17.560  -36.665 0.1428571492
81973  -24.952  -16.601  -36.602 0.1428571492
81974  -25.823  -16.617  -37.127 0.1428571492
83029  -24.019  -15.297  -36.750 0.1428571492
83052  -25.532  -14.937  -37.648 0.1428571492
83053  -26.549  -15.390  -37.691 0.1428571492
85322  -24.645  -13.501  -37.828 0.1428571492
84160  -26.569  -13.702  -38.361 0.1428571492
80926  -24.045  -17.474  -35.882 0.1428571492
68715  -26.712  -27.815  -33.445 0.1428571492
72102  -25.971  -25.557  -34.662 0.1428571492
72118  -26.924  -25.359  -35.102 0.1428571492
73248  -28.934  -24.747  -33.152 0.4285714328
77609  -31.743  -19.793  -31.997 0.1428571492
77664  -27.085  -20.010  -36.239 0.1428571492
78838  -28.561  -19.289  -35.431 0.4285714328
79882  -29.494  -18.894  -33.951 0.1428571492
80900  -31.192  -17.276  -33.333 0.1428571492
82014  -29.582  -15.594  -38.428 0.7142857313
87658  -27.610  -12.067  -39.130 0.2857142985
87659  -28.722  -11.625  -39.233 0.5714285970
87678  -27.784  -11.568  -39.454 0.2857142985
87680  -28.758  -11.308  -39.337 0.4285714328
88655  -39.402  -10.741  -32.461 0.1428571492
88714  -32.009  -10.385  -36.220 0.5714285970
88767  -27.067  -10.490  -39.784 0.1428571492
89712  -39.252  -10.140  -32.503 0.1428571492
90834  -30.985  -8.556  -38.127 0.7142857313
91772  -39.203  -8.071  -35.662 0.1428571492
91817  -30.101  -7.854  -39.493 0.8571428657
92876  -28.403  -7.357  -40.204 0.5714285970
93901  -31.919  -5.924  -35.989 0.4285714328
97297  -27.702  -2.837  -37.903 0.8571428657
97341  -24.327  -3.031  -40.081 0.1428571492
97342  -24.648  -3.001  -39.986 0.1428571492
98307  -28.531  -1.416  -37.835 1.0000000000
99329  -23.136  -1.208  -39.004 0.1428571492
99331  -23.952  -1.651  -39.606 0.1428571492
99332  -24.174  -1.902  -39.684 0.1428571492
100275  -22.697  0.187  -38.759 0.1428571492
101205  -22.903  1.253  -39.034 0.1428571492
101217  -22.442  0.761  -39.154 0.1428571492
101237  -28.788  1.260  -41.326 0.1428571492
101247  -27.753  1.724  -42.196 0.1428571492
102136  -27.047  2.060  -41.510 0.5714285970
102166  -26.371  3.127  -44.624 0.1428571492
103112  -25.772  3.639  -43.009 0.2857142985
103131  -26.278  3.433  -45.094 0.1428571492
104131  -27.213  3.631  -39.320 0.8571428657
104145  -25.909  4.735  -42.090 0.4285714328
104174  -26.026  4.726  -45.739 0.1428571492
106043  -25.314  6.709  -37.439 0.2857142985
106053  -26.263  6.057  -38.684 0.8571428657
106085  -23.048  7.011  -44.494 0.2857142985
106091  -24.152  6.627  -46.071 0.1428571492
106986  -24.593  7.352  -42.395 0.2857142985
107884  -25.176  8.131  -38.735 0.7142857313
107908  -24.109  8.954  -40.864 0.2857142985
107926  -24.434  8.140  -41.343 0.2857142985
109946  -23.220  11.309  -43.637 0.1428571492
109958  -23.083  10.654  -43.980 0.1428571492
110851  -21.791  12.394  -43.349 0.1428571492
110863  -22.522  11.595  -43.801 0.1428571492
111642  -23.120  13.119  -39.192 0.2857142985
111679  -21.639  12.915  -42.978 0.1428571492
111681  -23.388  13.711  -42.514 0.1428571492
111694  -21.720  12.765  -43.271 0.1428571492
111695  -21.928  12.600  -43.550 0.1428571492
111708  -22.692  12.453  -43.759 0.1428571492
112491  -21.741  13.196  -43.084 0.1428571492
112494  -23.307  13.573  -42.695 0.1428571492
112507  -21.710  13.044  -43.206 0.1428571492
138319  -22.518  8.627  -44.719 0.1428571492
138324  -22.179  9.169  -43.416 0.1428571492
