#!ascii label  , from subject sub-01 vox2ras=TkReg
312
84107  -30.963  -14.375  -36.034 0.0000000000
88770  -28.802  -10.624  -39.528 0.0000000000
101195  -25.951  1.360  -37.117 0.0000000000
97284  -27.543  -2.318  -37.686 0.0000000000
93938  -30.295  -5.486  -38.169 0.0000000000
89769  -32.657  -9.366  -35.430 0.0000000000
104118  -25.276  4.417  -37.262 0.0000000000
96234  -29.381  -3.678  -38.381 0.0000000000
92861  -27.810  -6.518  -39.736 0.0000000000
85344  -29.866  -13.451  -38.197 0.0000000000
88741  -30.683  -10.131  -38.111 0.0000000000
86495  -31.772  -12.167  -35.588 0.0000000000
78837  -28.316  -19.638  -35.582 0.0000000000
82013  -29.241  -15.835  -38.414 0.0000000000
107873  -24.075  9.264  -36.660 0.0000000000
106944  -25.153  7.931  -38.282 0.0000000000
106062  -26.402  5.857  -39.444 0.0000000000
103086  -27.199  3.588  -39.568 0.0000000000
101219  -27.985  0.947  -39.471 0.0000000000
99293  -26.929  -0.573  -37.245 0.0000000000
99320  -28.806  -0.294  -38.619 0.0000000000
99308  -30.171  -0.621  -38.048 0.0000000000
97287  -31.202  -2.723  -37.298 0.0000000000
96199  -31.622  -3.733  -35.737 0.0000000000
90866  -30.237  -8.212  -39.308 0.0000000000
92812  -31.633  -6.874  -36.850 0.0000000000
93951  -27.428  -5.826  -39.441 0.0000000000
92874  -27.202  -6.613  -40.109 0.0000000000
84125  -30.558  -14.313  -37.029 0.0000000000
86510  -30.905  -12.752  -36.876 0.0000000000
85284  -31.463  -13.512  -35.541 0.0000000000
73265  -28.908  -23.806  -33.167 0.0000000000
75422  -28.792  -22.702  -33.206 0.0000000000
76521  -29.284  -21.564  -32.880 0.0000000000
83071  -28.553  -14.950  -38.830 0.0000000000
83054  -27.582  -15.507  -37.919 0.0000000000
106945  -25.582  7.472  -38.601 0.0000000000
103071  -26.042  3.381  -37.222 0.0000000000
104125  -26.799  4.188  -38.310 0.0000000000
103072  -26.862  2.965  -37.540 0.0000000000
102121  -27.548  1.913  -39.958 0.0000000000
102105  -27.252  2.167  -37.865 0.0000000000
98295  -27.170  -1.496  -37.426 0.0000000000
99306  -28.277  -0.557  -37.977 0.0000000000
99307  -28.924  -0.771  -38.150 0.0000000000
98319  -29.615  -0.736  -38.327 0.0000000000
98308  -29.298  -1.342  -37.970 0.0000000000
95026  -30.140  -4.679  -38.220 0.0000000000
97286  -30.723  -2.857  -37.674 0.0000000000
96221  -31.166  -3.734  -37.336 0.0000000000
96212  -31.536  -3.450  -36.673 0.0000000000
95006  -31.367  -4.312  -37.123 0.0000000000
89827  -28.412  -9.831  -39.970 0.0000000000
90881  -29.216  -8.460  -40.313 0.0000000000
89828  -29.278  -9.408  -39.860 0.0000000000
88729  -31.679  -10.178  -36.677 0.0000000000
90835  -31.431  -8.487  -37.568 0.0000000000
90816  -32.325  -8.412  -36.351 0.0000000000
92798  -32.415  -6.795  -35.574 0.0000000000
91737  -32.741  -8.060  -35.274 0.0000000000
78807  -29.234  -19.426  -34.019 0.0000000000
79917  -28.822  -18.821  -35.559 0.0000000000
80911  -29.575  -18.075  -34.801 0.0000000000
80928  -29.820  -17.355  -35.452 0.0000000000
96232  -27.471  -3.550  -38.084 0.0000000000
96233  -28.492  -3.621  -38.297 0.0000000000
95023  -27.698  -4.744  -38.581 0.0000000000
93936  -28.815  -5.468  -38.839 0.0000000000
93937  -29.512  -5.845  -38.736 0.0000000000
86545  -29.395  -12.425  -38.546 0.0000000000
88754  -30.043  -10.662  -38.606 0.0000000000
87662  -30.490  -11.591  -38.109 0.0000000000
87626  -31.280  -11.262  -36.950 0.0000000000
88715  -32.328  -10.222  -35.787 0.0000000000
77622  -28.770  -20.350  -33.979 0.0000000000
86562  -28.317  -12.047  -39.279 0.0000000000
85343  -28.980  -13.419  -38.665 0.0000000000
84165  -29.909  -14.446  -38.374 0.0000000000
82003  -30.150  -15.538  -37.440 0.0000000000
109859  -23.359  11.040  -37.234 0.0000000000
107865  -24.254  8.569  -36.304 0.0000000000
107874  -24.501  8.683  -37.249 0.0000000000
107910  -25.376  7.856  -40.113 0.0000000000
106069  -26.112  6.333  -40.382 0.0000000000
105116  -26.459  5.211  -40.848 0.0000000000
105093  -26.330  4.869  -37.969 0.0000000000
105108  -26.627  5.068  -39.823 0.0000000000
104138  -26.755  4.202  -40.563 0.0000000000
103104  -26.845  3.058  -41.318 0.0000000000
102128  -27.317  1.847  -40.882 0.0000000000
100287  -27.963  0.696  -41.075 0.0000000000
100254  -26.408  0.367  -37.155 0.0000000000
101207  -27.624  1.095  -38.313 0.0000000000
101220  -28.352  0.437  -39.155 0.0000000000
100289  -29.296  0.388  -40.485 0.0000000000
100279  -29.670  0.235  -39.465 0.0000000000
99295  -30.482  -0.238  -37.453 0.0000000000
97299  -29.306  -2.586  -38.155 0.0000000000
98310  -30.477  -1.806  -37.721 0.0000000000
91831  -28.111  -7.769  -40.439 0.0000000000
91816  -29.621  -7.577  -39.906 0.0000000000
92847  -30.316  -6.522  -38.410 0.0000000000
89801  -30.862  -9.149  -38.123 0.0000000000
91803  -30.892  -7.527  -38.226 0.0000000000
92832  -31.035  -6.479  -37.647 0.0000000000
93900  -31.656  -5.706  -36.324 0.0000000000
94982  -32.152  -5.090  -35.260 0.0000000000
80970  -29.200  -16.720  -37.392 0.0000000000
81977  -30.100  -15.919  -36.704 0.0000000000
83000  -30.867  -15.815  -34.846 0.0000000000
85303  -31.004  -13.600  -36.456 0.0000000000
85283  -31.186  -13.848  -36.035 0.0000000000
84108  -31.323  -14.249  -35.345 0.0000000000
73250  -30.221  -24.282  -32.610 0.0000000000
74348  -28.856  -23.325  -33.153 0.0000000000
74332  -29.526  -23.335  -32.846 0.0000000000
102103  -25.462  2.379  -37.198 0.0000000000
102104  -26.486  2.275  -37.248 0.0000000000
96218  -26.888  -3.012  -37.830 0.0000000000
97283  -26.644  -2.239  -37.650 0.0000000000
98296  -27.937  -1.427  -37.554 0.0000000000
97285  -28.128  -1.923  -37.702 0.0000000000
97298  -28.338  -2.466  -37.947 0.0000000000
95005  -30.783  -4.673  -37.642 0.0000000000
93917  -31.228  -5.233  -37.194 0.0000000000
88753  -29.586  -10.133  -39.192 0.0000000000
89786  -32.298  -9.425  -36.193 0.0000000000
89785  -31.867  -9.056  -36.887 0.0000000000
90799  -32.627  -8.608  -35.708 0.0000000000
91754  -32.554  -7.764  -35.750 0.0000000000
90777  -32.838  -8.632  -35.097 0.0000000000
89748  -32.964  -9.208  -34.889 0.0000000000
79897  -29.324  -18.653  -34.605 0.0000000000
95022  -26.894  -4.450  -38.616 0.0000000000
93952  -28.270  -6.077  -39.234 0.0000000000
93935  -28.153  -5.415  -38.851 0.0000000000
93953  -28.820  -6.097  -39.074 0.0000000000
86546  -30.024  -12.417  -38.170 0.0000000000
87661  -30.011  -11.648  -38.390 0.0000000000
87641  -30.429  -11.988  -38.072 0.0000000000
86511  -31.325  -12.014  -36.477 0.0000000000
86527  -31.001  -12.050  -37.162 0.0000000000
87610  -31.804  -11.046  -36.128 0.0000000000
87611  -32.382  -11.126  -35.312 0.0000000000
86496  -32.439  -11.950  -34.906 0.0000000000
73264  -28.652  -24.467  -33.437 0.0000000000
72105  -28.370  -25.137  -33.910 0.0000000000
77606  -29.350  -20.918  -33.047 0.0000000000
78791  -29.567  -19.948  -33.289 0.0000000000
86544  -28.609  -12.260  -38.997 0.0000000000
83072  -29.100  -15.275  -38.834 0.0000000000
84164  -29.387  -14.388  -38.673 0.0000000000
83073  -29.753  -15.058  -38.573 0.0000000000
83074  -30.141  -14.875  -38.199 0.0000000000
83057  -30.032  -15.429  -38.100 0.0000000000
108930  -23.700  10.077  -36.457 0.0000000000
108933  -23.897  9.797  -37.730 0.0000000000
106935  -25.067  7.675  -37.622 0.0000000000
106928  -24.565  7.821  -36.624 0.0000000000
107883  -24.763  8.453  -38.225 0.0000000000
108941  -24.379  9.228  -38.635 0.0000000000
107893  -24.844  8.633  -39.187 0.0000000000
107909  -24.703  8.408  -40.445 0.0000000000
107894  -25.325  8.035  -39.464 0.0000000000
106061  -26.127  6.658  -39.144 0.0000000000
106954  -25.758  7.350  -39.743 0.0000000000
106070  -26.421  5.629  -40.118 0.0000000000
104126  -27.196  3.669  -38.927 0.0000000000
104130  -26.987  4.162  -39.396 0.0000000000
103094  -27.130  3.461  -40.141 0.0000000000
101228  -27.654  1.113  -40.574 0.0000000000
98294  -26.298  -1.461  -37.458 0.0000000000
99292  -25.805  -0.612  -37.302 0.0000000000
100255  -27.309  0.366  -37.597 0.0000000000
100266  -28.442  0.112  -38.702 0.0000000000
100278  -28.747  0.146  -39.593 0.0000000000
98320  -29.785  -0.898  -38.116 0.0000000000
99322  -29.842  -0.406  -38.628 0.0000000000
100267  -30.463  0.385  -38.017 0.0000000000
97301  -30.766  -2.364  -37.641 0.0000000000
98297  -30.958  -1.706  -37.356 0.0000000000
99296  -30.524  -1.067  -37.527 0.0000000000
96183  -31.865  -3.934  -34.883 0.0000000000
91830  -27.386  -7.580  -40.499 0.0000000000
90865  -30.078  -8.493  -39.970 0.0000000000
91832  -28.795  -7.714  -40.293 0.0000000000
91801  -29.870  -7.432  -39.039 0.0000000000
91802  -30.340  -7.605  -38.764 0.0000000000
89814  -30.287  -9.619  -38.703 0.0000000000
91769  -31.763  -7.689  -37.103 0.0000000000
90851  -31.092  -8.113  -38.085 0.0000000000
91788  -31.352  -7.516  -37.610 0.0000000000
92848  -30.665  -7.027  -38.278 0.0000000000
93888  -32.140  -5.673  -35.544 0.0000000000
93871  -32.746  -6.230  -34.500 0.0000000000
81976  -29.641  -16.667  -36.702 0.0000000000
81957  -30.178  -16.607  -35.563 0.0000000000
95043  -26.982  -5.056  -39.111 0.0000000000
92860  -27.455  -6.353  -39.795 0.0000000000
85324  -30.523  -13.504  -37.368 0.0000000000
86526  -30.521  -12.549  -37.670 0.0000000000
85304  -31.297  -12.815  -36.191 0.0000000000
85264  -31.916  -13.504  -34.794 0.0000000000
73249  -29.265  -24.449  -32.942 0.0000000000
76536  -28.748  -21.590  -33.427 0.0000000000
75406  -29.339  -22.212  -32.782 0.0000000000
84162  -27.966  -14.464  -38.697 0.0000000000
83055  -28.396  -15.444  -38.429 0.0000000000
83056  -28.918  -15.746  -38.534 0.0000000000
107864  -23.788  9.118  -35.791 0.0000000000
106936  -25.474  7.097  -37.932 0.0000000000
106052  -25.856  6.518  -38.175 0.0000000000
105100  -26.137  5.878  -38.204 0.0000000000
104119  -26.180  4.367  -37.605 0.0000000000
103080  -26.675  3.635  -37.737 0.0000000000
103081  -27.234  3.148  -38.322 0.0000000000
103087  -27.424  3.048  -39.444 0.0000000000
102115  -27.730  2.097  -38.854 0.0000000000
99305  -27.622  -0.268  -37.695 0.0000000000
99294  -27.645  -0.840  -37.448 0.0000000000
99321  -29.344  -0.421  -38.663 0.0000000000
96235  -30.006  -3.867  -38.255 0.0000000000
96220  -30.614  -3.605  -37.760 0.0000000000
97274  -31.461  -2.503  -36.541 0.0000000000
94996  -31.565  -4.533  -36.444 0.0000000000
90880  -28.433  -8.441  -40.453 0.0000000000
89845  -28.688  -9.081  -40.263 0.0000000000
89813  -30.016  -9.117  -39.348 0.0000000000
89802  -31.274  -9.612  -37.493 0.0000000000
90815  -31.993  -8.209  -36.918 0.0000000000
91770  -32.162  -7.430  -36.417 0.0000000000
92784  -32.660  -7.353  -35.006 0.0000000000
92785  -33.095  -7.195  -34.453 0.0000000000
91738  -33.017  -7.949  -34.806 0.0000000000
78822  -28.682  -19.606  -34.858 0.0000000000
79916  -28.495  -19.141  -35.740 0.0000000000
80927  -29.433  -17.945  -35.529 0.0000000000
80948  -29.158  -17.417  -36.676 0.0000000000
80912  -29.993  -17.611  -34.656 0.0000000000
96219  -27.404  -2.954  -37.861 0.0000000000
95024  -28.671  -4.622  -38.563 0.0000000000
95025  -29.446  -4.684  -38.544 0.0000000000
87660  -29.193  -11.338  -38.986 0.0000000000
88755  -30.572  -11.066  -38.134 0.0000000000
87642  -30.832  -11.614  -37.711 0.0000000000
88742  -31.097  -10.657  -37.548 0.0000000000
88730  -32.110  -10.059  -36.233 0.0000000000
88693  -32.811  -10.092  -34.895 0.0000000000
70918  -28.408  -25.859  -33.756 0.0000000000
78821  -28.428  -19.879  -35.122 0.0000000000
77621  -28.324  -21.110  -34.161 0.0000000000
77636  -28.572  -20.112  -34.580 0.0000000000
87679  -28.412  -11.533  -39.435 0.0000000000
84163  -28.701  -14.384  -38.848 0.0000000000
84146  -30.275  -14.282  -37.860 0.0000000000
83058  -30.330  -14.960  -37.622 0.0000000000
83032  -30.451  -15.106  -36.800 0.0000000000
106917  -23.261  8.617  -35.324 0.0000000000
108934  -24.336  9.006  -37.948 0.0000000000
106967  -25.424  7.410  -40.768 0.0000000000
106979  -25.092  7.317  -41.804 0.0000000000
106074  -25.727  6.562  -41.606 0.0000000000
105115  -26.137  5.769  -41.385 0.0000000000
105122  -26.174  5.087  -41.708 0.0000000000
105092  -25.678  5.593  -37.560 0.0000000000
105101  -26.523  5.255  -38.614 0.0000000000
104146  -26.261  4.205  -41.797 0.0000000000
102135  -26.767  2.381  -42.129 0.0000000000
103095  -27.295  2.612  -40.497 0.0000000000
103105  -27.127  2.358  -41.079 0.0000000000
100253  -25.371  0.406  -37.354 0.0000000000
101196  -26.937  1.287  -37.414 0.0000000000
100265  -27.859  0.194  -38.240 0.0000000000
101208  -28.140  0.602  -38.756 0.0000000000
100277  -28.104  0.483  -40.338 0.0000000000
100288  -28.577  0.436  -40.703 0.0000000000
100280  -30.177  0.245  -38.757 0.0000000000
101209  -30.426  1.118  -38.569 0.0000000000
98309  -29.951  -1.632  -37.952 0.0000000000
97300  -30.182  -2.791  -37.960 0.0000000000
99309  -30.245  -1.283  -37.754 0.0000000000
92875  -27.941  -7.113  -40.174 0.0000000000
92862  -28.729  -6.855  -39.596 0.0000000000
92846  -29.510  -6.951  -39.024 0.0000000000
90849  -30.215  -8.568  -39.378 0.0000000000
90850  -30.558  -8.495  -38.702 0.0000000000
92831  -30.673  -6.251  -37.948 0.0000000000
93916  -30.687  -5.770  -37.800 0.0000000000
92813  -32.026  -6.384  -36.139 0.0000000000
93887  -31.862  -5.405  -35.778 0.0000000000
94981  -31.888  -4.823  -35.512 0.0000000000
82001  -28.879  -16.229  -38.079 0.0000000000
81956  -29.675  -17.229  -36.016 0.0000000000
82002  -29.651  -16.068  -37.741 0.0000000000
83014  -30.550  -15.429  -35.836 0.0000000000
73248  -28.934  -24.747  -33.152 0.0000000000
78838  -28.561  -19.289  -35.431 0.0000000000
82014  -29.582  -15.594  -38.428 0.0000000000
87659  -28.722  -11.625  -39.233 0.0000000000
87680  -28.758  -11.308  -39.337 0.0000000000
88714  -32.009  -10.385  -36.220 0.0000000000
90834  -30.985  -8.556  -38.127 0.0000000000
91817  -30.101  -7.854  -39.493 0.0000000000
92876  -28.403  -7.357  -40.204 0.0000000000
93901  -31.919  -5.924  -35.989 0.0000000000
97297  -27.702  -2.837  -37.903 0.0000000000
98307  -28.531  -1.416  -37.835 0.0000000000
102136  -27.047  2.060  -41.510 0.0000000000
104131  -27.213  3.631  -39.320 0.0000000000
104145  -25.909  4.735  -42.090 0.0000000000
106053  -26.263  6.057  -38.684 0.0000000000
107884  -25.176  8.131  -38.735 0.0000000000
