#!ascii label  , from subject sub-01 vox2ras=TkReg
613
50464  20.700  -45.872  38.873 0.0000000000
72786  39.389  -26.757  27.442 0.0000000000
73809  45.032  -24.955  30.287 0.0000000000
59286  41.744  -37.891  34.887 0.0000000000
52687  28.206  -43.888  33.984 0.0000000000
51558  25.160  -45.420  38.777 0.0000000000
73846  42.016  -24.815  29.533 0.0000000000
69391  41.604  -28.960  32.512 0.0000000000
59280  37.973  -38.933  34.565 0.0000000000
53680  31.641  -44.276  35.412 0.0000000000
79852  50.423  -20.855  21.123 0.0000000000
76228  47.097  -23.579  25.221 0.0000000000
61675  40.629  -35.221  30.985 0.0000000000
66084  40.666  -31.434  33.593 0.0000000000
51608  24.399  -44.510  36.685 0.0000000000
50462  22.628  -45.870  39.307 0.0000000000
72754  40.174  -25.736  28.694 0.0000000000
72715  41.169  -25.840  31.971 0.0000000000
72717  39.887  -26.379  31.772 0.0000000000
52650  36.434  -43.405  34.566 0.0000000000
51589  28.532  -44.972  36.999 0.0000000000
52668  30.219  -44.373  35.001 0.0000000000
51568  30.600  -45.176  36.836 0.0000000000
79871  49.281  -20.059  21.128 0.0000000000
77488  49.600  -21.916  22.500 0.0000000000
77490  48.655  -22.346  22.998 0.0000000000
75013  44.917  -24.371  26.643 0.0000000000
75036  45.865  -24.203  24.582 0.0000000000
74986  46.001  -24.323  28.173 0.0000000000
74984  46.902  -24.947  27.443 0.0000000000
72739  46.408  -25.849  29.165 0.0000000000
59277  40.057  -37.974  35.915 0.0000000000
60460  39.314  -37.186  33.231 0.0000000000
61622  40.653  -36.327  34.148 0.0000000000
63964  40.361  -33.012  32.281 0.0000000000
63926  42.058  -34.639  33.842 0.0000000000
63953  43.250  -33.856  33.552 0.0000000000
59309  43.011  -37.318  33.167 0.0000000000
52627  26.339  -44.642  37.041 0.0000000000
73889  43.576  -24.993  26.754 0.0000000000
73826  44.113  -24.750  30.493 0.0000000000
72713  42.862  -25.461  31.481 0.0000000000
69402  41.721  -28.743  31.732 0.0000000000
55670  34.998  -41.548  35.163 0.0000000000
55647  36.784  -41.001  34.875 0.0000000000
54700  38.124  -40.806  34.527 0.0000000000
55719  39.734  -40.259  33.267 0.0000000000
55730  41.829  -39.809  31.882 0.0000000000
55691  33.618  -42.337  34.440 0.0000000000
52622  33.228  -44.250  35.749 0.0000000000
77514  51.508  -21.055  20.354 0.0000000000
76292  47.902  -22.886  22.779 0.0000000000
76213  48.056  -23.726  25.769 0.0000000000
72764  47.541  -25.536  26.763 0.0000000000
69416  38.765  -28.386  31.047 0.0000000000
68307  41.231  -29.948  33.938 0.0000000000
66124  43.863  -32.293  32.142 0.0000000000
49192  20.939  -46.407  39.140 0.0000000000
50463  21.745  -45.804  38.909 0.0000000000
49191  21.835  -46.194  39.491 0.0000000000
72767  39.660  -26.246  28.122 0.0000000000
73848  40.044  -25.585  29.547 0.0000000000
72743  39.206  -26.376  30.256 0.0000000000
51588  29.621  -44.857  36.717 0.0000000000
79872  48.589  -20.180  21.105 0.0000000000
78642  48.977  -21.161  22.205 0.0000000000
78643  48.509  -21.146  22.067 0.0000000000
73843  44.867  -24.508  29.244 0.0000000000
74987  45.182  -24.438  28.344 0.0000000000
74960  45.614  -24.753  29.494 0.0000000000
73842  46.120  -24.965  29.381 0.0000000000
59287  40.921  -37.689  35.050 0.0000000000
60416  40.460  -36.903  34.865 0.0000000000
60415  41.128  -36.775  34.897 0.0000000000
62837  41.514  -35.383  33.827 0.0000000000
61620  41.756  -36.003  34.396 0.0000000000
61631  42.824  -35.710  33.912 0.0000000000
59298  42.639  -37.789  33.819 0.0000000000
52629  25.168  -44.412  36.630 0.0000000000
51573  25.815  -45.237  37.927 0.0000000000
51572  26.740  -45.107  37.910 0.0000000000
73877  41.616  -25.516  27.350 0.0000000000
73890  42.593  -25.558  26.485 0.0000000000
73876  42.621  -25.007  27.552 0.0000000000
73875  43.588  -24.806  27.842 0.0000000000
73845  43.076  -24.744  29.667 0.0000000000
73811  43.562  -24.911  31.230 0.0000000000
73800  42.307  -25.196  31.587 0.0000000000
70463  41.325  -27.668  32.279 0.0000000000
70474  41.620  -27.742  31.787 0.0000000000
67210  42.790  -30.597  31.241 0.0000000000
68344  42.538  -30.234  32.043 0.0000000000
53676  35.241  -42.898  35.481 0.0000000000
56797  35.871  -41.145  35.232 0.0000000000
53675  35.572  -42.710  35.497 0.0000000000
54701  37.199  -41.743  34.559 0.0000000000
54708  38.798  -40.588  34.179 0.0000000000
53688  30.946  -44.341  35.496 0.0000000000
53695  31.952  -43.436  34.694 0.0000000000
53686  32.535  -43.236  34.849 0.0000000000
54681  33.620  -42.945  35.215 0.0000000000
52623  32.355  -44.185  35.531 0.0000000000
81027  50.920  -19.690  20.371 0.0000000000
78652  50.894  -20.995  20.882 0.0000000000
76242  49.019  -23.161  24.327 0.0000000000
75023  46.443  -23.863  24.989 0.0000000000
75062  46.266  -24.166  22.959 0.0000000000
76272  47.233  -23.307  23.402 0.0000000000
76311  47.829  -22.749  22.017 0.0000000000
76271  47.856  -22.955  23.587 0.0000000000
76270  47.924  -23.011  24.062 0.0000000000
76227  47.677  -23.510  25.214 0.0000000000
73839  46.941  -25.747  28.079 0.0000000000
73857  47.156  -25.508  27.532 0.0000000000
58094  36.923  -39.251  34.178 0.0000000000
59300  37.801  -38.251  33.988 0.0000000000
60475  40.387  -35.878  31.819 0.0000000000
59348  39.649  -37.206  31.493 0.0000000000
65042  40.296  -32.286  32.919 0.0000000000
66141  39.359  -31.733  30.908 0.0000000000
67212  39.189  -30.828  31.535 0.0000000000
68358  38.705  -29.316  30.563 0.0000000000
68333  39.152  -29.306  32.144 0.0000000000
69403  39.425  -28.502  32.547 0.0000000000
67172  40.911  -30.743  33.928 0.0000000000
62853  43.591  -34.646  33.130 0.0000000000
65039  43.725  -33.087  33.193 0.0000000000
63970  44.004  -33.944  32.027 0.0000000000
63980  44.018  -33.975  31.082 0.0000000000
51576  23.082  -44.954  38.255 0.0000000000
51559  24.235  -45.336  39.047 0.0000000000
49188  23.917  -46.405  39.593 0.0000000000
50448  23.327  -46.132  40.072 0.0000000000
73847  40.863  -25.152  29.348 0.0000000000
73813  41.843  -24.905  31.318 0.0000000000
73814  40.824  -25.281  31.448 0.0000000000
72716  40.447  -26.049  31.989 0.0000000000
70464  40.913  -27.807  32.755 0.0000000000
52640  27.906  -44.390  36.188 0.0000000000
52669  29.317  -44.119  34.963 0.0000000000
51604  29.187  -44.662  36.472 0.0000000000
52626  29.949  -44.582  36.319 0.0000000000
51586  31.045  -44.841  36.431 0.0000000000
52614  31.612  -44.884  36.135 0.0000000000
50472  30.852  -45.702  36.913 0.0000000000
79854  49.976  -20.484  21.268 0.0000000000
78640  49.915  -21.090  21.630 0.0000000000
78641  49.641  -20.989  21.816 0.0000000000
77489  49.175  -21.862  22.993 0.0000000000
76243  48.747  -23.153  24.117 0.0000000000
73915  44.594  -25.013  24.839 0.0000000000
73901  45.161  -24.511  25.584 0.0000000000
75011  46.366  -24.080  26.110 0.0000000000
76203  47.225  -23.905  26.172 0.0000000000
74985  46.487  -24.606  27.829 0.0000000000
73822  46.461  -25.417  29.049 0.0000000000
59278  39.468  -38.385  35.307 0.0000000000
60418  38.633  -38.060  34.252 0.0000000000
60417  39.558  -37.493  34.625 0.0000000000
61634  40.137  -36.592  33.811 0.0000000000
61651  40.480  -35.260  32.415 0.0000000000
63981  40.300  -33.807  31.122 0.0000000000
62848  40.891  -34.701  33.214 0.0000000000
63943  41.270  -33.783  33.489 0.0000000000
65027  41.467  -32.692  33.745 0.0000000000
66082  41.812  -31.847  33.723 0.0000000000
63940  42.788  -33.896  33.863 0.0000000000
61642  43.219  -35.659  33.386 0.0000000000
60443  43.449  -36.793  32.480 0.0000000000
52658  24.795  -44.058  35.247 0.0000000000
52657  25.691  -44.015  35.340 0.0000000000
52656  26.621  -44.143  35.437 0.0000000000
51606  27.310  -44.754  36.794 0.0000000000
51571  27.790  -45.099  37.598 0.0000000000
73859  44.477  -24.517  28.877 0.0000000000
73810  44.483  -24.934  30.698 0.0000000000
72727  44.083  -25.310  31.193 0.0000000000
71612  42.843  -26.466  31.139 0.0000000000
70489  42.520  -27.095  30.795 0.0000000000
72714  41.822  -25.691  31.723 0.0000000000
71613  42.062  -27.033  31.301 0.0000000000
56871  34.920  -40.837  33.832 0.0000000000
56841  35.889  -40.218  33.877 0.0000000000
58080  36.517  -39.913  34.281 0.0000000000
56816  37.643  -39.763  34.750 0.0000000000
53684  36.486  -42.522  35.036 0.0000000000
54691  37.038  -41.233  34.795 0.0000000000
56815  38.432  -39.439  34.781 0.0000000000
56814  39.176  -39.229  34.910 0.0000000000
56839  40.207  -39.406  34.940 0.0000000000
56867  41.237  -39.310  34.139 0.0000000000
56866  41.892  -39.192  33.834 0.0000000000
55732  40.355  -40.304  32.393 0.0000000000
55690  34.372  -41.778  34.557 0.0000000000
54680  34.371  -42.663  35.353 0.0000000000
52621  34.402  -43.646  35.519 0.0000000000
52612  32.609  -44.673  35.800 0.0000000000
50486  33.327  -45.172  35.636 0.0000000000
78650  52.262  -20.607  19.682 0.0000000000
78655  47.989  -20.876  21.417 0.0000000000
77464  48.299  -22.879  23.936 0.0000000000
76212  48.513  -23.879  25.486 0.0000000000
76202  47.575  -23.768  25.912 0.0000000000
74982  47.831  -25.165  26.585 0.0000000000
73887  48.298  -24.810  25.975 0.0000000000
59310  38.743  -37.691  33.357 0.0000000000
70517  38.485  -27.516  29.112 0.0000000000
71639  38.843  -26.847  29.586 0.0000000000
71599  39.366  -27.075  31.773 0.0000000000
70465  40.371  -27.838  32.835 0.0000000000
68319  41.644  -29.567  33.193 0.0000000000
66081  42.519  -32.020  33.841 0.0000000000
67184  42.407  -31.096  33.294 0.0000000000
68317  42.391  -30.700  32.889 0.0000000000
66139  43.836  -32.241  31.352 0.0000000000
58142  42.640  -38.654  32.538 0.0000000000
58141  42.791  -38.406  32.134 0.0000000000
50451  20.898  -46.177  39.233 0.0000000000
50452  19.858  -46.264  39.159 0.0000000000
50450  22.093  -45.873  39.809 0.0000000000
72755  39.522  -25.993  29.029 0.0000000000
72756  39.143  -26.376  29.385 0.0000000000
73825  44.954  -24.685  29.927 0.0000000000
74972  45.487  -24.514  29.106 0.0000000000
73824  45.638  -24.979  29.780 0.0000000000
72741  45.385  -25.354  29.931 0.0000000000
58091  41.647  -38.311  34.785 0.0000000000
60414  41.878  -36.825  34.781 0.0000000000
59299  42.351  -37.366  34.402 0.0000000000
51574  24.976  -45.097  38.211 0.0000000000
50459  25.368  -45.863  38.799 0.0000000000
73862  41.751  -24.991  28.409 0.0000000000
73861  42.793  -24.820  28.648 0.0000000000
73828  42.396  -24.780  30.523 0.0000000000
73812  42.753  -24.891  31.226 0.0000000000
68331  42.061  -29.748  32.297 0.0000000000
54678  35.641  -42.228  35.482 0.0000000000
52619  35.463  -43.067  35.500 0.0000000000
53687  31.591  -43.931  34.989 0.0000000000
53694  32.591  -43.088  34.775 0.0000000000
53679  32.490  -43.671  35.246 0.0000000000
81035  51.365  -19.426  19.984 0.0000000000
81026  51.318  -19.799  20.206 0.0000000000
79868  51.159  -20.379  20.554 0.0000000000
75035  46.493  -23.656  23.998 0.0000000000
76246  46.922  -23.390  24.156 0.0000000000
76245  47.630  -23.231  24.527 0.0000000000
71638  46.612  -26.559  28.617 0.0000000000
72752  46.989  -26.124  28.116 0.0000000000
59281  37.392  -38.944  34.325 0.0000000000
59292  37.309  -38.700  34.087 0.0000000000
59291  37.953  -38.455  34.281 0.0000000000
61689  40.528  -35.355  30.283 0.0000000000
65029  40.478  -31.878  33.346 0.0000000000
66109  39.876  -31.352  32.520 0.0000000000
66097  40.242  -31.337  33.237 0.0000000000
67196  39.372  -30.370  32.101 0.0000000000
67185  39.926  -30.441  33.029 0.0000000000
67173  40.446  -30.580  33.581 0.0000000000
61650  43.764  -35.875  32.029 0.0000000000
62860  43.855  -34.824  32.422 0.0000000000
62868  43.903  -34.953  31.570 0.0000000000
51561  22.575  -45.518  38.677 0.0000000000
51595  22.802  -44.729  37.430 0.0000000000
51560  23.348  -45.500  38.855 0.0000000000
50461  23.424  -45.780  39.576 0.0000000000
72766  40.251  -25.996  27.812 0.0000000000
73878  40.816  -25.850  27.458 0.0000000000
73863  40.861  -25.467  28.172 0.0000000000
73830  40.292  -25.349  30.514 0.0000000000
72730  39.737  -26.056  31.150 0.0000000000
72729  40.333  -25.704  31.476 0.0000000000
71597  40.364  -26.689  32.341 0.0000000000
71582  40.645  -27.006  32.501 0.0000000000
51605  28.238  -44.717  36.634 0.0000000000
52639  28.873  -44.291  36.159 0.0000000000
51569  29.741  -45.211  36.991 0.0000000000
51587  30.484  -44.838  36.584 0.0000000000
52625  30.494  -44.630  36.227 0.0000000000
79882  49.039  -19.862  20.484 0.0000000000
79881  49.918  -19.725  20.518 0.0000000000
79880  50.451  -19.811  20.594 0.0000000000
79870  49.979  -20.054  21.035 0.0000000000
78653  49.455  -20.566  21.519 0.0000000000
78626  48.935  -21.540  22.611 0.0000000000
77463  48.799  -22.827  23.620 0.0000000000
73902  44.700  -24.693  25.956 0.0000000000
75001  45.804  -24.226  27.286 0.0000000000
75012  45.472  -24.238  26.561 0.0000000000
75000  46.632  -24.255  26.940 0.0000000000
73823  46.167  -25.273  29.377 0.0000000000
73841  46.416  -25.111  29.023 0.0000000000
71625  46.277  -26.376  29.159 0.0000000000
60409  39.554  -37.915  35.119 0.0000000000
60408  39.894  -37.657  35.257 0.0000000000
61623  39.952  -36.863  34.236 0.0000000000
61644  40.204  -36.315  33.219 0.0000000000
61633  40.684  -35.802  33.485 0.0000000000
62855  40.651  -34.524  32.741 0.0000000000
62836  41.893  -35.222  33.884 0.0000000000
63928  41.571  -34.485  33.657 0.0000000000
63927  41.837  -34.558  33.775 0.0000000000
63942  41.746  -33.709  33.787 0.0000000000
63941  42.248  -34.160  33.885 0.0000000000
60428  42.815  -36.668  33.734 0.0000000000
60444  43.228  -36.414  33.105 0.0000000000
61641  43.559  -35.695  32.771 0.0000000000
52644  24.140  -44.349  35.926 0.0000000000
52674  24.570  -43.930  34.461 0.0000000000
52628  25.782  -44.497  36.874 0.0000000000
52642  25.830  -44.374  36.084 0.0000000000
52641  26.759  -44.621  36.309 0.0000000000
51607  26.758  -44.698  36.915 0.0000000000
73903  43.682  -25.421  25.598 0.0000000000
73860  43.740  -24.650  28.823 0.0000000000
73844  44.098  -24.606  29.708 0.0000000000
72712  43.576  -25.550  31.417 0.0000000000
71594  43.160  -25.901  31.418 0.0000000000
73801  41.505  -25.394  31.702 0.0000000000
70490  41.835  -27.767  31.162 0.0000000000
69415  41.871  -28.627  30.955 0.0000000000
55689  34.987  -41.359  34.831 0.0000000000
56842  35.237  -40.973  34.399 0.0000000000
56819  35.282  -41.181  34.875 0.0000000000
55648  36.012  -41.464  35.305 0.0000000000
56796  36.355  -40.877  34.977 0.0000000000
56817  36.952  -40.209  34.737 0.0000000000
56795  36.949  -40.602  34.955 0.0000000000
52633  36.282  -43.101  35.128 0.0000000000
54690  37.919  -40.901  34.623 0.0000000000
55668  37.636  -40.346  34.698 0.0000000000
55667  38.172  -40.163  34.735 0.0000000000
55666  38.923  -40.258  34.717 0.0000000000
55705  39.525  -40.229  34.021 0.0000000000
55686  40.051  -39.965  34.505 0.0000000000
56868  40.593  -39.578  34.475 0.0000000000
55704  40.403  -39.887  33.923 0.0000000000
55703  40.945  -39.603  33.543 0.0000000000
55718  40.392  -39.869  33.126 0.0000000000
52686  29.230  -43.858  34.181 0.0000000000
52685  30.033  -44.139  34.369 0.0000000000
54710  33.003  -42.688  34.266 0.0000000000
55707  33.741  -41.883  33.864 0.0000000000
55706  34.356  -41.413  33.910 0.0000000000
54702  34.041  -42.367  34.739 0.0000000000
53678  33.427  -43.362  35.428 0.0000000000
53677  34.304  -42.937  35.476 0.0000000000
52613  32.152  -44.663  35.820 0.0000000000
50499  34.051  -45.137  35.417 0.0000000000
78651  51.664  -20.681  20.192 0.0000000000
77525  51.399  -21.303  20.335 0.0000000000
73931  45.332  -24.629  24.105 0.0000000000
73942  45.703  -24.696  22.784 0.0000000000
75054  46.025  -24.136  23.584 0.0000000000
77516  47.644  -21.990  21.460 0.0000000000
78656  47.408  -21.350  20.854 0.0000000000
77509  48.367  -22.063  22.159 0.0000000000
77491  48.293  -22.609  22.892 0.0000000000
76244  47.974  -23.202  24.645 0.0000000000
76226  47.846  -23.149  24.979 0.0000000000
76225  48.439  -23.632  24.903 0.0000000000
74999  46.967  -24.391  26.784 0.0000000000
73856  47.401  -25.215  26.936 0.0000000000
74983  47.366  -24.912  26.842 0.0000000000
74997  48.038  -24.441  26.062 0.0000000000
73873  47.880  -25.034  26.290 0.0000000000
60431  38.992  -37.733  34.087 0.0000000000
60447  38.642  -37.818  33.838 0.0000000000
59321  38.983  -37.485  32.924 0.0000000000
63972  40.106  -33.095  31.499 0.0000000000
67227  38.837  -30.319  30.063 0.0000000000
69431  38.547  -28.250  30.015 0.0000000000
70504  38.684  -27.353  29.991 0.0000000000
71640  38.674  -27.006  28.939 0.0000000000
70491  38.786  -27.506  30.730 0.0000000000
71628  38.949  -26.848  30.449 0.0000000000
70476  39.030  -27.615  31.501 0.0000000000
68320  40.798  -29.449  33.799 0.0000000000
69394  39.945  -28.578  33.150 0.0000000000
69393  40.671  -28.754  33.289 0.0000000000
69375  41.411  -29.544  33.527 0.0000000000
65025  42.923  -32.975  33.986 0.0000000000
66107  43.693  -32.485  32.835 0.0000000000
66096  43.223  -32.284  33.316 0.0000000000
67183  42.684  -31.157  32.992 0.0000000000
66108  43.363  -31.752  32.581 0.0000000000
67195  42.938  -30.930  32.259 0.0000000000
55716  41.674  -39.722  32.534 0.0000000000
56894  42.349  -39.140  32.845 0.0000000000
56921  42.120  -39.478  32.599 0.0000000000
51577  22.052  -44.991  38.267 0.0000000000
72742  39.567  -25.877  30.014 0.0000000000
51570  28.729  -45.239  37.157 0.0000000000
78654  48.804  -20.632  21.601 0.0000000000
77508  48.700  -21.636  22.333 0.0000000000
75002  45.023  -24.342  27.361 0.0000000000
74971  46.103  -24.674  29.071 0.0000000000
59276  40.440  -38.257  35.392 0.0000000000
59288  40.466  -37.425  35.167 0.0000000000
61621  41.257  -36.104  34.416 0.0000000000
62838  41.199  -35.122  33.576 0.0000000000
62847  42.173  -35.227  33.937 0.0000000000
61632  42.268  -35.846  34.166 0.0000000000
60429  42.406  -36.480  34.208 0.0000000000
51593  24.840  -44.685  37.416 0.0000000000
51592  25.733  -44.826  37.510 0.0000000000
51591  26.620  -44.842  37.396 0.0000000000
73891  41.698  -25.833  26.520 0.0000000000
73827  43.353  -24.769  30.539 0.0000000000
73799  42.893  -25.111  31.433 0.0000000000
71581  41.202  -26.890  32.280 0.0000000000
71580  41.441  -26.991  32.075 0.0000000000
68345  42.140  -29.611  31.451 0.0000000000
66140  43.414  -31.700  30.706 0.0000000000
55650  35.156  -41.858  35.450 0.0000000000
55669  35.424  -41.295  35.181 0.0000000000
54677  36.220  -41.788  35.295 0.0000000000
53693  36.944  -42.503  34.246 0.0000000000
54699  38.679  -40.437  34.480 0.0000000000
54709  38.318  -41.371  33.753 0.0000000000
54715  38.966  -40.745  33.395 0.0000000000
52652  30.350  -44.423  35.584 0.0000000000
53696  31.039  -44.132  34.897 0.0000000000
53703  31.576  -43.259  34.052 0.0000000000
54711  32.325  -43.069  34.361 0.0000000000
54704  32.673  -42.985  34.604 0.0000000000
54703  33.271  -42.696  34.641 0.0000000000
54695  33.327  -42.761  35.008 0.0000000000
81025  51.767  -19.732  19.924 0.0000000000
77462  49.087  -22.502  23.353 0.0000000000
75053  46.676  -23.779  23.139 0.0000000000
76293  47.341  -23.391  22.529 0.0000000000
76214  47.757  -23.776  25.726 0.0000000000
73858  46.884  -25.354  27.903 0.0000000000
58095  36.511  -39.552  33.953 0.0000000000
60459  39.681  -36.854  32.838 0.0000000000
59320  39.378  -37.178  32.725 0.0000000000
60476  40.163  -36.490  31.981 0.0000000000
60493  40.245  -36.528  31.049 0.0000000000
65052  39.992  -32.251  32.011 0.0000000000
66126  39.519  -31.433  31.628 0.0000000000
67213  38.894  -30.321  31.166 0.0000000000
67197  39.012  -29.824  31.748 0.0000000000
68346  38.872  -29.265  31.447 0.0000000000
69404  39.049  -28.441  31.850 0.0000000000
68332  39.619  -29.452  32.827 0.0000000000
68321  40.243  -29.578  33.508 0.0000000000
68308  40.701  -30.027  33.879 0.0000000000
63952  43.720  -33.840  33.215 0.0000000000
65040  43.328  -33.014  33.558 0.0000000000
63962  44.028  -33.890  32.832 0.0000000000
65051  44.017  -33.081  32.491 0.0000000000
65061  43.995  -33.046  31.622 0.0000000000
51609  23.499  -44.558  36.660 0.0000000000
51594  23.777  -44.750  37.466 0.0000000000
51575  24.045  -44.953  38.291 0.0000000000
50460  24.338  -45.927  39.637 0.0000000000
50447  23.724  -46.268  39.889 0.0000000000
50449  22.574  -45.895  39.982 0.0000000000
73829  41.317  -24.876  30.505 0.0000000000
73802  40.996  -25.588  31.857 0.0000000000
72700  40.912  -26.347  32.309 0.0000000000
52635  35.351  -43.649  35.428 0.0000000000
52655  27.613  -44.133  35.534 0.0000000000
52670  28.395  -43.943  34.844 0.0000000000
52654  28.603  -43.999  35.613 0.0000000000
52653  29.501  -44.255  35.616 0.0000000000
52638  29.745  -44.424  36.054 0.0000000000
52637  30.588  -44.489  35.862 0.0000000000
52636  31.057  -44.441  35.645 0.0000000000
52624  31.379  -44.615  35.987 0.0000000000
51567  31.372  -45.122  36.423 0.0000000000
49215  31.485  -45.965  36.590 0.0000000000
79869  50.586  -20.120  20.756 0.0000000000
79853  50.250  -20.652  21.172 0.0000000000
78625  49.577  -21.490  22.249 0.0000000000
76224  48.637  -23.930  25.228 0.0000000000
73914  45.243  -24.615  25.133 0.0000000000
75024  45.553  -24.295  25.653 0.0000000000
76215  47.208  -23.859  25.946 0.0000000000
74970  46.582  -25.001  28.383 0.0000000000
74969  46.756  -25.241  28.087 0.0000000000
73840  46.732  -25.541  28.446 0.0000000000
72753  46.753  -26.003  28.658 0.0000000000
59279  39.120  -38.944  34.906 0.0000000000
59290  38.760  -38.373  34.552 0.0000000000
60430  39.559  -37.196  34.026 0.0000000000
60445  39.640  -36.933  33.486 0.0000000000
61663  40.362  -35.793  32.129 0.0000000000
61662  40.499  -35.295  31.754 0.0000000000
62869  40.522  -34.489  31.361 0.0000000000
62861  40.565  -34.506  32.120 0.0000000000
63971  40.454  -33.758  31.816 0.0000000000
63963  40.607  -33.724  32.498 0.0000000000
63954  40.808  -33.559  33.053 0.0000000000
63955  40.569  -33.053  32.802 0.0000000000
65041  40.649  -32.815  33.066 0.0000000000
65028  40.841  -32.481  33.414 0.0000000000
66083  41.160  -31.657  33.809 0.0000000000
65026  42.115  -32.865  33.875 0.0000000000
62846  42.691  -34.774  33.871 0.0000000000
62854  43.146  -34.911  33.596 0.0000000000
52688  27.192  -43.743  33.891 0.0000000000
52643  25.004  -44.345  35.969 0.0000000000
52672  26.437  -43.867  34.627 0.0000000000
52671  27.411  -43.920  34.725 0.0000000000
51590  27.553  -44.912  37.283 0.0000000000
73888  44.368  -24.629  27.116 0.0000000000
73874  44.421  -24.608  28.082 0.0000000000
72726  44.859  -25.376  30.401 0.0000000000
71611  43.982  -26.001  31.040 0.0000000000
72728  43.553  -25.287  31.398 0.0000000000
71593  43.614  -25.797  31.373 0.0000000000
71595  41.868  -26.514  31.661 0.0000000000
56898  34.992  -40.328  33.365 0.0000000000
56818  35.877  -40.756  34.862 0.0000000000
58079  37.035  -39.599  34.535 0.0000000000
58078  37.934  -39.491  34.684 0.0000000000
52634  35.849  -43.335  35.371 0.0000000000
54692  36.216  -42.204  35.334 0.0000000000
54676  36.632  -41.375  34.984 0.0000000000
58077  38.719  -38.865  35.020 0.0000000000
58076  39.274  -38.754  35.387 0.0000000000
58075  39.941  -38.652  35.474 0.0000000000
55687  39.151  -40.096  34.619 0.0000000000
56813  39.813  -39.086  35.167 0.0000000000
58074  40.398  -38.517  35.320 0.0000000000
58092  41.010  -38.539  34.953 0.0000000000
58108  41.365  -38.923  34.590 0.0000000000
58107  42.080  -38.534  34.325 0.0000000000
56896  41.481  -39.429  33.535 0.0000000000
55717  41.153  -39.714  32.891 0.0000000000
55731  41.041  -40.161  31.913 0.0000000000
54726  40.047  -40.725  32.011 0.0000000000
55746  40.511  -40.625  31.813 0.0000000000
53711  30.379  -43.549  33.577 0.0000000000
56843  34.737  -41.254  34.235 0.0000000000
54694  34.327  -42.342  35.078 0.0000000000
54693  34.852  -42.099  35.385 0.0000000000
54679  34.978  -42.264  35.504 0.0000000000
51583  34.977  -43.821  35.447 0.0000000000
51585  33.255  -44.596  35.668 0.0000000000
51584  34.365  -44.241  35.489 0.0000000000
50465  19.784  -46.073  38.908 0.0000000000
78662  52.714  -20.498  19.462 0.0000000000
77441  48.324  -22.998  24.259 0.0000000000
76211  49.066  -23.599  25.878 0.0000000000
74998  47.452  -24.428  26.364 0.0000000000
76201  47.934  -23.870  26.023 0.0000000000
76200  48.492  -24.228  25.960 0.0000000000
72768  39.111  -26.602  28.371 0.0000000000
60419  38.048  -38.121  33.982 0.0000000000
59311  38.271  -38.052  33.466 0.0000000000
69446  38.485  -28.467  28.945 0.0000000000
71648  38.719  -26.978  28.397 0.0000000000
71647  38.870  -26.731  28.944 0.0000000000
72731  39.220  -26.479  30.793 0.0000000000
71614  39.579  -26.614  31.645 0.0000000000
70475  39.385  -27.672  32.142 0.0000000000
70466  39.823  -27.729  32.666 0.0000000000
71598  39.868  -26.887  32.149 0.0000000000
69392  41.211  -28.820  33.032 0.0000000000
67171  41.493  -30.880  33.764 0.0000000000
67170  42.108  -31.086  33.472 0.0000000000
66080  42.996  -32.114  33.895 0.0000000000
67169  42.733  -31.571  33.576 0.0000000000
68306  41.711  -30.246  33.521 0.0000000000
68305  41.894  -30.575  33.360 0.0000000000
68318  42.091  -30.363  33.053 0.0000000000
68330  42.479  -30.505  32.639 0.0000000000
66125  43.471  -31.529  31.742 0.0000000000
58106  42.538  -38.291  33.814 0.0000000000
58121  42.606  -38.475  33.121 0.0000000000
58120  42.820  -38.190  32.626 0.0000000000
56920  42.456  -39.119  32.310 0.0000000000
59308  43.026  -37.774  32.581 0.0000000000
59319  43.323  -37.609  31.903 0.0000000000
50471  31.587  -45.653  36.420 0.0000000000
51565  32.451  -45.049  35.938 0.0000000000
51566  31.994  -45.097  36.052 0.0000000000
53685  36.200  -42.804  35.424 0.0000000000
53704  30.915  -43.818  34.466 0.0000000000
55649  35.497  -41.587  35.358 0.0000000000
55671  34.486  -41.968  34.908 0.0000000000
55688  38.571  -40.172  34.695 0.0000000000
55733  39.936  -40.283  32.749 0.0000000000
55745  40.809  -40.589  31.682 0.0000000000
56838  40.926  -39.189  34.680 0.0000000000
56840  39.454  -39.533  34.954 0.0000000000
56895  42.056  -39.393  33.202 0.0000000000
58093  40.264  -38.805  35.217 0.0000000000
58122  42.265  -38.967  33.687 0.0000000000
59289  39.356  -38.249  34.897 0.0000000000
59333  39.509  -37.220  32.354 0.0000000000
60432  38.373  -37.989  34.002 0.0000000000
60446  39.029  -37.539  33.584 0.0000000000
61643  40.519  -35.435  32.973 0.0000000000
61652  40.285  -36.046  32.614 0.0000000000
66095  43.576  -32.607  33.102 0.0000000000
66127  39.143  -31.145  31.153 0.0000000000
69376  41.122  -29.229  33.657 0.0000000000
70518  38.556  -27.202  28.652 0.0000000000
71583  40.211  -27.201  32.535 0.0000000000
71596  41.346  -26.202  32.002 0.0000000000
71615  39.149  -26.817  31.207 0.0000000000
72701  40.608  -26.495  32.317 0.0000000000
73815  40.286  -25.562  31.200 0.0000000000
74959  45.828  -24.812  29.479 0.0000000000
75009  49.119  -23.918  25.684 0.0000000000
75025  45.142  -24.337  26.206 0.0000000000
77442  48.047  -22.902  24.951 0.0000000000
78624  49.781  -21.361  21.986 0.0000000000
79866  52.456  -20.325  19.551 0.0000000000
