#!ascii label  , from subject sub-01 vox2ras=TkReg
1231
56989  17.284  -38.478  28.186 0.0000000000
59283  30.038  -36.365  36.502 0.0000000000
82256  38.691  -16.982  17.017 0.0000000000
71715  29.520  -26.847  23.908 0.0000000000
67228  33.450  -31.207  30.597 0.0000000000
87039  50.525  -12.421  7.230 0.0000000000
77537  39.235  -20.349  20.730 0.0000000000
75109  33.634  -22.320  19.005 0.0000000000
51705  14.826  -43.399  28.047 0.0000000000
58166  23.664  -36.930  32.491 0.0000000000
61682  26.933  -34.089  30.945 0.0000000000
59421  20.033  -36.331  26.045 0.0000000000
82347  45.130  -15.554  12.091 0.0000000000
56905  20.139  -38.386  34.117 0.0000000000
56910  14.979  -38.031  33.298 0.0000000000
83509  43.868  -15.243  16.554 0.0000000000
50524  12.020  -44.145  32.431 0.0000000000
46826  8.241  -47.381  32.442 0.0000000000
76252  32.603  -21.472  24.507 0.0000000000
69477  32.198  -28.634  27.387 0.0000000000
61788  32.264  -34.105  23.871 0.0000000000
60554  30.787  -34.429  27.413 0.0000000000
76296  39.559  -20.954  22.807 0.0000000000
76352  36.637  -21.095  20.132 0.0000000000
76318  36.407  -21.334  21.622 0.0000000000
79857  41.632  -19.520  22.611 0.0000000000
54805  17.198  -40.406  26.050 0.0000000000
52815  15.676  -43.533  25.265 0.0000000000
53790  15.993  -41.356  28.308 0.0000000000
58196  20.558  -36.771  30.246 0.0000000000
59388  21.521  -35.696  29.431 0.0000000000
57029  18.797  -37.590  26.584 0.0000000000
57067  18.690  -39.478  24.023 0.0000000000
83545  39.135  -16.174  14.974 0.0000000000
82224  40.602  -16.704  19.071 0.0000000000
83525  40.890  -15.945  16.534 0.0000000000
82287  41.576  -15.811  14.654 0.0000000000
56856  14.632  -38.121  35.737 0.0000000000
54719  12.631  -41.245  32.017 0.0000000000
54706  12.255  -41.274  35.090 0.0000000000
47910  10.344  -46.248  38.075 0.0000000000
47973  10.083  -45.442  35.007 0.0000000000
47958  8.110  -46.987  35.280 0.0000000000
45710  6.504  -49.821  35.119 0.0000000000
44559  6.097  -49.660  37.951 0.0000000000
71630  32.345  -26.729  30.894 0.0000000000
68390  33.153  -29.917  28.718 0.0000000000
66202  33.126  -31.600  25.125 0.0000000000
64027  33.250  -32.638  26.792 0.0000000000
62927  25.344  -32.830  27.944 0.0000000000
61695  29.669  -33.427  29.492 0.0000000000
62941  28.131  -32.596  26.267 0.0000000000
61791  29.465  -33.525  23.432 0.0000000000
75026  29.689  -23.407  25.090 0.0000000000
75063  30.356  -22.892  21.600 0.0000000000
72894  28.702  -25.548  21.926 0.0000000000
87067  53.609  -12.608  4.465 0.0000000000
88167  50.597  -12.331  4.764 0.0000000000
81057  38.800  -18.453  19.023 0.0000000000
78701  36.351  -19.642  18.466 0.0000000000
81030  41.381  -18.464  21.258 0.0000000000
58126  27.282  -36.574  34.854 0.0000000000
60451  29.042  -35.588  34.528 0.0000000000
60498  25.361  -35.700  31.536 0.0000000000
61728  23.611  -34.180  28.591 0.0000000000
61759  21.712  -34.211  25.668 0.0000000000
81106  47.391  -15.996  13.845 0.0000000000
82360  47.860  -15.407  11.810 0.0000000000
84869  48.379  -14.156  9.339 0.0000000000
87042  47.583  -13.444  7.373 0.0000000000
58171  18.431  -37.658  31.268 0.0000000000
58187  16.358  -38.690  30.134 0.0000000000
58136  17.235  -38.084  33.212 0.0000000000
56926  21.690  -38.012  33.461 0.0000000000
82284  44.873  -16.026  14.155 0.0000000000
54752  14.860  -41.280  30.259 0.0000000000
51657  13.596  -43.694  30.456 0.0000000000
49378  11.980  -45.180  29.977 0.0000000000
51615  11.561  -44.041  35.605 0.0000000000
49309  10.897  -45.689  32.243 0.0000000000
42322  5.318  -52.515  38.749 0.0000000000
76249  35.731  -20.599  24.587 0.0000000000
73905  30.320  -25.059  26.796 0.0000000000
72771  31.084  -25.750  28.661 0.0000000000
71696  31.054  -27.901  25.145 0.0000000000
67314  32.332  -31.165  24.147 0.0000000000
63023  32.700  -33.694  22.228 0.0000000000
61855  31.178  -35.206  20.508 0.0000000000
60462  31.327  -34.403  32.611 0.0000000000
60494  32.392  -34.412  30.569 0.0000000000
61707  32.678  -33.934  29.438 0.0000000000
60609  31.753  -34.889  24.945 0.0000000000
60670  30.441  -34.849  22.150 0.0000000000
76321  32.590  -21.746  21.320 0.0000000000
75112  31.023  -22.866  19.168 0.0000000000
76276  39.300  -20.601  23.235 0.0000000000
76317  37.516  -21.319  21.735 0.0000000000
76278  37.491  -20.412  23.336 0.0000000000
76274  40.506  -20.802  23.794 0.0000000000
54793  17.210  -39.729  26.671 0.0000000000
53797  16.454  -40.891  26.990 0.0000000000
55807  16.698  -39.615  28.476 0.0000000000
56966  18.911  -37.085  29.328 0.0000000000
57007  19.494  -36.765  28.744 0.0000000000
57009  17.897  -38.213  27.158 0.0000000000
55825  17.664  -39.212  26.284 0.0000000000
82270  38.782  -16.729  15.881 0.0000000000
82229  40.045  -16.664  18.367 0.0000000000
83496  41.101  -16.130  18.275 0.0000000000
82241  40.090  -16.407  17.182 0.0000000000
82269  39.875  -16.418  15.573 0.0000000000
47927  9.243  -46.944  37.812 0.0000000000
47941  9.205  -46.468  36.703 0.0000000000
46774  7.280  -47.630  36.134 0.0000000000
46791  6.708  -48.213  35.404 0.0000000000
45699  6.662  -48.191  36.393 0.0000000000
44572  6.156  -50.459  36.221 0.0000000000
69417  33.122  -28.746  31.060 0.0000000000
68375  33.161  -30.616  30.119 0.0000000000
67255  33.490  -31.127  28.598 0.0000000000
66158  33.574  -31.707  29.121 0.0000000000
60411  30.556  -35.474  36.225 0.0000000000
64041  23.945  -32.569  25.708 0.0000000000
62926  27.036  -32.294  27.478 0.0000000000
64039  26.037  -32.209  24.592 0.0000000000
62973  27.026  -32.423  24.037 0.0000000000
73934  29.326  -25.228  24.002 0.0000000000
73944  28.972  -24.803  22.546 0.0000000000
85967  51.208  -13.307  8.241 0.0000000000
85980  51.738  -13.138  7.827 0.0000000000
87037  52.348  -12.683  6.376 0.0000000000
88151  52.043  -12.431  5.472 0.0000000000
88153  50.561  -12.314  5.689 0.0000000000
78683  38.775  -19.137  19.859 0.0000000000
79907  37.524  -19.163  18.777 0.0000000000
78675  37.884  -20.146  19.717 0.0000000000
75107  35.141  -21.695  19.385 0.0000000000
76370  34.689  -21.611  18.553 0.0000000000
75121  33.844  -22.182  18.226 0.0000000000
78658  40.440  -20.279  21.517 0.0000000000
79885  40.904  -19.228  20.955 0.0000000000
81039  40.115  -18.150  20.064 0.0000000000
52797  14.914  -43.497  27.092 0.0000000000
50604  13.954  -44.211  27.799 0.0000000000
58147  25.490  -36.985  33.581 0.0000000000
59328  26.012  -36.504  33.440 0.0000000000
59341  24.368  -36.511  32.099 0.0000000000
59402  21.283  -35.523  28.519 0.0000000000
60536  22.880  -34.845  29.453 0.0000000000
60556  21.931  -34.887  28.113 0.0000000000
61744  22.594  -34.051  27.164 0.0000000000
60594  20.860  -34.954  25.690 0.0000000000
59462  20.048  -36.785  24.679 0.0000000000
66242  31.655  -31.543  21.787 0.0000000000
82325  46.666  -15.794  13.103 0.0000000000
82324  47.659  -15.538  12.805 0.0000000000
83577  46.721  -15.474  11.503 0.0000000000
84858  46.618  -14.331  10.066 0.0000000000
85960  46.437  -13.792  8.125 0.0000000000
85958  47.869  -13.846  8.390 0.0000000000
58134  19.611  -38.133  33.251 0.0000000000
58155  17.826  -37.781  32.208 0.0000000000
56906  19.134  -38.355  34.107 0.0000000000
56904  21.159  -38.283  34.087 0.0000000000
58153  20.128  -38.083  32.409 0.0000000000
83533  45.637  -15.836  15.208 0.0000000000
82265  44.119  -15.512  14.862 0.0000000000
82305  42.061  -15.628  13.783 0.0000000000
58157  15.262  -38.537  31.690 0.0000000000
55773  15.331  -39.944  30.685 0.0000000000
55753  14.493  -39.802  31.363 0.0000000000
52698  12.538  -42.935  32.279 0.0000000000
52708  12.914  -42.867  31.072 0.0000000000
51651  12.476  -43.900  31.552 0.0000000000
50570  12.550  -44.969  30.420 0.0000000000
49328  12.089  -44.755  31.420 0.0000000000
52616  11.500  -43.602  37.408 0.0000000000
47994  9.513  -46.171  33.667 0.0000000000
49282  10.774  -45.442  34.383 0.0000000000
48022  9.487  -46.196  32.636 0.0000000000
49331  10.666  -45.969  31.312 0.0000000000
75004  30.431  -23.259  27.066 0.0000000000
70530  32.229  -28.233  28.921 0.0000000000
72757  31.524  -26.261  29.332 0.0000000000
71658  31.612  -27.433  27.770 0.0000000000
72809  31.322  -26.788  26.933 0.0000000000
70567  31.787  -28.440  26.369 0.0000000000
69508  31.490  -29.051  24.740 0.0000000000
68431  32.330  -29.928  25.410 0.0000000000
64051  32.999  -32.827  24.672 0.0000000000
65147  32.658  -32.247  24.042 0.0000000000
63004  32.550  -34.001  22.396 0.0000000000
61853  32.663  -34.690  21.031 0.0000000000
61826  32.105  -35.086  21.498 0.0000000000
61669  27.615  -34.202  32.609 0.0000000000
60463  30.271  -34.364  33.337 0.0000000000
61668  29.536  -33.361  31.835 0.0000000000
61709  30.538  -33.886  28.357 0.0000000000
61679  30.820  -34.486  29.963 0.0000000000
60532  31.657  -34.632  28.794 0.0000000000
61692  32.532  -34.277  30.072 0.0000000000
60551  31.828  -34.652  28.139 0.0000000000
61740  32.301  -34.200  26.988 0.0000000000
60571  31.461  -34.769  26.825 0.0000000000
63025  28.817  -33.446  21.511 0.0000000000
60649  29.901  -34.399  22.801 0.0000000000
76251  33.774  -20.974  24.614 0.0000000000
76280  34.692  -20.948  23.625 0.0000000000
76282  32.206  -21.410  23.351 0.0000000000
73957  29.314  -23.789  20.107 0.0000000000
75097  30.668  -22.777  19.984 0.0000000000
87085  53.538  -12.690  3.431 0.0000000000
76333  39.635  -21.120  21.580 0.0000000000
76351  37.750  -20.854  20.243 0.0000000000
75090  38.069  -21.646  21.013 0.0000000000
76337  35.876  -21.517  20.553 0.0000000000
76338  34.695  -21.769  20.488 0.0000000000
78629  41.710  -20.086  23.943 0.0000000000
77518  40.524  -20.726  22.473 0.0000000000
53826  16.464  -42.011  25.263 0.0000000000
52772  15.621  -42.295  26.918 0.0000000000
52755  15.561  -42.158  28.183 0.0000000000
58181  22.229  -36.611  31.695 0.0000000000
59355  23.153  -35.990  31.405 0.0000000000
59357  21.351  -36.428  30.480 0.0000000000
59389  20.728  -36.150  28.872 0.0000000000
58224  19.617  -36.665  26.483 0.0000000000
58248  19.630  -37.108  25.368 0.0000000000
57030  18.413  -38.629  25.973 0.0000000000
55834  17.779  -40.200  25.249 0.0000000000
83580  43.805  -15.058  11.167 0.0000000000
55709  19.389  -38.961  35.422 0.0000000000
83486  41.850  -15.620  18.708 0.0000000000
84771  42.683  -15.274  18.065 0.0000000000
83510  42.983  -15.310  16.538 0.0000000000
82252  42.776  -15.687  15.456 0.0000000000
83536  41.581  -15.991  15.747 0.0000000000
82288  40.497  -15.948  14.751 0.0000000000
56885  14.598  -38.051  34.620 0.0000000000
56929  13.442  -39.379  32.355 0.0000000000
55712  12.519  -39.915  33.706 0.0000000000
54712  12.294  -41.226  34.056 0.0000000000
52681  12.515  -42.509  33.635 0.0000000000
50493  11.312  -45.096  37.146 0.0000000000
47939  10.363  -45.777  36.725 0.0000000000
47957  8.889  -46.373  35.546 0.0000000000
47996  7.896  -47.232  33.610 0.0000000000
46828  7.120  -48.348  33.510 0.0000000000
70519  32.393  -28.534  29.631 0.0000000000
69461  32.740  -29.358  28.407 0.0000000000
68420  32.863  -30.148  26.719 0.0000000000
68419  33.236  -30.519  27.302 0.0000000000
65123  33.491  -32.083  26.275 0.0000000000
62970  33.024  -33.230  25.473 0.0000000000
62910  26.274  -33.175  28.744 0.0000000000
62880  28.369  -33.248  29.942 0.0000000000
62909  27.787  -32.851  28.371 0.0000000000
62925  28.548  -32.718  27.189 0.0000000000
61742  29.735  -33.378  26.365 0.0000000000
61771  30.258  -33.753  24.876 0.0000000000
61773  28.815  -32.698  24.259 0.0000000000
62990  28.155  -32.550  23.283 0.0000000000
76254  30.187  -22.428  24.110 0.0000000000
76283  31.100  -22.001  23.207 0.0000000000
75055  29.704  -23.486  22.719 0.0000000000
73951  28.756  -24.484  21.577 0.0000000000
87050  53.407  -12.649  5.377 0.0000000000
87068  52.504  -12.564  4.492 0.0000000000
82243  38.275  -17.565  17.928 0.0000000000
81087  36.797  -17.596  16.316 0.0000000000
81073  37.042  -18.293  17.634 0.0000000000
77550  36.107  -20.499  19.096 0.0000000000
77564  35.062  -20.601  17.897 0.0000000000
81014  42.774  -18.335  23.107 0.0000000000
81028  42.608  -18.076  22.523 0.0000000000
83477  42.576  -17.056  21.505 0.0000000000
82221  40.870  -17.300  20.246 0.0000000000
82225  39.900  -17.485  19.497 0.0000000000
58113  29.032  -36.539  35.741 0.0000000000
59304  29.588  -36.098  35.370 0.0000000000
59316  27.999  -35.941  34.947 0.0000000000
60481  26.475  -35.303  33.014 0.0000000000
61670  26.240  -34.960  31.921 0.0000000000
60501  23.357  -35.595  30.777 0.0000000000
61699  24.141  -34.790  29.929 0.0000000000
62895  24.890  -34.104  29.795 0.0000000000
62928  24.002  -33.594  28.080 0.0000000000
62944  23.703  -32.997  27.077 0.0000000000
62975  22.710  -33.165  24.632 0.0000000000
83596  49.036  -15.432  11.327 0.0000000000
83599  46.356  -15.004  10.703 0.0000000000
83621  47.555  -14.879  10.681 0.0000000000
84856  48.943  -14.639  10.056 0.0000000000
84868  49.408  -14.165  9.415 0.0000000000
85969  49.341  -13.477  8.480 0.0000000000
87040  49.282  -12.513  6.837 0.0000000000
87052  48.769  -12.948  5.479 0.0000000000
58199  17.348  -37.818  29.152 0.0000000000
58200  16.687  -38.396  29.584 0.0000000000
58172  17.166  -37.634  31.117 0.0000000000
58156  16.502  -37.895  31.974 0.0000000000
56909  16.462  -37.974  33.864 0.0000000000
56882  17.948  -38.772  34.959 0.0000000000
56884  16.037  -37.832  34.772 0.0000000000
56855  15.868  -38.130  35.875 0.0000000000
58064  29.559  -36.982  37.170 0.0000000000
56844  28.119  -37.352  36.023 0.0000000000
58117  26.489  -37.469  34.639 0.0000000000
58130  24.523  -37.675  33.719 0.0000000000
56902  23.297  -38.167  34.112 0.0000000000
58150  23.168  -37.618  33.035 0.0000000000
58169  20.650  -37.636  31.728 0.0000000000
58184  19.015  -37.465  30.469 0.0000000000
82262  46.980  -16.018  14.572 0.0000000000
82283  45.873  -16.225  14.160 0.0000000000
82303  44.542  -16.023  13.469 0.0000000000
82286  42.659  -15.653  14.392 0.0000000000
82304  43.285  -15.730  13.434 0.0000000000
83563  43.493  -15.307  11.947 0.0000000000
55791  16.397  -40.083  29.229 0.0000000000
53773  15.670  -41.516  29.433 0.0000000000
52740  15.049  -42.523  29.023 0.0000000000
54732  13.746  -41.269  30.959 0.0000000000
52716  14.212  -42.490  30.092 0.0000000000
51690  14.304  -43.892  29.174 0.0000000000
50590  13.158  -44.386  29.160 0.0000000000
49392  11.930  -45.377  28.710 0.0000000000
53689  12.290  -42.521  35.162 0.0000000000
51624  12.162  -43.896  34.249 0.0000000000
49265  11.646  -45.014  34.302 0.0000000000
49292  11.701  -44.807  32.955 0.0000000000
49330  11.445  -45.467  31.416 0.0000000000
43434  5.595  -51.030  38.628 0.0000000000
77498  36.659  -20.451  24.552 0.0000000000
76232  31.663  -21.653  25.418 0.0000000000
76219  30.861  -22.027  26.107 0.0000000000
73906  29.859  -24.782  25.985 0.0000000000
72849  29.853  -25.744  25.286 0.0000000000
72790  30.701  -25.227  28.032 0.0000000000
72831  30.523  -26.027  26.347 0.0000000000
71714  30.152  -27.521  24.389 0.0000000000
69517  30.856  -28.879  23.920 0.0000000000
68454  31.527  -30.243  23.822 0.0000000000
66227  32.245  -31.628  22.822 0.0000000000
67298  32.840  -31.281  25.077 0.0000000000
66214  32.550  -31.890  23.672 0.0000000000
65192  32.650  -33.269  21.713 0.0000000000
63042  32.995  -34.190  20.711 0.0000000000
61882  31.759  -35.008  18.848 0.0000000000
65063  33.740  -32.350  31.463 0.0000000000
60435  30.128  -35.432  34.934 0.0000000000
60434  31.250  -34.767  34.235 0.0000000000
61655  32.276  -34.442  32.711 0.0000000000
61667  30.646  -34.058  30.992 0.0000000000
60478  31.813  -34.484  31.497 0.0000000000
61654  32.735  -34.176  32.312 0.0000000000
62871  33.301  -33.688  31.647 0.0000000000
62878  33.327  -33.416  30.554 0.0000000000
63991  33.388  -32.882  30.143 0.0000000000
62906  33.106  -33.310  28.617 0.0000000000
61753  32.503  -33.924  26.424 0.0000000000
60628  32.065  -34.545  24.347 0.0000000000
60611  30.888  -34.634  24.362 0.0000000000
60630  31.022  -34.873  23.482 0.0000000000
60646  31.125  -35.105  22.499 0.0000000000
60693  30.979  -35.222  21.022 0.0000000000
76300  35.591  -21.097  22.584 0.0000000000
76320  33.835  -21.643  21.226 0.0000000000
75076  33.060  -22.018  20.458 0.0000000000
76322  31.570  -22.048  21.328 0.0000000000
75077  32.090  -22.131  20.516 0.0000000000
75110  32.738  -22.557  19.050 0.0000000000
87071  49.174  -13.425  4.743 0.0000000000
77495  39.135  -20.432  23.857 0.0000000000
76277  38.523  -20.407  23.148 0.0000000000
77496  38.276  -20.311  24.007 0.0000000000
77468  39.837  -20.760  24.337 0.0000000000
57010  17.361  -38.789  27.448 0.0000000000
55817  17.017  -39.479  27.526 0.0000000000
58212  18.007  -37.430  28.912 0.0000000000
56988  18.133  -37.478  28.349 0.0000000000
55816  17.347  -39.040  26.975 0.0000000000
82271  37.529  -16.969  15.581 0.0000000000
82242  39.206  -16.833  17.700 0.0000000000
82255  39.503  -16.636  16.603 0.0000000000
46748  8.720  -47.301  38.343 0.0000000000
47928  8.662  -46.949  37.238 0.0000000000
46762  7.900  -47.380  37.509 0.0000000000
45691  7.041  -48.280  36.961 0.0000000000
68359  33.292  -30.461  31.092 0.0000000000
67244  33.407  -31.209  29.612 0.0000000000
66149  33.458  -31.774  30.132 0.0000000000
60405  30.607  -35.714  37.132 0.0000000000
59293  30.293  -35.940  36.102 0.0000000000
64055  23.757  -32.536  24.480 0.0000000000
64040  24.892  -32.155  25.174 0.0000000000
64054  25.078  -32.333  24.026 0.0000000000
72868  29.523  -26.127  24.373 0.0000000000
72869  29.240  -25.705  23.687 0.0000000000
87027  51.083  -12.913  7.706 0.0000000000
87038  51.490  -12.728  7.088 0.0000000000
88143  51.387  -12.385  6.212 0.0000000000
88144  50.661  -12.321  6.509 0.0000000000
78673  39.044  -19.455  20.293 0.0000000000
78674  38.245  -19.910  19.897 0.0000000000
75108  34.638  -22.066  19.005 0.0000000000
77528  39.857  -20.593  21.244 0.0000000000
78665  40.765  -19.765  21.493 0.0000000000
78666  40.107  -19.879  20.868 0.0000000000
52774  14.900  -43.436  27.478 0.0000000000
51743  14.803  -44.110  26.461 0.0000000000
51721  14.606  -43.773  27.501 0.0000000000
58165  24.465  -36.870  32.748 0.0000000000
58164  24.917  -36.710  33.088 0.0000000000
59419  21.064  -35.286  27.685 0.0000000000
59420  20.517  -35.489  26.639 0.0000000000
60575  20.949  -34.867  26.505 0.0000000000
59437  20.386  -36.006  25.304 0.0000000000
59438  19.956  -36.591  25.430 0.0000000000
66254  32.139  -32.738  20.963 0.0000000000
82326  45.405  -15.831  12.876 0.0000000000
82346  46.175  -15.700  12.190 0.0000000000
85972  46.415  -13.924  7.729 0.0000000000
58133  20.562  -38.202  33.305 0.0000000000
83508  44.728  -15.186  16.539 0.0000000000
83520  45.199  -15.299  15.750 0.0000000000
83521  44.383  -15.048  15.837 0.0000000000
58138  14.955  -38.344  32.268 0.0000000000
56927  14.832  -38.947  31.537 0.0000000000
56928  14.303  -39.023  31.859 0.0000000000
51642  12.332  -43.604  32.181 0.0000000000
51641  12.615  -43.315  31.592 0.0000000000
50534  12.270  -44.440  31.501 0.0000000000
49306  11.910  -44.651  31.680 0.0000000000
47995  8.590  -46.875  33.284 0.0000000000
48050  9.635  -46.207  31.642 0.0000000000
70541  32.120  -28.248  27.999 0.0000000000
71649  31.818  -27.325  28.881 0.0000000000
70556  31.861  -28.190  27.197 0.0000000000
69495  32.219  -28.892  26.838 0.0000000000
62987  32.480  -33.636  23.859 0.0000000000
63003  32.433  -33.544  22.916 0.0000000000
62988  32.250  -33.838  23.122 0.0000000000
61825  32.530  -34.535  21.966 0.0000000000
61805  31.987  -34.620  22.472 0.0000000000
61657  29.164  -33.880  33.278 0.0000000000
61681  28.564  -33.356  30.889 0.0000000000
60534  30.979  -34.428  28.372 0.0000000000
60533  31.342  -34.610  28.498 0.0000000000
60552  31.558  -34.774  27.832 0.0000000000
60572  31.081  -34.711  26.548 0.0000000000
76281  33.442  -21.257  23.473 0.0000000000
76315  39.156  -21.432  22.001 0.0000000000
76334  38.970  -21.472  21.074 0.0000000000
75073  38.522  -21.595  21.398 0.0000000000
76319  35.144  -21.500  21.469 0.0000000000
78612  42.107  -19.665  24.827 0.0000000000
76294  40.590  -20.752  23.350 0.0000000000
76314  40.013  -21.119  22.406 0.0000000000
77519  40.321  -20.783  21.874 0.0000000000
53798  16.195  -41.261  27.340 0.0000000000
53813  16.136  -41.656  26.234 0.0000000000
58182  21.189  -36.882  31.150 0.0000000000
57008  18.977  -37.204  27.902 0.0000000000
58222  19.868  -36.577  28.305 0.0000000000
58223  19.535  -36.755  27.134 0.0000000000
58233  19.289  -37.041  26.102 0.0000000000
55826  17.614  -39.811  25.830 0.0000000000
55833  18.025  -39.435  25.442 0.0000000000
83484  41.664  -16.320  20.262 0.0000000000
83487  41.276  -16.287  19.380 0.0000000000
83512  41.336  -15.657  17.137 0.0000000000
83495  41.939  -15.579  17.675 0.0000000000
84788  42.604  -15.312  17.234 0.0000000000
83511  42.174  -15.533  16.736 0.0000000000
83524  41.796  -15.891  16.130 0.0000000000
83537  41.339  -15.987  15.988 0.0000000000
82289  39.485  -16.114  14.745 0.0000000000
56911  13.508  -38.817  33.225 0.0000000000
56886  13.302  -38.735  34.656 0.0000000000
55713  12.473  -39.601  34.581 0.0000000000
53706  12.485  -41.900  33.434 0.0000000000
54705  12.409  -41.545  34.533 0.0000000000
49226  10.900  -45.979  38.551 0.0000000000
49225  11.015  -45.386  37.942 0.0000000000
47975  8.744  -46.487  34.439 0.0000000000
47976  7.949  -47.003  34.230 0.0000000000
46808  7.400  -47.597  33.935 0.0000000000
45709  6.703  -49.053  34.946 0.0000000000
45718  6.691  -49.132  33.952 0.0000000000
44571  6.476  -49.836  37.047 0.0000000000
43461  5.907  -51.507  36.534 0.0000000000
44560  6.067  -50.714  37.357 0.0000000000
68376  32.999  -29.924  29.658 0.0000000000
69432  32.731  -29.060  30.175 0.0000000000
69447  32.709  -29.319  29.243 0.0000000000
70529  32.481  -28.864  28.903 0.0000000000
68403  33.089  -29.921  27.776 0.0000000000
68402  33.371  -30.517  28.163 0.0000000000
66168  33.549  -31.681  28.013 0.0000000000
66180  33.461  -31.536  26.885 0.0000000000
65114  33.454  -32.116  27.311 0.0000000000
64038  33.238  -32.673  25.767 0.0000000000
62955  33.022  -33.179  26.336 0.0000000000
62942  27.034  -32.209  26.093 0.0000000000
61727  29.302  -33.018  26.845 0.0000000000
61743  29.125  -32.918  26.258 0.0000000000
61757  28.979  -32.778  25.360 0.0000000000
62957  27.965  -32.563  25.242 0.0000000000
62991  26.985  -32.436  23.230 0.0000000000
75037  29.513  -23.688  23.772 0.0000000000
72895  28.508  -24.928  21.287 0.0000000000
88165  52.245  -12.497  5.007 0.0000000000
88166  51.636  -12.444  4.643 0.0000000000
87069  51.827  -12.627  4.156 0.0000000000
88177  50.888  -12.627  3.969 0.0000000000
82231  38.510  -18.012  18.566 0.0000000000
81072  37.708  -17.999  17.946 0.0000000000
81058  37.927  -18.428  18.436 0.0000000000
79925  36.383  -19.100  17.874 0.0000000000
78702  35.789  -19.596  17.967 0.0000000000
77578  35.384  -20.047  17.860 0.0000000000
76367  37.014  -20.742  19.790 0.0000000000
76368  36.236  -20.793  19.568 0.0000000000
76389  34.773  -21.088  18.253 0.0000000000
77565  34.320  -20.907  17.694 0.0000000000
78704  34.032  -20.694  17.319 0.0000000000
79841  42.356  -19.433  23.727 0.0000000000
79855  42.737  -18.771  23.492 0.0000000000
79856  42.311  -19.226  23.176 0.0000000000
81029  42.094  -18.408  21.973 0.0000000000
82215  42.652  -17.567  21.953 0.0000000000
82216  41.838  -17.497  21.249 0.0000000000
82220  41.682  -16.865  20.741 0.0000000000
82217  41.206  -17.924  20.872 0.0000000000
81056  38.988  -18.670  19.476 0.0000000000
81048  39.119  -18.057  19.196 0.0000000000
82230  39.053  -17.537  18.802 0.0000000000
58125  27.944  -36.411  35.244 0.0000000000
59306  28.489  -36.205  35.170 0.0000000000
59339  25.706  -36.048  32.953 0.0000000000
59338  26.312  -36.008  33.395 0.0000000000
60482  25.633  -35.756  32.121 0.0000000000
61671  25.676  -35.443  31.641 0.0000000000
59373  21.912  -35.831  30.258 0.0000000000
59372  22.613  -35.699  30.786 0.0000000000
60519  22.899  -35.294  30.265 0.0000000000
61713  23.186  -34.496  28.820 0.0000000000
60535  23.548  -34.914  29.909 0.0000000000
61698  24.889  -34.714  30.365 0.0000000000
61711  24.463  -34.368  29.707 0.0000000000
62911  24.755  -33.731  29.053 0.0000000000
62912  24.020  -33.998  28.748 0.0000000000
61758  22.354  -33.921  26.428 0.0000000000
62945  22.952  -33.537  26.706 0.0000000000
62960  22.626  -33.509  25.724 0.0000000000
62961  22.095  -33.742  24.917 0.0000000000
57048  19.213  -38.050  25.373 0.0000000000
57066  19.231  -38.696  23.956 0.0000000000
82280  48.414  -15.650  13.799 0.0000000000
82344  48.209  -15.530  12.205 0.0000000000
83575  48.675  -15.632  11.779 0.0000000000
82359  49.350  -15.657  11.829 0.0000000000
83600  45.352  -14.757  10.751 0.0000000000
84857  47.909  -14.247  10.184 0.0000000000
83620  48.498  -15.003  10.717 0.0000000000
84855  49.956  -14.437  10.158 0.0000000000
85970  47.724  -13.685  7.913 0.0000000000
87021  48.428  -13.723  8.303 0.0000000000
87030  48.160  -13.525  7.854 0.0000000000
87029  49.128  -13.097  7.897 0.0000000000
87041  48.046  -13.070  7.021 0.0000000000
58185  17.678  -37.406  30.130 0.0000000000
58137  15.843  -37.992  32.706 0.0000000000
56908  17.437  -38.306  34.237 0.0000000000
56881  18.764  -38.672  34.867 0.0000000000
56853  17.613  -38.785  35.482 0.0000000000
56854  16.935  -38.421  35.688 0.0000000000
58084  28.747  -37.264  36.433 0.0000000000
56899  25.565  -37.750  34.212 0.0000000000
56903  22.232  -38.118  34.246 0.0000000000
56925  22.610  -37.941  33.522 0.0000000000
56924  23.219  -37.960  33.515 0.0000000000
58151  22.118  -37.667  32.873 0.0000000000
58168  21.604  -37.268  32.121 0.0000000000
58152  21.132  -37.954  32.712 0.0000000000
58170  19.614  -37.864  31.422 0.0000000000
81088  35.894  -18.390  16.646 0.0000000000
82264  45.241  -16.013  14.728 0.0000000000
82263  46.153  -16.141  14.657 0.0000000000
82302  45.663  -16.077  13.580 0.0000000000
82267  42.115  -15.931  15.315 0.0000000000
82266  43.096  -15.596  14.873 0.0000000000
83551  42.365  -15.429  12.908 0.0000000000
82328  43.190  -15.580  12.595 0.0000000000
83564  42.534  -15.258  12.013 0.0000000000
58201  16.429  -38.900  29.840 0.0000000000
55790  16.576  -39.594  28.920 0.0000000000
56970  16.306  -39.110  30.026 0.0000000000
55751  15.021  -40.815  30.392 0.0000000000
55772  15.535  -40.578  30.221 0.0000000000
54770  15.441  -41.211  29.941 0.0000000000
53783  15.423  -42.038  29.159 0.0000000000
53774  15.288  -41.823  29.643 0.0000000000
55723  12.834  -40.590  31.897 0.0000000000
55739  13.362  -39.837  31.929 0.0000000000
54733  12.970  -41.208  31.492 0.0000000000
52717  13.764  -42.735  30.396 0.0000000000
52728  14.063  -43.257  30.006 0.0000000000
51672  13.992  -43.849  29.879 0.0000000000
50568  13.706  -44.284  29.601 0.0000000000
50591  12.531  -44.784  29.551 0.0000000000
49379  11.268  -45.726  29.365 0.0000000000
52648  11.862  -42.601  35.907 0.0000000000
52647  11.882  -43.263  35.438 0.0000000000
49251  10.592  -45.364  36.408 0.0000000000
49267  10.596  -45.232  35.402 0.0000000000
49294  10.961  -45.493  33.235 0.0000000000
49281  11.348  -45.281  33.873 0.0000000000
49280  11.698  -45.015  33.519 0.0000000000
49293  11.466  -45.096  32.988 0.0000000000
49308  11.393  -45.245  32.213 0.0000000000
44548  5.855  -50.399  38.329 0.0000000000
42306  5.396  -51.613  38.870 0.0000000000
76230  34.190  -20.953  25.469 0.0000000000
76218  31.739  -21.682  26.418 0.0000000000
73893  30.065  -24.121  26.927 0.0000000000
75015  30.155  -23.096  26.264 0.0000000000
72832  30.114  -25.742  25.846 0.0000000000
71672  31.211  -26.791  26.631 0.0000000000
72830  30.963  -26.545  26.505 0.0000000000
71684  31.027  -27.004  26.045 0.0000000000
71697  30.557  -26.987  25.354 0.0000000000
71713  30.808  -28.182  24.637 0.0000000000
70581  31.177  -28.647  24.685 0.0000000000
69515  31.914  -29.921  24.622 0.0000000000
67315  31.943  -30.781  23.817 0.0000000000
66215  32.345  -31.508  23.557 0.0000000000
67283  33.012  -30.882  25.678 0.0000000000
68440  32.746  -30.806  25.371 0.0000000000
67297  33.051  -31.410  25.254 0.0000000000
64083  32.599  -33.241  22.622 0.0000000000
65161  32.581  -32.658  23.133 0.0000000000
65178  32.628  -33.060  22.313 0.0000000000
64103  32.773  -33.550  21.709 0.0000000000
64104  33.016  -33.849  21.165 0.0000000000
61854  31.997  -35.069  20.226 0.0000000000
61883  31.186  -35.163  19.346 0.0000000000
59314  29.395  -35.909  34.926 0.0000000000
60450  29.625  -35.365  34.486 0.0000000000
60449  30.722  -34.749  33.871 0.0000000000
60448  31.652  -34.589  33.216 0.0000000000
61647  32.033  -34.609  33.610 0.0000000000
61680  30.055  -33.886  30.400 0.0000000000
60514  31.690  -34.781  29.725 0.0000000000
60497  31.246  -34.608  30.340 0.0000000000
60495  32.222  -34.480  30.827 0.0000000000
61666  32.402  -34.348  31.689 0.0000000000
61678  32.510  -34.275  31.119 0.0000000000
61653  33.076  -33.930  31.965 0.0000000000
61677  32.581  -34.235  30.718 0.0000000000
61691  32.799  -33.946  29.903 0.0000000000
62879  33.175  -33.756  30.895 0.0000000000
62891  32.950  -33.795  30.051 0.0000000000
63983  33.657  -32.933  31.004 0.0000000000
62890  33.175  -33.368  29.626 0.0000000000
64002  33.419  -32.832  29.115 0.0000000000
62907  32.859  -33.694  29.105 0.0000000000
60588  32.048  -34.440  26.510 0.0000000000
60608  32.151  -34.627  25.448 0.0000000000
61770  32.455  -34.358  24.908 0.0000000000
60592  30.581  -34.328  25.162 0.0000000000
60612  30.533  -34.227  24.168 0.0000000000
60648  30.191  -34.618  22.556 0.0000000000
60631  30.601  -34.641  23.405 0.0000000000
60647  30.679  -34.933  22.642 0.0000000000
60668  31.231  -35.247  21.473 0.0000000000
60669  30.702  -35.024  21.740 0.0000000000
76279  36.122  -20.525  23.898 0.0000000000
76302  33.071  -21.558  22.350 0.0000000000
76301  34.322  -21.431  22.460 0.0000000000
76304  30.885  -22.373  22.145 0.0000000000
76323  30.928  -22.536  21.305 0.0000000000
75078  31.239  -22.485  20.629 0.0000000000
75096  31.621  -22.664  19.897 0.0000000000
75095  32.500  -22.468  19.818 0.0000000000
75111  31.893  -22.750  19.124 0.0000000000
87084  54.192  -12.673  3.617 0.0000000000
87102  54.208  -12.791  2.691 0.0000000000
87083  54.676  -12.612  3.858 0.0000000000
76316  38.326  -21.415  21.963 0.0000000000
76298  37.925  -21.003  22.586 0.0000000000
76299  36.849  -20.923  22.592 0.0000000000
76275  39.893  -20.790  23.594 0.0000000000
53825  16.797  -41.256  25.691 0.0000000000
54794  16.680  -40.453  27.072 0.0000000000
54795  16.429  -40.695  27.604 0.0000000000
54786  16.305  -40.812  28.094 0.0000000000
58197  19.501  -37.032  29.776 0.0000000000
58211  19.562  -36.821  29.373 0.0000000000
56987  19.044  -36.905  28.975 0.0000000000
83546  38.969  -16.277  15.122 0.0000000000
82228  40.598  -16.486  18.476 0.0000000000
83497  40.605  -16.370  18.191 0.0000000000
83513  40.653  -16.157  17.618 0.0000000000
82254  40.313  -16.354  16.288 0.0000000000
83538  39.217  -16.360  15.281 0.0000000000
56857  13.594  -38.404  35.860 0.0000000000
47942  8.366  -46.975  36.399 0.0000000000
46790  7.297  -47.505  34.902 0.0000000000
46775  6.487  -48.101  36.038 0.0000000000
45700  5.976  -48.956  36.147 0.0000000000
45692  6.585  -48.969  37.491 0.0000000000
68348  33.272  -29.517  31.523 0.0000000000
68360  33.020  -29.769  30.631 0.0000000000
68389  33.326  -30.578  29.137 0.0000000000
65092  33.562  -32.225  28.645 0.0000000000
64029  24.717  -32.430  26.487 0.0000000000
64015  25.863  -32.260  26.869 0.0000000000
64028  25.941  -32.221  25.705 0.0000000000
62958  26.995  -32.287  25.007 0.0000000000
64053  26.152  -32.213  23.606 0.0000000000
73917  29.459  -24.794  24.667 0.0000000000
75038  29.378  -24.343  23.517 0.0000000000
73935  29.233  -24.948  23.378 0.0000000000
72885  28.944  -25.863  23.014 0.0000000000
84877  50.931  -13.487  8.858 0.0000000000
84876  51.859  -13.652  8.847 0.0000000000
87036  53.178  -12.888  6.075 0.0000000000
88142  51.818  -12.366  5.904 0.0000000000
79905  38.747  -18.976  19.473 0.0000000000
79906  38.256  -19.119  19.062 0.0000000000
78686  36.947  -19.674  18.938 0.0000000000
77562  36.401  -20.104  18.893 0.0000000000
76353  35.641  -21.352  19.646 0.0000000000
76354  35.102  -21.525  19.127 0.0000000000
76371  34.277  -21.890  18.236 0.0000000000
78657  40.918  -20.109  22.263 0.0000000000
81038  40.785  -18.378  20.619 0.0000000000
79886  40.138  -19.039  20.375 0.0000000000
79894  39.532  -18.769  20.038 0.0000000000
52796  15.300  -43.288  26.404 0.0000000000
50619  13.512  -44.946  27.103 0.0000000000
50605  13.229  -44.425  28.100 0.0000000000
58146  26.365  -36.897  33.843 0.0000000000
58145  26.849  -36.596  34.288 0.0000000000
59329  25.346  -36.474  33.138 0.0000000000
59340  25.059  -36.407  32.372 0.0000000000
59353  24.781  -36.265  31.722 0.0000000000
60520  22.227  -35.340  29.755 0.0000000000
60537  22.031  -35.106  29.061 0.0000000000
60555  22.582  -34.698  28.727 0.0000000000
61729  22.911  -34.247  28.070 0.0000000000
61730  22.179  -34.494  27.453 0.0000000000
61745  21.949  -34.356  26.723 0.0000000000
61760  21.249  -34.805  24.854 0.0000000000
60613  20.893  -35.561  24.537 0.0000000000
59461  20.533  -36.348  24.152 0.0000000000
67341  31.457  -31.101  22.503 0.0000000000
81116  46.847  -16.028  13.523 0.0000000000
81114  47.921  -15.563  13.433 0.0000000000
82345  47.259  -15.476  12.180 0.0000000000
82361  47.447  -15.424  11.581 0.0000000000
84842  45.838  -14.707  10.112 0.0000000000
84859  45.360  -14.216  9.300 0.0000000000
84870  47.286  -13.962  9.160 0.0000000000
85959  46.872  -13.796  8.247 0.0000000000
85971  47.184  -13.686  7.606 0.0000000000
58154  19.049  -37.975  32.283 0.0000000000
58135  18.510  -38.083  33.232 0.0000000000
56907  18.152  -38.446  34.116 0.0000000000
58132  21.134  -38.184  33.361 0.0000000000
83519  45.963  -15.519  15.645 0.0000000000
56939  15.592  -38.980  30.882 0.0000000000
56952  15.824  -39.414  30.408 0.0000000000
56953  15.440  -39.610  30.773 0.0000000000
55752  14.650  -40.586  30.817 0.0000000000
53721  12.611  -41.912  32.103 0.0000000000
53741  12.915  -41.788  31.255 0.0000000000
52697  12.658  -42.916  31.597 0.0000000000
51650  13.033  -43.496  30.967 0.0000000000
50533  12.976  -44.177  30.967 0.0000000000
50545  13.387  -44.295  30.320 0.0000000000
50546  12.682  -44.747  30.881 0.0000000000
49358  12.023  -45.199  30.780 0.0000000000
52631  11.538  -43.044  36.577 0.0000000000
52630  11.531  -43.719  36.491 0.0000000000
47993  10.239  -45.759  33.993 0.0000000000
48021  10.217  -45.751  32.970 0.0000000000
48049  10.197  -45.841  32.152 0.0000000000
75014  30.805  -22.360  26.882 0.0000000000
75003  30.790  -22.906  27.743 0.0000000000
73880  30.366  -23.810  27.506 0.0000000000
70506  32.150  -27.285  30.398 0.0000000000
71641  31.769  -26.871  30.046 0.0000000000
72770  31.313  -26.635  28.324 0.0000000000
72789  30.884  -26.120  27.791 0.0000000000
72788  31.283  -26.775  27.420 0.0000000000
71671  31.494  -27.390  26.763 0.0000000000
71683  31.456  -27.941  25.853 0.0000000000
70573  31.454  -28.694  25.076 0.0000000000
70572  31.695  -28.717  25.595 0.0000000000
69507  31.926  -29.426  25.025 0.0000000000
68441  32.393  -30.514  24.934 0.0000000000
65133  33.373  -32.084  25.186 0.0000000000
65134  33.036  -31.925  24.640 0.0000000000
64067  32.747  -32.528  24.192 0.0000000000
64068  32.585  -32.977  23.657 0.0000000000
63024  32.922  -34.117  21.613 0.0000000000
61827  31.650  -35.294  21.060 0.0000000000
61658  28.214  -34.565  33.531 0.0000000000
60464  28.783  -34.992  34.181 0.0000000000
61656  30.322  -33.909  32.253 0.0000000000
61710  29.758  -33.317  28.206 0.0000000000
61694  30.681  -34.195  29.310 0.0000000000
61693  30.977  -34.502  29.449 0.0000000000
60515  31.302  -34.603  29.405 0.0000000000
60513  31.926  -34.926  30.026 0.0000000000
60512  32.315  -34.516  30.297 0.0000000000
60531  32.030  -34.647  29.238 0.0000000000
60550  32.094  -34.476  28.654 0.0000000000
61708  32.426  -34.195  29.240 0.0000000000
61724  32.353  -34.222  28.102 0.0000000000
60569  32.061  -34.466  27.583 0.0000000000
60570  31.748  -34.608  27.163 0.0000000000
60590  31.389  -34.857  25.738 0.0000000000
63005  28.953  -33.207  22.610 0.0000000000
60633  29.740  -34.185  22.986 0.0000000000
61807  29.622  -34.126  22.299 0.0000000000
61806  29.994  -34.525  22.167 0.0000000000
61829  30.158  -34.608  21.573 0.0000000000
61828  30.494  -34.882  21.380 0.0000000000
61857  29.637  -34.566  20.006 0.0000000000
76250  35.025  -20.685  24.878 0.0000000000
75099  29.321  -23.588  20.793 0.0000000000
75079  30.442  -22.839  20.814 0.0000000000
75098  29.701  -23.369  20.259 0.0000000000
87066  53.749  -12.608  4.072 0.0000000000
76349  39.294  -20.919  21.022 0.0000000000
77538  38.468  -20.298  20.314 0.0000000000
76350  38.675  -20.903  20.639 0.0000000000
76335  38.231  -21.362  20.727 0.0000000000
75074  37.988  -21.568  21.397 0.0000000000
76336  37.341  -21.430  20.884 0.0000000000
75092  35.060  -21.768  19.789 0.0000000000
75093  34.256  -22.138  19.722 0.0000000000
78628  42.209  -19.617  24.163 0.0000000000
78645  41.547  -20.011  23.174 0.0000000000
77492  41.059  -20.610  23.661 0.0000000000
77510  40.863  -20.540  22.941 0.0000000000
52795  15.781  -42.550  25.771 0.0000000000
52773  15.151  -43.061  27.543 0.0000000000
52756  15.082  -42.912  28.321 0.0000000000
58180  23.070  -36.546  32.020 0.0000000000
59356  22.001  -36.170  30.992 0.0000000000
58210  20.064  -36.648  29.310 0.0000000000
59374  21.050  -36.295  29.785 0.0000000000
59403  20.446  -36.037  27.718 0.0000000000
59405  19.796  -36.528  26.300 0.0000000000
59439  19.716  -36.680  25.797 0.0000000000
57049  18.501  -38.929  24.820 0.0000000000
82348  44.308  -15.403  11.865 0.0000000000
83579  44.804  -15.016  11.410 0.0000000000
56880  19.668  -38.618  34.842 0.0000000000
55708  19.986  -38.832  35.321 0.0000000000
84739  43.201  -15.525  20.249 0.0000000000
84753  42.765  -15.358  19.230 0.0000000000
84787  43.364  -15.187  17.307 0.0000000000
83522  43.461  -15.301  15.699 0.0000000000
83523  42.581  -15.722  16.030 0.0000000000
82268  41.015  -15.934  15.610 0.0000000000
82307  39.961  -15.880  13.860 0.0000000000
55724  12.857  -39.895  32.573 0.0000000000
54720  12.515  -41.107  32.798 0.0000000000
53722  12.517  -41.872  32.801 0.0000000000
53705  12.512  -42.393  32.909 0.0000000000
52680  12.495  -43.007  33.268 0.0000000000
50483  11.438  -44.952  38.225 0.0000000000
49237  11.014  -45.355  36.870 0.0000000000
47955  10.101  -45.409  36.035 0.0000000000
47956  9.534  -45.788  35.779 0.0000000000
47974  9.496  -45.929  34.712 0.0000000000
46842  7.351  -48.447  32.765 0.0000000000
46809  6.933  -48.289  34.436 0.0000000000
70505  32.586  -27.870  30.650 0.0000000000
70520  32.035  -27.717  29.799 0.0000000000
69476  32.541  -29.203  27.510 0.0000000000
69494  32.508  -29.525  26.652 0.0000000000
67273  33.302  -30.910  26.409 0.0000000000
67263  33.437  -31.040  27.547 0.0000000000
66189  33.418  -31.537  25.854 0.0000000000
62971  32.808  -33.590  24.829 0.0000000000
61787  32.574  -33.997  24.555 0.0000000000
61696  26.691  -33.900  30.380 0.0000000000
62881  27.712  -33.463  30.434 0.0000000000
62893  27.094  -33.420  29.812 0.0000000000
62892  28.672  -33.025  28.986 0.0000000000
62908  29.006  -32.916  27.872 0.0000000000
61725  30.315  -33.855  27.335 0.0000000000
61741  30.144  -33.775  26.595 0.0000000000
60573  30.601  -34.304  26.322 0.0000000000
61755  30.241  -33.818  25.806 0.0000000000
61772  29.670  -33.227  24.568 0.0000000000
62972  27.813  -32.417  24.385 0.0000000000
62989  28.971  -32.990  23.199 0.0000000000
63006  28.134  -32.809  21.978 0.0000000000
76253  31.336  -21.721  24.328 0.0000000000
76284  30.311  -22.857  23.055 0.0000000000
76305  30.239  -23.020  22.290 0.0000000000
75056  29.346  -24.194  23.028 0.0000000000
75065  29.178  -23.933  22.219 0.0000000000
75081  29.185  -23.733  21.354 0.0000000000
73958  28.827  -24.252  20.469 0.0000000000
86010  54.118  -12.760  5.446 0.0000000000
87051  52.671  -12.579  5.472 0.0000000000
87087  51.578  -12.857  3.531 0.0000000000
82257  37.813  -17.392  16.878 0.0000000000
82244  37.690  -17.795  17.621 0.0000000000
81059  37.342  -18.747  18.347 0.0000000000
81074  36.267  -18.703  17.414 0.0000000000
77548  37.545  -20.403  19.724 0.0000000000
77549  36.861  -20.318  19.353 0.0000000000
76369  35.334  -20.901  19.014 0.0000000000
76388  35.205  -20.717  18.461 0.0000000000
77563  35.679  -20.246  18.515 0.0000000000
78703  34.447  -20.409  17.343 0.0000000000
81015  42.420  -18.663  22.631 0.0000000000
83483  42.541  -16.465  20.888 0.0000000000
82222  40.296  -17.672  19.944 0.0000000000
58096  29.602  -36.567  36.167 0.0000000000
59294  30.125  -36.091  35.839 0.0000000000
59305  29.001  -36.235  35.242 0.0000000000
59315  28.926  -35.928  34.788 0.0000000000
59325  28.559  -35.648  34.621 0.0000000000
59327  26.815  -36.156  33.897 0.0000000000
59326  27.750  -35.637  34.411 0.0000000000
60465  27.413  -35.214  33.622 0.0000000000
60480  27.137  -34.904  33.168 0.0000000000
59342  23.737  -36.402  31.913 0.0000000000
59354  24.230  -36.146  31.533 0.0000000000
60499  24.881  -35.831  31.229 0.0000000000
60518  23.956  -35.292  30.405 0.0000000000
61684  24.967  -35.327  30.888 0.0000000000
61683  25.573  -35.051  31.137 0.0000000000
61697  26.111  -34.174  30.403 0.0000000000
62894  25.642  -33.847  29.733 0.0000000000
62929  23.225  -33.708  27.450 0.0000000000
62943  24.520  -32.789  27.472 0.0000000000
64030  23.892  -32.705  26.398 0.0000000000
62974  23.237  -32.920  25.379 0.0000000000
64056  22.976  -32.799  24.062 0.0000000000
58268  19.707  -37.639  24.360 0.0000000000
71735  29.933  -27.900  23.689 0.0000000000
83595  49.986  -15.276  11.643 0.0000000000
83578  45.772  -15.287  11.453 0.0000000000
83598  47.214  -15.362  10.993 0.0000000000
84841  46.319  -14.713  10.262 0.0000000000
83622  46.956  -14.936  10.609 0.0000000000
83597  48.074  -15.322  11.356 0.0000000000
83619  49.503  -15.008  10.791 0.0000000000
83618  50.477  -14.942  10.773 0.0000000000
84867  50.400  -13.849  9.446 0.0000000000
85957  48.867  -13.846  8.721 0.0000000000
85956  49.743  -13.618  8.942 0.0000000000
84878  50.326  -13.445  8.926 0.0000000000
85968  50.154  -13.305  8.454 0.0000000000
87028  50.261  -12.864  7.833 0.0000000000
88145  50.063  -12.232  6.657 0.0000000000
58213  17.668  -37.754  28.616 0.0000000000
59375  17.238  -37.658  29.591 0.0000000000
59359  16.935  -37.826  29.664 0.0000000000
58186  16.770  -37.873  30.165 0.0000000000
58173  16.101  -38.443  30.927 0.0000000000
55711  18.007  -39.123  35.637 0.0000000000
56829  15.645  -38.220  36.529 0.0000000000
59272  30.312  -36.162  37.201 0.0000000000
58081  29.815  -36.555  36.547 0.0000000000
58097  29.159  -36.838  36.243 0.0000000000
58098  28.544  -37.062  36.039 0.0000000000
58115  27.656  -36.958  35.361 0.0000000000
56872  27.268  -37.296  35.329 0.0000000000
58116  26.990  -37.115  34.979 0.0000000000
58128  26.024  -37.504  34.059 0.0000000000
58148  24.721  -37.183  33.400 0.0000000000
58149  24.080  -37.435  33.113 0.0000000000
58131  23.782  -37.878  33.564 0.0000000000
58167  22.621  -37.083  32.405 0.0000000000
58183  20.136  -37.359  30.769 0.0000000000
58198  18.431  -37.237  29.540 0.0000000000
82261  47.784  -15.673  14.345 0.0000000000
82281  47.468  -16.005  14.055 0.0000000000
83532  46.433  -15.858  15.117 0.0000000000
82282  46.704  -16.245  14.172 0.0000000000
82301  46.588  -16.151  13.728 0.0000000000
82251  43.308  -15.453  15.180 0.0000000000
82285  43.788  -15.694  14.170 0.0000000000
82327  44.195  -15.882  12.563 0.0000000000
56968  16.703  -39.032  29.014 0.0000000000
54778  16.232  -40.941  28.827 0.0000000000
56951  16.170  -40.036  29.938 0.0000000000
55771  16.116  -40.508  29.804 0.0000000000
52739  15.464  -42.097  28.861 0.0000000000
51689  14.680  -43.308  28.733 0.0000000000
55738  13.797  -40.421  31.403 0.0000000000
55737  14.065  -40.785  31.029 0.0000000000
54753  14.320  -41.236  30.588 0.0000000000
53740  13.268  -42.148  30.838 0.0000000000
53760  14.030  -41.787  30.448 0.0000000000
53759  14.434  -42.122  30.094 0.0000000000
52727  14.461  -42.606  29.811 0.0000000000
51671  14.427  -43.257  29.443 0.0000000000
51706  14.407  -43.823  28.359 0.0000000000
50589  13.892  -44.256  28.749 0.0000000000
50606  12.568  -44.908  28.364 0.0000000000
50569  13.111  -44.663  30.054 0.0000000000
53698  12.400  -41.985  35.133 0.0000000000
52664  12.424  -43.043  34.186 0.0000000000
50517  12.043  -44.105  33.130 0.0000000000
51579  11.531  -44.402  37.371 0.0000000000
51599  11.490  -44.285  36.679 0.0000000000
49266  11.146  -45.191  34.836 0.0000000000
49249  11.338  -44.891  35.182 0.0000000000
50511  11.657  -44.530  34.810 0.0000000000
50518  11.966  -44.532  33.494 0.0000000000
50525  11.806  -44.575  32.610 0.0000000000
49307  11.677  -44.814  32.121 0.0000000000
49329  11.932  -44.997  31.312 0.0000000000
49359  11.382  -45.547  30.548 0.0000000000
43443  5.769  -51.324  37.968 0.0000000000
42334  5.625  -52.135  37.624 0.0000000000
77470  38.096  -20.068  24.857 0.0000000000
76231  32.952  -21.069  25.825 0.0000000000
76233  30.478  -22.182  25.276 0.0000000000
72867  30.130  -26.531  24.994 0.0000000000
73879  30.584  -24.119  28.211 0.0000000000
73892  30.428  -24.681  27.451 0.0000000000
72811  30.666  -25.592  27.225 0.0000000000
72848  30.331  -26.275  25.619 0.0000000000
70593  30.422  -28.392  23.817 0.0000000000
69516  31.372  -29.395  24.245 0.0000000000
69532  31.156  -29.770  23.734 0.0000000000
68470  31.094  -30.218  23.369 0.0000000000
66228  31.813  -31.287  22.571 0.0000000000
66241  32.312  -32.454  21.759 0.0000000000
69501  32.612  -29.864  26.262 0.0000000000
67299  32.592  -31.180  24.679 0.0000000000
66203  32.829  -31.748  24.507 0.0000000000
67313  32.658  -31.501  24.445 0.0000000000
66226  32.531  -32.460  22.669 0.0000000000
66240  32.569  -32.792  22.201 0.0000000000
65193  32.464  -33.132  21.105 0.0000000000
64123  32.886  -33.588  20.630 0.0000000000
63060  32.848  -34.127  19.755 0.0000000000
63061  32.393  -34.601  19.292 0.0000000000
66143  33.688  -31.768  31.050 0.0000000000
60422  30.169  -35.746  35.437 0.0000000000
60421  30.465  -35.285  35.381 0.0000000000
60420  31.400  -34.651  34.682 0.0000000000
60433  31.732  -34.712  34.191 0.0000000000
61646  32.586  -34.307  33.237 0.0000000000
60479  31.164  -34.265  31.604 0.0000000000
60461  31.975  -34.495  32.171 0.0000000000
61645  32.997  -33.940  32.852 0.0000000000
62863  33.289  -33.634  32.471 0.0000000000
61676  32.843  -33.989  30.501 0.0000000000
63973  33.655  -32.874  31.804 0.0000000000
65074  33.584  -32.347  30.609 0.0000000000
65081  33.468  -32.284  29.652 0.0000000000
62922  32.982  -33.311  27.770 0.0000000000
61739  32.558  -33.937  27.528 0.0000000000
62940  32.824  -33.599  27.016 0.0000000000
62956  32.744  -33.618  25.888 0.0000000000
61789  31.905  -34.289  23.381 0.0000000000
60591  30.961  -34.714  25.449 0.0000000000
60610  31.274  -34.824  24.574 0.0000000000
60629  31.522  -34.645  23.462 0.0000000000
60645  31.598  -35.007  22.117 0.0000000000
60667  31.646  -35.195  21.505 0.0000000000
61856  30.562  -34.958  20.709 0.0000000000
61884  30.578  -35.232  19.492 0.0000000000
77497  37.292  -20.307  24.270 0.0000000000
76339  33.875  -22.040  20.325 0.0000000000
75094  33.366  -22.292  19.732 0.0000000000
76303  31.875  -21.705  22.263 0.0000000000
88154  49.802  -12.388  6.032 0.0000000000
88168  49.669  -12.572  5.081 0.0000000000
87070  49.847  -13.185  4.168 0.0000000000
46761  8.605  -47.073  37.751 0.0000000000
49211  11.510  -45.731  38.988 0.0000000000
49238  10.633  -45.733  37.424 0.0000000000
50492  11.466  -44.704  37.220 0.0000000000
50502  11.263  -44.655  36.134 0.0000000000
50535  11.828  -44.485  32.021 0.0000000000
50547  12.372  -45.014  30.846 0.0000000000
50620  12.928  -45.182  27.531 0.0000000000
51623  12.356  -43.502  33.761 0.0000000000
51632  12.264  -43.639  33.132 0.0000000000
51633  12.145  -44.077  33.485 0.0000000000
51720  14.877  -43.414  27.712 0.0000000000
52615  11.559  -44.065  37.199 0.0000000000
52663  12.407  -43.321  33.564 0.0000000000
53690  12.128  -42.023  35.747 0.0000000000
53697  12.490  -42.030  34.415 0.0000000000
53720  12.719  -42.447  31.479 0.0000000000
53782  15.744  -41.651  29.026 0.0000000000
53812  16.537  -40.964  26.554 0.0000000000
54713  12.243  -40.421  34.489 0.0000000000
54769  15.918  -41.100  29.583 0.0000000000
54785  16.588  -40.241  27.888 0.0000000000
54804  17.419  -39.790  26.195 0.0000000000
55808  16.446  -40.351  28.522 0.0000000000
56873  26.803  -37.575  35.215 0.0000000000
56940  15.072  -39.382  31.158 0.0000000000
56941  14.618  -39.428  31.482 0.0000000000
56967  18.515  -37.182  29.012 0.0000000000
56969  16.386  -39.310  29.719 0.0000000000
56986  19.558  -36.762  29.132 0.0000000000
58063  29.815  -36.634  36.939 0.0000000000
58082  29.575  -36.759  36.577 0.0000000000
58099  28.076  -37.127  35.753 0.0000000000
58112  29.465  -36.476  35.885 0.0000000000
58114  28.398  -36.629  35.540 0.0000000000
58127  26.672  -37.054  34.396 0.0000000000
58129  25.203  -37.483  33.916 0.0000000000
58158  14.789  -38.602  31.932 0.0000000000
58174  15.485  -38.812  31.159 0.0000000000
58234  19.571  -36.709  26.098 0.0000000000
58249  19.515  -36.870  25.834 0.0000000000
59282  30.291  -36.078  36.725 0.0000000000
59284  29.853  -36.467  36.236 0.0000000000
59295  29.815  -36.321  35.833 0.0000000000
59303  29.999  -35.990  35.488 0.0000000000
59317  27.282  -36.178  34.511 0.0000000000
59358  17.130  -37.579  29.839 0.0000000000
59376  17.027  -37.885  29.426 0.0000000000
59404  20.017  -36.335  26.732 0.0000000000
59422  19.772  -36.566  26.064 0.0000000000
60436  29.684  -35.751  34.901 0.0000000000
60466  26.713  -35.722  33.544 0.0000000000
60477  32.138  -34.479  31.493 0.0000000000
60483  25.142  -36.071  31.730 0.0000000000
60496  31.731  -34.655  30.604 0.0000000000
60500  24.072  -35.761  30.996 0.0000000000
60516  30.984  -34.341  29.013 0.0000000000
60517  24.576  -35.436  30.791 0.0000000000
60530  32.194  -34.541  29.614 0.0000000000
60553  31.212  -34.735  27.581 0.0000000000
60574  21.409  -34.823  27.115 0.0000000000
60589  31.744  -34.661  26.088 0.0000000000
60593  21.348  -34.589  26.372 0.0000000000
60632  30.068  -34.289  23.350 0.0000000000
60694  30.892  -35.165  21.257 0.0000000000
61664  32.981  -33.937  31.172 0.0000000000
61665  32.765  -34.128  31.458 0.0000000000
61712  23.825  -34.429  29.273 0.0000000000
61723  32.602  -33.919  28.623 0.0000000000
61726  29.657  -33.343  27.199 0.0000000000
61754  32.303  -34.232  25.907 0.0000000000
61756  29.759  -33.263  25.540 0.0000000000
61769  32.604  -34.019  25.396 0.0000000000
61790  30.092  -33.787  24.046 0.0000000000
61792  28.955  -32.864  23.539 0.0000000000
61804  32.161  -34.163  22.782 0.0000000000
62870  33.504  -33.386  31.346 0.0000000000
62923  32.780  -33.642  28.111 0.0000000000
62924  29.181  -32.943  27.266 0.0000000000
62939  33.065  -33.120  27.167 0.0000000000
62959  23.377  -33.055  26.180 0.0000000000
64014  33.271  -32.708  27.937 0.0000000000
64016  25.103  -32.508  27.251 0.0000000000
64052  32.664  -33.271  24.222 0.0000000000
64122  32.711  -33.418  21.322 0.0000000000
65104  33.510  -32.169  27.981 0.0000000000
65146  32.988  -32.259  24.501 0.0000000000
65179  32.578  -32.981  21.866 0.0000000000
67274  33.047  -30.555  26.107 0.0000000000
67282  33.161  -31.274  25.530 0.0000000000
67331  32.153  -31.207  23.517 0.0000000000
67332  31.714  -30.888  23.171 0.0000000000
67333  31.136  -30.720  22.837 0.0000000000
68430  32.697  -30.288  25.783 0.0000000000
68453  31.922  -30.345  24.286 0.0000000000
69502  32.233  -29.398  25.974 0.0000000000
70540  32.444  -28.782  28.342 0.0000000000
70582  30.813  -28.527  24.297 0.0000000000
71685  30.632  -26.579  25.848 0.0000000000
71695  31.414  -28.321  25.392 0.0000000000
72810  31.026  -26.358  26.970 0.0000000000
72884  29.314  -26.361  23.621 0.0000000000
73918  29.353  -24.587  23.876 0.0000000000
75064  29.727  -23.345  21.891 0.0000000000
75075  37.659  -21.515  21.259 0.0000000000
75080  29.750  -23.212  21.120 0.0000000000
75089  38.491  -21.651  20.978 0.0000000000
75091  37.791  -21.613  21.087 0.0000000000
75120  34.419  -21.970  18.494 0.0000000000
76247  40.492  -20.829  24.107 0.0000000000
76273  40.696  -20.756  23.617 0.0000000000
76295  40.146  -20.874  23.143 0.0000000000
76297  38.805  -21.034  22.631 0.0000000000
76313  40.410  -20.819  22.873 0.0000000000
77494  39.583  -20.629  23.748 0.0000000000
77539  38.012  -20.378  19.921 0.0000000000
77579  34.976  -20.098  17.458 0.0000000000
78644  42.047  -19.674  23.654 0.0000000000
78684  38.456  -19.399  19.672 0.0000000000
78685  37.722  -19.792  19.389 0.0000000000
79873  42.002  -19.034  22.451 0.0000000000
79904  39.033  -18.856  19.831 0.0000000000
79924  36.927  -19.110  18.373 0.0000000000
81047  39.336  -18.297  19.579 0.0000000000
81105  47.825  -15.698  13.793 0.0000000000
81115  47.270  -15.954  13.651 0.0000000000
81128  47.881  -15.541  13.127 0.0000000000
81129  47.409  -15.705  13.295 0.0000000000
81130  47.042  -15.913  13.419 0.0000000000
82226  39.323  -17.849  19.309 0.0000000000
82253  42.315  -15.902  15.719 0.0000000000
82290  38.565  -16.363  14.821 0.0000000000
82300  47.098  -16.181  13.887 0.0000000000
82358  49.721  -15.608  12.070 0.0000000000
83530  48.162  -15.266  14.734 0.0000000000
83534  44.804  -15.579  15.284 0.0000000000
83535  44.200  -15.295  15.365 0.0000000000
83539  38.895  -16.422  15.309 0.0000000000
83576  48.219  -15.466  11.778 0.0000000000
84786  44.265  -15.233  17.333 0.0000000000
87020  48.778  -13.529  8.273 0.0000000000
87031  47.661  -13.580  7.696 0.0000000000
88152  51.350  -12.300  5.449 0.0000000000
88176  51.496  -12.614  4.046 0.0000000000
