#!ascii label  , from subject sub-01 vox2ras=TkReg
1613
68397  47.568  -29.479  27.132 0.0000000000
46833  35.925  -47.640  32.862 0.0000000000
45728  22.254  -49.193  31.914 0.0000000000
40037  27.640  -55.494  33.753 0.0000000000
47901  28.211  -47.578  37.604 0.0000000000
50602  27.288  -45.836  28.178 0.0000000000
64119  41.923  -33.965  20.721 0.0000000000
76327  52.242  -21.261  19.522 0.0000000000
62903  43.074  -34.804  28.467 0.0000000000
49400  41.772  -46.153  27.243 0.0000000000
51770  32.810  -44.702  24.126 0.0000000000
47937  21.243  -47.722  37.046 0.0000000000
41285  23.642  -53.335  32.783 0.0000000000
44541  21.820  -51.046  38.343 0.0000000000
49260  24.609  -46.674  35.157 0.0000000000
69430  42.020  -28.579  30.150 0.0000000000
52620  35.173  -43.315  35.473 0.0000000000
51638  38.073  -44.025  32.379 0.0000000000
52724  41.837  -43.364  30.345 0.0000000000
49343  39.149  -46.328  30.164 0.0000000000
51735  36.905  -43.864  26.043 0.0000000000
52735  35.033  -43.363  29.007 0.0000000000
48157  24.167  -47.069  25.016 0.0000000000
51788  26.149  -44.713  22.834 0.0000000000
72858  47.690  -26.048  23.262 0.0000000000
72906  47.068  -25.687  19.442 0.0000000000
44693  22.232  -50.398  26.035 0.0000000000
42440  24.952  -52.968  28.237 0.0000000000
46781  32.105  -47.708  35.091 0.0000000000
49351  31.004  -45.986  30.708 0.0000000000
47988  28.042  -47.741  33.475 0.0000000000
48067  24.659  -46.980  30.308 0.0000000000
66186  45.871  -31.519  25.264 0.0000000000
39994  21.698  -54.303  37.602 0.0000000000
36704  26.687  -57.828  33.725 0.0000000000
75010  48.532  -24.092  25.602 0.0000000000
70513  46.504  -27.452  28.409 0.0000000000
69490  43.579  -28.615  26.742 0.0000000000
61783  41.873  -34.767  24.332 0.0000000000
55841  40.058  -40.420  24.996 0.0000000000
60458  43.662  -36.849  31.644 0.0000000000
53794  41.531  -42.032  27.770 0.0000000000
48165  41.352  -46.558  25.020 0.0000000000
48134  37.633  -47.641  26.318 0.0000000000
51736  30.021  -43.523  26.640 0.0000000000
47874  21.243  -46.610  39.041 0.0000000000
45689  20.873  -49.546  37.941 0.0000000000
46721  19.821  -48.239  39.576 0.0000000000
49205  23.500  -46.577  38.945 0.0000000000
49256  35.508  -46.103  34.432 0.0000000000
49271  37.675  -46.051  33.401 0.0000000000
47980  39.519  -46.190  32.492 0.0000000000
48032  37.704  -47.118  31.414 0.0000000000
50579  36.992  -44.734  29.734 0.0000000000
49347  35.611  -45.447  30.838 0.0000000000
46964  23.762  -48.723  22.827 0.0000000000
49486  24.206  -46.626  21.755 0.0000000000
70564  47.825  -27.857  25.252 0.0000000000
70578  47.123  -27.991  23.661 0.0000000000
67269  47.655  -30.446  25.731 0.0000000000
45755  22.281  -49.890  29.418 0.0000000000
42464  23.606  -52.351  26.635 0.0000000000
43522  21.937  -51.894  29.580 0.0000000000
40059  24.926  -54.159  33.755 0.0000000000
40092  26.855  -53.905  30.864 0.0000000000
41282  28.745  -53.788  32.361 0.0000000000
38978  30.610  -54.747  33.022 0.0000000000
50488  31.788  -45.926  36.302 0.0000000000
46753  30.245  -47.716  36.778 0.0000000000
46822  29.983  -47.911  34.262 0.0000000000
46804  28.674  -47.901  35.564 0.0000000000
49290  22.978  -46.689  33.423 0.0000000000
49302  24.362  -46.463  32.380 0.0000000000
48069  22.825  -47.554  30.622 0.0000000000
46882  22.930  -48.937  27.943 0.0000000000
65156  43.961  -32.173  21.974 0.0000000000
64078  45.483  -33.362  22.664 0.0000000000
63036  44.350  -34.944  20.879 0.0000000000
35531  25.206  -58.395  32.398 0.0000000000
69442  45.338  -27.976  28.385 0.0000000000
69428  44.720  -27.580  29.317 0.0000000000
66147  42.808  -31.360  29.255 0.0000000000
66166  42.472  -31.510  27.470 0.0000000000
62937  42.472  -34.497  26.387 0.0000000000
59453  40.926  -37.579  24.239 0.0000000000
58227  41.440  -38.070  26.241 0.0000000000
49365  43.030  -46.050  29.419 0.0000000000
52743  42.490  -43.290  29.027 0.0000000000
50609  43.198  -45.253  27.455 0.0000000000
51748  41.661  -44.547  25.781 0.0000000000
48129  42.247  -46.346  26.577 0.0000000000
48132  39.882  -47.679  25.689 0.0000000000
50629  39.460  -45.937  25.893 0.0000000000
49436  34.717  -46.332  25.300 0.0000000000
49371  29.704  -46.120  29.869 0.0000000000
51686  31.383  -44.634  29.042 0.0000000000
51717  28.684  -44.792  27.250 0.0000000000
51826  28.604  -44.175  21.601 0.0000000000
76379  54.733  -22.097  16.791 0.0000000000
76361  51.654  -22.119  18.496 0.0000000000
46805  21.885  -48.418  34.348 0.0000000000
43487  22.490  -51.281  32.676 0.0000000000
44574  22.217  -50.608  35.261 0.0000000000
43463  23.197  -52.117  35.957 0.0000000000
41226  24.224  -53.719  36.279 0.0000000000
49202  26.549  -46.257  37.952 0.0000000000
47920  27.010  -47.771  37.045 0.0000000000
47887  25.086  -46.787  38.378 0.0000000000
49246  22.641  -46.701  36.632 0.0000000000
70488  43.532  -26.834  30.663 0.0000000000
66140  43.414  -31.700  30.706 0.0000000000
52701  40.356  -43.889  31.247 0.0000000000
48027  41.395  -46.225  30.763 0.0000000000
49367  40.861  -46.011  29.457 0.0000000000
51711  39.486  -44.585  26.849 0.0000000000
51678  38.580  -44.344  28.458 0.0000000000
52762  35.920  -43.242  27.231 0.0000000000
52788  33.292  -42.837  26.072 0.0000000000
49421  25.540  -46.320  26.323 0.0000000000
50650  26.590  -45.146  25.667 0.0000000000
50664  25.290  -45.746  24.164 0.0000000000
75059  48.681  -23.718  21.923 0.0000000000
75084  48.553  -23.263  19.602 0.0000000000
72889  46.995  -25.600  21.534 0.0000000000
41304  23.362  -54.004  30.721 0.0000000000
49242  33.936  -46.072  35.357 0.0000000000
46818  33.783  -48.030  33.779 0.0000000000
48036  33.867  -46.727  32.409 0.0000000000
48010  32.373  -47.388  33.173 0.0000000000
48040  29.552  -46.979  31.788 0.0000000000
48064  27.996  -46.865  30.719 0.0000000000
47969  26.298  -47.077  33.715 0.0000000000
48043  26.288  -46.942  31.195 0.0000000000
48084  26.133  -46.622  29.176 0.0000000000
48116  24.481  -47.419  27.298 0.0000000000
46914  23.098  -48.708  25.839 0.0000000000
66164  46.727  -31.328  27.248 0.0000000000
65086  47.619  -32.385  26.746 0.0000000000
64035  46.736  -33.440  25.163 0.0000000000
42327  22.344  -52.727  38.053 0.0000000000
40004  24.603  -54.824  36.404 0.0000000000
37856  24.760  -56.538  35.454 0.0000000000
37867  27.302  -56.525  34.419 0.0000000000
76269  49.232  -23.029  22.688 0.0000000000
72838  48.820  -25.340  24.909 0.0000000000
71668  47.902  -26.299  26.133 0.0000000000
68369  47.074  -29.106  27.919 0.0000000000
68398  46.440  -29.621  27.597 0.0000000000
68424  44.965  -29.728  25.149 0.0000000000
67310  42.825  -30.727  23.235 0.0000000000
69458  42.419  -28.588  28.403 0.0000000000
66187  42.044  -31.302  25.343 0.0000000000
63000  41.294  -34.398  22.475 0.0000000000
59496  40.229  -37.509  22.393 0.0000000000
55862  39.160  -40.514  22.439 0.0000000000
61674  43.316  -35.993  30.209 0.0000000000
55759  42.807  -39.521  30.703 0.0000000000
56974  42.665  -39.224  29.298 0.0000000000
58204  42.275  -38.390  28.474 0.0000000000
54801  40.495  -41.319  26.326 0.0000000000
52819  40.303  -43.650  24.596 0.0000000000
50644  37.362  -45.898  25.590 0.0000000000
51667  32.994  -44.600  30.139 0.0000000000
52750  32.588  -43.254  27.951 0.0000000000
53834  31.530  -42.945  24.983 0.0000000000
51773  27.735  -44.034  24.661 0.0000000000
52839  29.648  -43.216  24.124 0.0000000000
47875  20.142  -47.403  39.245 0.0000000000
49193  19.883  -47.002  39.355 0.0000000000
46795  36.048  -47.279  33.578 0.0000000000
49272  36.848  -46.145  33.767 0.0000000000
46814  37.305  -47.540  33.020 0.0000000000
46830  37.969  -47.467  32.376 0.0000000000
48006  36.331  -47.487  32.239 0.0000000000
49317  36.340  -46.541  31.082 0.0000000000
48034  35.836  -46.928  31.792 0.0000000000
69487  47.866  -28.405  26.236 0.0000000000
68422  47.736  -29.278  25.573 0.0000000000
67258  47.626  -30.556  26.562 0.0000000000
45742  22.245  -49.738  30.376 0.0000000000
44638  22.084  -50.707  30.024 0.0000000000
44624  22.019  -50.455  31.051 0.0000000000
40058  25.956  -54.941  33.649 0.0000000000
40072  26.585  -54.851  32.554 0.0000000000
40056  28.584  -54.692  33.161 0.0000000000
41268  30.225  -54.038  33.180 0.0000000000
40035  29.672  -54.895  33.521 0.0000000000
50455  28.412  -46.038  37.497 0.0000000000
49218  29.360  -46.497  37.374 0.0000000000
47898  30.656  -46.925  37.095 0.0000000000
46754  29.492  -48.093  37.080 0.0000000000
46785  29.175  -47.942  35.962 0.0000000000
46770  28.087  -48.342  36.720 0.0000000000
46838  22.252  -48.395  32.195 0.0000000000
48018  22.963  -46.885  32.202 0.0000000000
46845  22.276  -48.677  31.354 0.0000000000
46860  22.545  -48.878  29.846 0.0000000000
66237  42.981  -32.177  21.554 0.0000000000
64097  44.177  -33.438  21.334 0.0000000000
64117  42.946  -34.193  20.354 0.0000000000
72740  45.784  -25.529  29.637 0.0000000000
71627  45.157  -26.609  29.795 0.0000000000
71610  44.980  -26.059  30.140 0.0000000000
64000  42.922  -33.719  28.788 0.0000000000
64011  42.851  -33.670  27.569 0.0000000000
61735  42.683  -35.200  27.235 0.0000000000
60586  41.842  -35.989  26.219 0.0000000000
60548  42.321  -36.330  27.360 0.0000000000
48097  43.017  -46.629  28.434 0.0000000000
49397  43.677  -45.969  28.045 0.0000000000
48112  43.103  -46.325  27.426 0.0000000000
48128  42.680  -46.109  26.477 0.0000000000
49399  42.153  -46.284  27.012 0.0000000000
49413  41.331  -46.464  26.259 0.0000000000
50627  41.132  -46.065  26.552 0.0000000000
50585  28.721  -45.804  28.986 0.0000000000
50600  29.086  -45.276  28.151 0.0000000000
50614  28.179  -45.139  27.331 0.0000000000
76360  52.693  -21.953  18.424 0.0000000000
76344  51.016  -22.068  19.432 0.0000000000
47953  21.609  -47.729  36.331 0.0000000000
45706  21.874  -49.555  34.854 0.0000000000
45697  21.491  -49.325  36.304 0.0000000000
44542  21.396  -50.386  38.308 0.0000000000
44563  22.274  -50.808  36.360 0.0000000000
44562  22.527  -51.453  37.057 0.0000000000
41243  23.747  -53.199  35.839 0.0000000000
42339  23.292  -52.778  37.060 0.0000000000
51557  25.836  -45.535  38.055 0.0000000000
47886  26.020  -46.806  38.051 0.0000000000
49204  24.650  -46.475  39.082 0.0000000000
49221  22.456  -46.586  38.284 0.0000000000
49220  23.490  -46.647  38.084 0.0000000000
49247  21.848  -47.012  36.840 0.0000000000
49278  22.104  -46.968  35.388 0.0000000000
52667  37.102  -43.289  33.482 0.0000000000
54709  38.318  -41.371  33.753 0.0000000000
54716  38.356  -41.513  32.789 0.0000000000
54741  39.640  -41.237  31.802 0.0000000000
52683  38.684  -43.938  31.861 0.0000000000
48030  39.410  -47.087  31.588 0.0000000000
48000  40.726  -46.242  31.690 0.0000000000
48059  40.198  -46.853  30.871 0.0000000000
48082  41.270  -46.557  29.859 0.0000000000
49368  39.868  -45.811  29.672 0.0000000000
50576  39.629  -45.221  29.084 0.0000000000
49369  39.036  -45.562  29.629 0.0000000000
50580  36.151  -44.733  29.900 0.0000000000
52733  36.310  -43.694  28.875 0.0000000000
52747  35.501  -43.163  28.165 0.0000000000
52763  34.942  -42.947  27.147 0.0000000000
52748  34.522  -42.957  28.136 0.0000000000
49439  24.840  -46.634  25.532 0.0000000000
49438  25.337  -46.105  25.250 0.0000000000
49452  24.547  -46.396  24.325 0.0000000000
73940  48.123  -24.606  22.437 0.0000000000
73947  47.617  -24.692  21.713 0.0000000000
72876  47.302  -25.982  22.552 0.0000000000
70589  47.046  -28.115  22.458 0.0000000000
44705  22.868  -50.516  24.824 0.0000000000
43575  24.178  -51.681  24.998 0.0000000000
42391  22.839  -52.435  32.475 0.0000000000
41294  22.613  -52.785  31.272 0.0000000000
41293  23.100  -53.383  31.731 0.0000000000
41301  27.843  -53.167  30.705 0.0000000000
41302  26.878  -53.454  30.302 0.0000000000
47932  31.745  -46.861  35.747 0.0000000000
49229  32.667  -45.921  35.839 0.0000000000
47948  32.916  -47.180  35.082 0.0000000000
46779  33.939  -47.448  34.500 0.0000000000
46798  33.378  -47.866  34.309 0.0000000000
46836  33.206  -47.764  33.471 0.0000000000
46820  32.067  -47.474  34.128 0.0000000000
47987  29.320  -47.770  33.891 0.0000000000
48012  29.998  -47.321  32.895 0.0000000000
48013  28.817  -47.495  32.669 0.0000000000
48063  28.943  -46.849  30.904 0.0000000000
48041  28.381  -47.174  31.644 0.0000000000
47936  25.402  -47.034  35.933 0.0000000000
47935  26.546  -47.470  36.089 0.0000000000
49259  25.256  -46.732  34.701 0.0000000000
48045  24.253  -46.704  31.352 0.0000000000
48017  25.028  -46.714  31.869 0.0000000000
48044  25.295  -46.862  31.149 0.0000000000
48066  25.715  -46.836  30.231 0.0000000000
48085  25.057  -47.077  29.282 0.0000000000
48101  25.420  -46.975  28.107 0.0000000000
48102  24.358  -47.455  28.401 0.0000000000
45790  22.654  -49.414  27.360 0.0000000000
46901  23.213  -48.691  26.919 0.0000000000
45816  22.596  -49.566  25.784 0.0000000000
66177  46.016  -31.222  26.219 0.0000000000
65111  46.596  -32.534  26.362 0.0000000000
65120  46.242  -32.307  25.286 0.0000000000
62997  46.659  -34.680  23.495 0.0000000000
39980  22.671  -53.955  37.771 0.0000000000
39978  23.630  -54.136  37.450 0.0000000000
38928  23.973  -55.138  36.686 0.0000000000
36706  24.981  -57.244  34.043 0.0000000000
36695  25.171  -56.902  34.941 0.0000000000
36683  25.663  -56.770  35.068 0.0000000000
36692  27.667  -57.248  33.975 0.0000000000
36691  28.505  -57.032  33.670 0.0000000000
35510  27.912  -57.921  33.503 0.0000000000
76289  50.234  -21.786  21.617 0.0000000000
75033  48.909  -23.329  23.919 0.0000000000
75022  48.868  -24.279  24.921 0.0000000000
72821  48.433  -25.851  25.330 0.0000000000
72801  48.188  -25.455  25.856 0.0000000000
71637  46.885  -26.678  28.107 0.0000000000
71646  47.248  -26.888  27.722 0.0000000000
69439  47.196  -28.273  27.920 0.0000000000
68370  46.885  -29.011  28.033 0.0000000000
69440  46.515  -28.213  28.156 0.0000000000
69471  44.401  -28.338  27.129 0.0000000000
69470  45.150  -28.737  26.725 0.0000000000
69489  44.381  -28.683  26.421 0.0000000000
67294  43.496  -30.119  23.803 0.0000000000
68437  42.637  -29.810  24.965 0.0000000000
70502  43.020  -27.341  30.196 0.0000000000
70515  43.432  -27.661  29.635 0.0000000000
69445  42.151  -28.568  29.297 0.0000000000
64036  42.135  -33.305  25.243 0.0000000000
66178  42.257  -31.358  26.393 0.0000000000
65131  41.941  -32.298  24.728 0.0000000000
65143  41.822  -32.418  23.541 0.0000000000
62984  41.766  -34.163  23.958 0.0000000000
61801  40.946  -35.599  22.593 0.0000000000
60624  41.346  -35.947  23.855 0.0000000000
58239  40.576  -38.794  24.712 0.0000000000
57077  39.765  -39.203  23.445 0.0000000000
55853  39.344  -40.568  23.373 0.0000000000
54819  39.459  -41.513  23.900 0.0000000000
61661  43.680  -36.090  31.103 0.0000000000
53744  41.794  -41.646  30.847 0.0000000000
55729  42.344  -39.784  31.461 0.0000000000
54759  42.254  -41.119  30.715 0.0000000000
52744  42.285  -42.859  28.605 0.0000000000
54781  42.526  -41.070  28.986 0.0000000000
54782  42.135  -41.078  28.539 0.0000000000
56975  42.339  -39.256  28.723 0.0000000000
55813  41.507  -40.175  27.890 0.0000000000
55821  41.030  -40.203  27.296 0.0000000000
53805  41.234  -42.112  27.220 0.0000000000
50658  41.876  -45.494  25.271 0.0000000000
51749  40.901  -44.232  25.285 0.0000000000
50659  41.456  -45.759  24.723 0.0000000000
51779  40.446  -45.280  23.843 0.0000000000
48166  40.802  -47.209  24.681 0.0000000000
48133  38.845  -47.744  26.199 0.0000000000
46896  39.156  -48.802  26.454 0.0000000000
51712  38.496  -44.145  26.958 0.0000000000
51733  38.483  -44.875  25.843 0.0000000000
51751  37.384  -45.046  25.577 0.0000000000
49435  35.673  -46.638  25.773 0.0000000000
49321  32.355  -46.306  31.826 0.0000000000
49348  33.630  -45.766  31.516 0.0000000000
50561  32.553  -45.157  30.690 0.0000000000
51715  30.204  -43.759  27.326 0.0000000000
51700  31.129  -44.140  28.290 0.0000000000
52767  31.233  -43.376  27.345 0.0000000000
52790  31.570  -42.932  26.557 0.0000000000
52809  30.500  -42.842  25.198 0.0000000000
50676  26.315  -44.865  24.450 0.0000000000
51758  27.593  -44.506  25.813 0.0000000000
51787  26.952  -44.467  23.623 0.0000000000
51800  28.956  -44.072  22.550 0.0000000000
51784  30.501  -43.847  23.145 0.0000000000
75103  47.815  -23.874  18.911 0.0000000000
76364  49.158  -22.869  18.462 0.0000000000
65099  47.996  -32.666  26.156 0.0000000000
49222  21.483  -46.820  38.388 0.0000000000
46758  20.905  -48.504  37.378 0.0000000000
47908  20.598  -47.886  38.584 0.0000000000
45675  20.757  -49.479  38.903 0.0000000000
44533  20.725  -49.840  39.307 0.0000000000
49206  22.161  -46.284  39.023 0.0000000000
50508  35.522  -45.083  34.773 0.0000000000
52634  35.849  -43.335  35.371 0.0000000000
50507  36.155  -44.960  34.467 0.0000000000
50515  36.821  -45.283  33.904 0.0000000000
50513  38.195  -45.135  32.799 0.0000000000
50522  38.883  -45.315  32.528 0.0000000000
47981  39.075  -46.475  32.529 0.0000000000
48031  38.590  -47.146  31.537 0.0000000000
48061  38.460  -46.685  30.839 0.0000000000
49344  38.178  -45.826  30.210 0.0000000000
49345  37.076  -46.023  30.620 0.0000000000
50558  35.871  -45.148  30.464 0.0000000000
51665  34.787  -44.136  30.241 0.0000000000
48186  23.689  -47.618  23.303 0.0000000000
49469  23.858  -46.952  23.584 0.0000000000
48185  23.851  -47.335  22.604 0.0000000000
71689  47.838  -26.669  24.350 0.0000000000
71705  47.180  -26.882  23.287 0.0000000000
70570  47.510  -27.758  24.564 0.0000000000
68423  47.567  -29.474  24.662 0.0000000000
44673  22.135  -50.734  27.918 0.0000000000
42466  22.270  -51.892  26.817 0.0000000000
43537  22.032  -51.707  28.268 0.0000000000
42442  22.552  -52.920  28.598 0.0000000000
41326  23.502  -53.552  28.980 0.0000000000
40060  24.489  -53.797  33.357 0.0000000000
40085  24.800  -54.557  31.744 0.0000000000
40073  25.405  -54.609  32.702 0.0000000000
40082  27.769  -54.031  31.857 0.0000000000
40069  30.916  -54.230  32.294 0.0000000000
49231  31.139  -46.632  36.646 0.0000000000
45694  30.847  -47.587  35.341 0.0000000000
46801  30.735  -47.773  34.777 0.0000000000
46783  30.443  -47.828  35.261 0.0000000000
46803  29.263  -48.004  35.138 0.0000000000
47967  28.355  -47.876  34.736 0.0000000000
49276  23.720  -46.515  34.377 0.0000000000
49275  24.668  -46.513  34.158 0.0000000000
49303  23.285  -46.645  32.459 0.0000000000
49325  23.647  -46.559  31.929 0.0000000000
48068  23.618  -47.046  30.451 0.0000000000
48103  23.494  -47.971  28.682 0.0000000000
46869  22.875  -48.483  29.090 0.0000000000
46870  22.550  -49.264  28.829 0.0000000000
66210  45.087  -31.751  23.664 0.0000000000
65141  45.541  -32.400  23.797 0.0000000000
65155  44.700  -32.435  22.545 0.0000000000
63017  44.918  -34.509  21.526 0.0000000000
36708  23.274  -56.755  33.325 0.0000000000
36724  25.573  -57.837  33.214 0.0000000000
34421  27.522  -58.455  33.121 0.0000000000
34434  27.051  -59.013  32.628 0.0000000000
70498  46.161  -26.858  29.009 0.0000000000
69441  46.070  -28.064  28.318 0.0000000000
69427  45.484  -27.515  28.973 0.0000000000
69456  44.327  -28.151  28.013 0.0000000000
67242  42.409  -30.565  29.330 0.0000000000
67253  42.261  -30.461  28.138 0.0000000000
65090  42.732  -32.045  27.954 0.0000000000
64025  42.524  -33.443  26.387 0.0000000000
62952  42.230  -34.294  25.588 0.0000000000
60605  41.600  -35.960  24.713 0.0000000000
60604  41.722  -35.887  25.429 0.0000000000
59434  41.436  -37.491  25.499 0.0000000000
57034  40.492  -39.380  25.287 0.0000000000
50554  42.574  -45.203  29.879 0.0000000000
52731  42.317  -43.167  29.775 0.0000000000
51675  43.028  -44.908  28.819 0.0000000000
50594  43.289  -44.785  27.923 0.0000000000
51709  42.160  -43.949  27.392 0.0000000000
52782  41.471  -43.257  26.776 0.0000000000
50625  42.668  -45.207  26.652 0.0000000000
49430  42.383  -45.957  25.620 0.0000000000
48150  41.568  -46.558  25.568 0.0000000000
48151  40.659  -47.420  25.394 0.0000000000
48131  40.734  -47.064  25.574 0.0000000000
49415  39.645  -46.737  25.754 0.0000000000
49416  38.526  -46.722  25.901 0.0000000000
52804  35.423  -43.912  25.619 0.0000000000
51752  36.479  -44.540  25.671 0.0000000000
50648  34.290  -45.278  24.956 0.0000000000
49449  33.920  -45.957  24.809 0.0000000000
49485  33.923  -46.543  23.694 0.0000000000
50563  30.605  -45.746  29.848 0.0000000000
50562  31.589  -45.214  30.060 0.0000000000
51702  29.612  -44.803  28.082 0.0000000000
51737  29.374  -43.724  26.471 0.0000000000
51801  27.848  -44.206  22.509 0.0000000000
51827  27.569  -44.127  21.455 0.0000000000
76358  54.362  -21.543  17.488 0.0000000000
76381  53.340  -22.294  17.533 0.0000000000
76382  52.235  -22.473  17.409 0.0000000000
45723  22.305  -49.281  32.711 0.0000000000
44611  22.271  -50.159  32.076 0.0000000000
45716  22.067  -49.393  33.724 0.0000000000
44586  22.262  -50.407  34.213 0.0000000000
43479  23.038  -51.974  34.144 0.0000000000
45687  21.677  -50.105  36.667 0.0000000000
43464  22.711  -51.419  35.629 0.0000000000
42374  23.529  -52.596  34.541 0.0000000000
41258  24.321  -53.438  34.540 0.0000000000
41257  24.753  -53.906  34.726 0.0000000000
40039  25.440  -54.544  34.697 0.0000000000
47884  27.757  -46.906  37.733 0.0000000000
47919  27.611  -47.928  37.454 0.0000000000
47903  26.438  -47.308  37.605 0.0000000000
47904  25.475  -47.072  37.690 0.0000000000
47922  24.928  -47.005  36.980 0.0000000000
47888  24.255  -46.731  38.608 0.0000000000
49232  24.042  -46.708  37.071 0.0000000000
49261  23.567  -46.610  35.440 0.0000000000
49277  22.663  -46.744  34.692 0.0000000000
47991  22.318  -47.441  33.818 0.0000000000
63040  40.881  -35.157  20.531 0.0000000000
61848  41.994  -35.783  19.683 0.0000000000
60711  40.542  -36.892  19.556 0.0000000000
72726  44.859  -25.376  30.401 0.0000000000
69415  41.871  -28.627  30.955 0.0000000000
67226  42.347  -30.151  30.366 0.0000000000
66146  43.129  -31.716  29.773 0.0000000000
63988  43.283  -33.894  29.525 0.0000000000
54739  40.828  -41.037  31.392 0.0000000000
52711  41.056  -43.650  30.762 0.0000000000
50530  40.433  -45.282  31.909 0.0000000000
50529  40.922  -45.095  31.423 0.0000000000
50539  41.717  -45.098  30.654 0.0000000000
48056  42.472  -46.371  30.006 0.0000000000
48099  41.698  -46.415  29.118 0.0000000000
49385  41.474  -45.953  28.329 0.0000000000
50611  40.344  -45.040  27.342 0.0000000000
50596  40.061  -45.115  28.364 0.0000000000
51694  39.053  -44.378  27.967 0.0000000000
51713  37.650  -43.780  27.201 0.0000000000
50578  37.946  -44.844  29.613 0.0000000000
51696  37.345  -43.785  28.226 0.0000000000
52761  36.860  -43.466  27.391 0.0000000000
52786  35.294  -43.229  26.196 0.0000000000
52787  34.310  -43.053  26.088 0.0000000000
52806  33.595  -43.524  24.913 0.0000000000
50616  26.521  -45.966  27.176 0.0000000000
50615  27.121  -45.708  27.490 0.0000000000
50633  26.360  -45.734  26.550 0.0000000000
50663  25.838  -45.453  24.848 0.0000000000
50677  25.783  -45.099  23.719 0.0000000000
49468  24.272  -46.425  22.982 0.0000000000
50697  25.447  -45.219  22.608 0.0000000000
76329  50.238  -22.297  20.290 0.0000000000
76330  49.318  -22.704  20.060 0.0000000000
75068  48.600  -23.360  20.662 0.0000000000
75086  47.653  -24.224  20.464 0.0000000000
72899  46.665  -26.172  20.136 0.0000000000
71723  46.720  -26.849  21.878 0.0000000000
71724  46.641  -27.309  21.244 0.0000000000
43498  22.145  -51.221  31.750 0.0000000000
41315  22.965  -53.581  29.723 0.0000000000
41325  24.437  -53.568  28.898 0.0000000000
40094  25.244  -54.512  30.848 0.0000000000
41313  25.046  -53.890  29.566 0.0000000000
51603  34.558  -44.639  35.370 0.0000000000
49257  34.920  -46.338  34.729 0.0000000000
47965  34.955  -47.085  34.160 0.0000000000
46834  35.030  -47.427  33.125 0.0000000000
48008  34.470  -47.224  32.763 0.0000000000
48009  33.472  -47.378  32.908 0.0000000000
48037  32.856  -46.846  32.468 0.0000000000
48038  31.798  -46.827  32.407 0.0000000000
46821  31.004  -47.498  34.007 0.0000000000
48011  31.163  -47.203  33.043 0.0000000000
49323  30.405  -46.531  31.256 0.0000000000
49324  29.694  -46.646  30.921 0.0000000000
49354  28.565  -46.444  30.228 0.0000000000
49386  27.790  -46.025  28.988 0.0000000000
47934  27.500  -47.911  36.335 0.0000000000
47950  27.247  -47.763  35.334 0.0000000000
47989  27.013  -47.414  33.103 0.0000000000
49287  25.659  -46.803  33.272 0.0000000000
47990  26.161  -47.018  32.780 0.0000000000
48015  26.689  -47.294  32.117 0.0000000000
48042  27.321  -47.145  31.376 0.0000000000
48083  26.810  -46.490  29.483 0.0000000000
49388  26.506  -46.346  28.451 0.0000000000
49389  26.040  -46.544  28.001 0.0000000000
48115  25.127  -46.865  26.937 0.0000000000
48138  24.520  -47.189  26.144 0.0000000000
48117  23.741  -48.105  27.636 0.0000000000
48139  23.786  -47.990  26.542 0.0000000000
48158  23.625  -47.807  25.399 0.0000000000
46929  23.059  -48.696  24.545 0.0000000000
67251  47.151  -30.513  27.610 0.0000000000
66152  47.501  -31.562  27.059 0.0000000000
65088  47.108  -32.143  27.168 0.0000000000
64046  46.381  -33.414  24.355 0.0000000000
62966  47.005  -34.270  24.597 0.0000000000
61847  43.199  -35.753  20.111 0.0000000000
47868  19.252  -48.155  39.624 0.0000000000
45661  20.010  -49.114  39.979 0.0000000000
43418  21.046  -50.874  39.365 0.0000000000
42313  21.249  -51.924  39.064 0.0000000000
43427  22.123  -51.820  38.253 0.0000000000
42325  23.555  -53.330  37.212 0.0000000000
41225  24.662  -54.286  36.319 0.0000000000
40018  26.132  -55.468  35.195 0.0000000000
38942  22.922  -55.426  36.433 0.0000000000
38940  24.559  -55.549  36.191 0.0000000000
38952  26.324  -55.874  35.206 0.0000000000
38965  28.002  -55.928  33.893 0.0000000000
38964  29.234  -55.674  33.588 0.0000000000
76328  51.216  -21.671  20.281 0.0000000000
76309  50.146  -22.221  21.212 0.0000000000
76291  49.379  -22.947  21.862 0.0000000000
73939  48.683  -24.324  22.925 0.0000000000
76268  49.159  -22.670  23.182 0.0000000000
75052  49.023  -23.592  23.171 0.0000000000
72857  48.249  -25.642  23.832 0.0000000000
72839  48.521  -25.824  24.823 0.0000000000
70563  47.954  -27.424  25.807 0.0000000000
69469  47.720  -28.498  26.948 0.0000000000
72782  47.762  -26.250  26.572 0.0000000000
70538  47.551  -27.642  27.324 0.0000000000
68384  47.266  -29.294  27.645 0.0000000000
67238  47.087  -29.713  27.780 0.0000000000
67252  46.873  -30.218  27.682 0.0000000000
67260  45.854  -30.373  26.636 0.0000000000
68386  46.074  -28.844  27.820 0.0000000000
68413  45.280  -29.538  26.230 0.0000000000
67279  45.402  -30.672  24.797 0.0000000000
67293  44.510  -30.490  23.620 0.0000000000
67327  43.439  -31.030  22.524 0.0000000000
66223  42.521  -31.869  22.122 0.0000000000
70501  44.105  -27.414  29.990 0.0000000000
70514  43.981  -27.674  29.614 0.0000000000
69473  42.782  -28.653  27.562 0.0000000000
67261  42.215  -30.370  27.038 0.0000000000
67271  42.219  -30.374  25.985 0.0000000000
68427  42.495  -29.800  25.590 0.0000000000
66200  42.153  -31.231  24.133 0.0000000000
65144  41.668  -32.960  22.844 0.0000000000
64080  41.486  -33.780  21.910 0.0000000000
61822  40.716  -35.512  21.803 0.0000000000
59513  39.912  -37.231  21.414 0.0000000000
59476  40.746  -37.281  23.586 0.0000000000
58301  39.722  -38.651  22.410 0.0000000000
63987  43.638  -34.027  30.209 0.0000000000
61703  42.992  -35.561  29.145 0.0000000000
58177  43.395  -38.318  30.725 0.0000000000
53778  42.510  -42.097  29.656 0.0000000000
56958  43.167  -39.021  30.296 0.0000000000
59347  43.535  -37.648  30.596 0.0000000000
59366  43.094  -37.635  29.387 0.0000000000
60509  42.945  -36.864  29.188 0.0000000000
60547  42.643  -36.491  28.037 0.0000000000
58216  41.377  -38.444  27.130 0.0000000000
57013  40.853  -39.162  26.801 0.0000000000
54810  40.184  -41.406  25.550 0.0000000000
52783  40.898  -42.836  26.340 0.0000000000
53832  40.218  -42.478  25.189 0.0000000000
53833  39.777  -42.472  24.351 0.0000000000
52820  39.766  -43.120  23.969 0.0000000000
46911  39.886  -48.496  25.804 0.0000000000
45809  40.004  -48.924  25.771 0.0000000000
51710  39.949  -45.165  26.518 0.0000000000
50630  38.735  -45.796  25.775 0.0000000000
49433  37.724  -46.533  25.752 0.0000000000
50645  36.505  -45.757  25.662 0.0000000000
49319  34.232  -46.043  31.795 0.0000000000
50541  34.485  -45.522  31.295 0.0000000000
51666  34.034  -44.248  30.318 0.0000000000
51685  32.061  -44.473  29.371 0.0000000000
51699  32.317  -43.778  28.554 0.0000000000
52749  33.470  -43.095  28.196 0.0000000000
52765  32.952  -42.881  27.147 0.0000000000
52807  32.436  -43.030  25.233 0.0000000000
52823  31.798  -43.389  24.253 0.0000000000
50631  27.936  -44.870  26.741 0.0000000000
51738  28.407  -44.476  26.664 0.0000000000
51756  29.184  -43.531  25.794 0.0000000000
51786  28.199  -43.918  23.522 0.0000000000
52826  29.240  -43.347  24.751 0.0000000000
52825  29.954  -43.002  24.600 0.0000000000
52824  30.784  -42.993  24.276 0.0000000000
52836  31.627  -43.823  23.513 0.0000000000
76362  50.605  -22.255  18.541 0.0000000000
76384  50.057  -22.611  17.691 0.0000000000
76405  50.488  -22.680  16.985 0.0000000000
66163  47.598  -31.753  26.522 0.0000000000
46815  36.428  -47.626  33.197 0.0000000000
46832  36.817  -47.727  32.666 0.0000000000
48007  35.429  -47.267  32.516 0.0000000000
68412  47.759  -29.442  26.446 0.0000000000
45734  22.152  -49.519  31.242 0.0000000000
40057  27.214  -55.094  33.359 0.0000000000
40055  29.357  -54.636  33.386 0.0000000000
49199  28.667  -46.274  37.476 0.0000000000
50474  28.862  -45.737  37.344 0.0000000000
47900  29.033  -47.308  37.495 0.0000000000
47899  29.893  -47.212  37.328 0.0000000000
46744  28.791  -47.759  37.551 0.0000000000
46755  28.589  -48.159  37.335 0.0000000000
46852  22.296  -49.003  30.682 0.0000000000
64099  42.210  -33.484  20.942 0.0000000000
64098  43.198  -33.516  20.733 0.0000000000
64118  42.394  -34.049  20.511 0.0000000000
72725  45.331  -25.717  29.921 0.0000000000
62920  42.963  -34.789  27.562 0.0000000000
61721  42.424  -35.683  27.200 0.0000000000
61720  42.830  -35.619  27.750 0.0000000000
48114  41.966  -46.429  28.243 0.0000000000
48113  42.440  -46.454  27.686 0.0000000000
50601  27.941  -45.684  28.369 0.0000000000
76343  52.009  -21.704  19.260 0.0000000000
46788  21.597  -48.459  35.817 0.0000000000
46772  21.219  -48.551  36.650 0.0000000000
44550  22.299  -51.440  37.749 0.0000000000
43454  22.993  -52.182  36.722 0.0000000000
43445  22.707  -52.122  37.379 0.0000000000
50459  25.368  -45.863  38.799 0.0000000000
49235  21.575  -47.083  37.685 0.0000000000
52666  37.680  -43.547  32.708 0.0000000000
53701  37.306  -42.505  33.749 0.0000000000
53700  37.637  -42.413  33.048 0.0000000000
53708  38.177  -42.410  32.285 0.0000000000
53727  38.459  -42.350  31.942 0.0000000000
52684  38.223  -43.468  32.117 0.0000000000
48060  39.340  -46.822  30.906 0.0000000000
49342  40.061  -46.402  30.278 0.0000000000
51682  35.472  -44.086  29.813 0.0000000000
52734  35.897  -43.609  28.941 0.0000000000
48170  24.019  -46.929  24.429 0.0000000000
72875  47.894  -25.390  22.942 0.0000000000
72888  47.570  -25.225  22.262 0.0000000000
43577  22.413  -50.855  25.572 0.0000000000
43565  22.329  -51.403  26.174 0.0000000000
43486  22.864  -51.935  33.332 0.0000000000
40075  23.688  -53.821  32.257 0.0000000000
46765  31.769  -47.279  35.446 0.0000000000
47931  32.608  -46.868  35.398 0.0000000000
46764  32.478  -47.360  35.174 0.0000000000
46780  32.951  -47.471  34.771 0.0000000000
46799  32.276  -47.654  34.586 0.0000000000
46819  32.901  -47.863  33.984 0.0000000000
48014  27.696  -47.505  32.381 0.0000000000
47952  25.346  -46.863  35.193 0.0000000000
48086  23.995  -47.228  29.417 0.0000000000
45805  22.424  -49.690  26.756 0.0000000000
44706  22.536  -50.335  25.238 0.0000000000
66185  46.242  -32.043  25.939 0.0000000000
65130  46.009  -32.401  24.564 0.0000000000
39981  21.830  -53.792  37.946 0.0000000000
39992  23.131  -54.553  37.530 0.0000000000
39993  22.431  -54.391  37.602 0.0000000000
37868  24.443  -56.780  34.907 0.0000000000
36694  25.872  -57.215  34.536 0.0000000000
36693  26.790  -57.509  34.152 0.0000000000
35494  27.669  -57.586  33.772 0.0000000000
35495  27.422  -57.669  33.798 0.0000000000
77506  50.267  -21.537  21.482 0.0000000000
79852  50.423  -20.855  21.123 0.0000000000
75021  48.998  -23.968  24.986 0.0000000000
73900  48.849  -24.993  25.484 0.0000000000
70512  46.856  -27.267  28.061 0.0000000000
68415  43.648  -28.957  26.004 0.0000000000
68426  43.035  -29.370  25.465 0.0000000000
70503  42.164  -27.782  30.471 0.0000000000
70516  42.535  -27.889  29.783 0.0000000000
62967  42.020  -34.165  24.712 0.0000000000
64048  41.870  -33.299  24.268 0.0000000000
61784  41.620  -34.963  23.781 0.0000000000
61767  41.731  -35.367  24.316 0.0000000000
57053  40.108  -39.344  24.233 0.0000000000
55842  39.639  -40.510  24.204 0.0000000000
53768  41.667  -42.611  30.555 0.0000000000
53767  42.076  -42.001  30.608 0.0000000000
52723  42.212  -42.686  30.229 0.0000000000
52759  41.888  -43.122  27.885 0.0000000000
53787  42.201  -42.039  28.583 0.0000000000
53793  41.843  -41.901  28.237 0.0000000000
55812  41.959  -40.162  28.429 0.0000000000
54789  41.680  -41.093  28.108 0.0000000000
54790  41.316  -41.149  27.550 0.0000000000
49446  41.836  -46.126  25.163 0.0000000000
50672  40.878  -45.843  24.205 0.0000000000
49447  41.181  -46.359  24.607 0.0000000000
51734  37.581  -44.112  26.128 0.0000000000
49350  31.926  -45.716  31.127 0.0000000000
49349  32.920  -45.766  31.326 0.0000000000
51714  30.787  -43.623  27.596 0.0000000000
52768  30.697  -43.476  27.180 0.0000000000
52791  30.600  -43.151  26.399 0.0000000000
73963  47.292  -24.750  18.899 0.0000000000
73969  47.412  -24.763  17.950 0.0000000000
49208  20.792  -46.945  38.809 0.0000000000
49223  20.864  -47.207  38.591 0.0000000000
47892  20.470  -47.397  38.907 0.0000000000
46728  20.164  -48.350  39.365 0.0000000000
46735  20.467  -48.600  38.884 0.0000000000
45668  20.432  -49.267  39.412 0.0000000000
49191  21.835  -46.194  39.491 0.0000000000
49190  22.456  -46.304  39.796 0.0000000000
47873  21.618  -46.326  39.314 0.0000000000
49207  21.223  -46.674  38.775 0.0000000000
49255  36.196  -45.680  34.256 0.0000000000
47962  37.359  -46.535  33.472 0.0000000000
50514  37.626  -45.191  33.274 0.0000000000
49270  38.302  -45.690  32.927 0.0000000000
49286  38.416  -46.266  32.903 0.0000000000
48004  37.957  -47.491  32.042 0.0000000000
48003  38.487  -47.311  32.243 0.0000000000
48062  37.712  -46.531  30.801 0.0000000000
49316  37.112  -46.769  31.025 0.0000000000
49346  36.125  -45.791  30.716 0.0000000000
50581  35.645  -44.694  30.259 0.0000000000
50559  35.047  -44.839  30.768 0.0000000000
46944  23.527  -48.401  23.283 0.0000000000
46943  23.789  -47.944  22.859 0.0000000000
70569  47.886  -27.223  25.102 0.0000000000
67277  47.636  -30.316  24.924 0.0000000000
45774  22.317  -50.004  28.497 0.0000000000
44654  21.955  -50.797  28.941 0.0000000000
40071  27.889  -54.411  32.448 0.0000000000
41283  28.199  -53.806  31.989 0.0000000000
41290  28.708  -53.307  31.725 0.0000000000
41289  29.148  -53.336  32.103 0.0000000000
42389  30.320  -53.070  32.249 0.0000000000
42390  29.896  -53.151  32.389 0.0000000000
41267  30.430  -53.977  33.030 0.0000000000
41279  30.662  -53.679  32.579 0.0000000000
38999  30.865  -54.878  32.046 0.0000000000
38991  30.643  -55.351  32.535 0.0000000000
50472  30.852  -45.702  36.913 0.0000000000
47917  30.316  -47.417  37.104 0.0000000000
47916  30.739  -47.181  36.763 0.0000000000
46752  30.801  -47.341  36.291 0.0000000000
46767  30.456  -47.758  35.882 0.0000000000
45695  30.612  -47.688  35.373 0.0000000000
47966  29.132  -47.961  34.588 0.0000000000
48047  22.465  -47.777  31.478 0.0000000000
48046  23.172  -46.944  31.641 0.0000000000
48087  23.125  -47.737  29.672 0.0000000000
48088  22.685  -48.105  30.062 0.0000000000
66211  44.633  -31.392  23.091 0.0000000000
65142  45.045  -32.144  23.266 0.0000000000
63018  44.101  -34.162  20.870 0.0000000000
64079  44.883  -33.395  21.965 0.0000000000
61846  44.103  -35.767  20.674 0.0000000000
36725  24.496  -57.543  32.837 0.0000000000
35530  26.326  -58.285  33.011 0.0000000000
71625  46.277  -26.376  29.159 0.0000000000
70500  44.956  -27.137  29.644 0.0000000000
70499  45.616  -26.980  29.312 0.0000000000
69443  44.039  -27.849  29.041 0.0000000000
66156  42.649  -31.494  28.502 0.0000000000
64024  42.676  -34.065  26.831 0.0000000000
64012  42.734  -33.008  27.046 0.0000000000
61750  42.056  -35.167  25.892 0.0000000000
59415  41.834  -36.938  26.629 0.0000000000
59416  41.622  -37.327  25.982 0.0000000000
58238  40.990  -38.212  25.119 0.0000000000
57033  40.794  -38.842  25.942 0.0000000000
50553  42.920  -45.555  29.473 0.0000000000
50574  42.840  -45.217  29.397 0.0000000000
50573  43.161  -45.373  28.989 0.0000000000
50608  43.560  -45.655  27.812 0.0000000000
50593  43.489  -45.335  28.248 0.0000000000
51708  42.652  -44.339  27.667 0.0000000000
51728  42.701  -44.842  27.131 0.0000000000
49429  42.691  -45.849  26.149 0.0000000000
48149  42.370  -46.317  25.913 0.0000000000
49431  42.084  -46.251  25.546 0.0000000000
48130  41.426  -46.685  25.990 0.0000000000
49414  40.600  -46.598  25.888 0.0000000000
51754  34.783  -44.578  25.270 0.0000000000
49466  33.744  -46.318  24.218 0.0000000000
50673  33.630  -46.198  23.704 0.0000000000
50564  30.092  -46.023  29.786 0.0000000000
50584  29.790  -45.687  29.219 0.0000000000
51701  30.056  -44.388  28.143 0.0000000000
51716  29.274  -44.518  27.476 0.0000000000
76383  51.053  -22.289  17.608 0.0000000000
43480  22.660  -51.181  33.693 0.0000000000
43473  22.626  -51.310  34.666 0.0000000000
46759  20.716  -49.036  37.880 0.0000000000
45688  21.102  -49.607  37.328 0.0000000000
43455  22.778  -51.583  36.374 0.0000000000
43472  23.061  -52.078  35.067 0.0000000000
42373  23.893  -53.098  34.185 0.0000000000
42366  23.937  -53.057  34.833 0.0000000000
41227  23.862  -53.419  36.100 0.0000000000
41242  24.185  -53.461  35.436 0.0000000000
41241  24.846  -54.118  35.563 0.0000000000
50477  26.627  -45.330  37.933 0.0000000000
50476  27.119  -45.328  37.958 0.0000000000
50457  27.215  -45.772  37.861 0.0000000000
50456  27.990  -45.900  37.603 0.0000000000
49201  27.422  -46.326  37.791 0.0000000000
47885  26.913  -46.849  37.816 0.0000000000
49188  23.917  -46.405  39.593 0.0000000000
49233  23.323  -46.573  37.229 0.0000000000
49245  23.432  -46.659  36.397 0.0000000000
49262  22.748  -46.777  35.777 0.0000000000
47971  21.762  -47.597  35.588 0.0000000000
47970  21.871  -47.422  34.765 0.0000000000
46824  22.197  -48.349  33.211 0.0000000000
61849  41.002  -35.547  20.081 0.0000000000
68357  42.065  -29.379  30.627 0.0000000000
67211  42.342  -29.908  30.947 0.0000000000
67210  42.790  -30.597  31.241 0.0000000000
67225  42.852  -30.944  30.173 0.0000000000
65071  43.457  -32.261  30.125 0.0000000000
65078  43.216  -32.818  29.536 0.0000000000
52651  36.135  -43.864  34.901 0.0000000000
52713  39.576  -42.490  31.278 0.0000000000
54740  40.014  -41.141  31.668 0.0000000000
52712  40.176  -42.988  30.880 0.0000000000
53745  41.193  -42.079  30.667 0.0000000000
52700  40.725  -43.999  31.091 0.0000000000
49284  39.652  -45.801  32.455 0.0000000000
50521  39.729  -45.109  32.235 0.0000000000
49300  40.266  -45.711  32.181 0.0000000000
48028  41.002  -46.322  31.208 0.0000000000
49299  40.824  -45.873  31.568 0.0000000000
49298  41.134  -45.576  31.249 0.0000000000
50540  41.286  -45.059  31.057 0.0000000000
49314  41.478  -45.889  30.820 0.0000000000
49339  42.374  -45.945  30.190 0.0000000000
48057  41.831  -46.371  30.375 0.0000000000
48081  41.853  -46.803  29.744 0.0000000000
50595  40.754  -45.476  28.343 0.0000000000
50577  38.848  -44.760  29.033 0.0000000000
50597  39.481  -44.840  28.467 0.0000000000
51695  38.238  -44.059  27.957 0.0000000000
50556  37.382  -45.329  30.138 0.0000000000
52746  36.479  -43.551  28.344 0.0000000000
51697  36.932  -43.810  28.786 0.0000000000
52745  36.901  -43.612  27.995 0.0000000000
49420  26.102  -46.110  27.031 0.0000000000
50634  25.920  -45.924  26.242 0.0000000000
49451  25.274  -45.959  24.640 0.0000000000
50722  24.621  -45.832  21.207 0.0000000000
50721  25.252  -45.288  21.566 0.0000000000
76310  49.415  -22.817  21.070 0.0000000000
73948  47.385  -24.776  20.924 0.0000000000
75070  47.564  -24.390  20.639 0.0000000000
73955  47.382  -24.603  20.040 0.0000000000
72898  46.916  -25.418  20.481 0.0000000000
70590  46.829  -27.783  21.524 0.0000000000
42465  22.735  -52.236  26.621 0.0000000000
43564  23.330  -51.931  25.864 0.0000000000
41305  22.673  -53.252  30.661 0.0000000000
41314  23.990  -54.134  29.747 0.0000000000
41311  26.720  -53.158  29.812 0.0000000000
40104  25.997  -53.821  30.214 0.0000000000
41312  26.089  -53.434  29.692 0.0000000000
51566  31.994  -45.097  36.052 0.0000000000
50487  32.348  -45.509  35.997 0.0000000000
49243  32.996  -46.271  35.558 0.0000000000
50486  33.327  -45.172  35.636 0.0000000000
49228  33.388  -45.718  35.566 0.0000000000
50499  34.051  -45.137  35.417 0.0000000000
50498  34.768  -45.184  35.175 0.0000000000
49258  34.411  -46.503  35.005 0.0000000000
46797  34.296  -47.785  34.107 0.0000000000
46778  34.589  -47.343  34.231 0.0000000000
46817  34.640  -47.662  33.601 0.0000000000
46835  34.099  -47.656  33.286 0.0000000000
47986  30.544  -47.562  33.721 0.0000000000
48039  30.699  -46.858  32.174 0.0000000000
49373  28.207  -46.107  29.509 0.0000000000
49355  27.810  -46.474  30.043 0.0000000000
46771  27.514  -48.221  36.936 0.0000000000
47951  26.097  -47.157  34.907 0.0000000000
47968  27.184  -47.524  34.209 0.0000000000
49288  24.914  -46.603  33.292 0.0000000000
48016  25.796  -46.969  31.945 0.0000000000
48065  26.919  -46.643  30.244 0.0000000000
49375  26.830  -46.426  29.034 0.0000000000
48100  26.001  -46.588  28.447 0.0000000000
66154  47.164  -31.362  27.525 0.0000000000
65119  46.483  -32.786  25.653 0.0000000000
64010  46.962  -32.898  26.696 0.0000000000
64023  46.772  -33.381  25.971 0.0000000000
64062  45.983  -33.360  23.521 0.0000000000
64047  45.943  -32.905  24.079 0.0000000000
62982  46.671  -34.240  23.972 0.0000000000
62965  47.383  -34.581  24.877 0.0000000000
61876  41.583  -36.437  19.539 0.0000000000
60688  41.974  -36.865  19.507 0.0000000000
49210  19.147  -46.936  39.336 0.0000000000
45662  19.457  -49.360  40.383 0.0000000000
44515  19.952  -50.029  40.500 0.0000000000
44525  20.499  -50.129  39.735 0.0000000000
43410  20.229  -50.730  40.223 0.0000000000
42328  21.752  -52.568  38.427 0.0000000000
42312  21.940  -52.097  38.404 0.0000000000
42326  22.886  -52.807  37.613 0.0000000000
39990  24.290  -54.556  36.779 0.0000000000
41211  24.344  -54.370  36.742 0.0000000000
40019  25.553  -54.885  35.641 0.0000000000
38953  25.876  -55.537  35.510 0.0000000000
37857  24.010  -56.350  35.490 0.0000000000
37858  23.246  -56.008  35.490 0.0000000000
37844  23.683  -55.842  35.952 0.0000000000
38941  23.814  -55.527  36.402 0.0000000000
37843  24.285  -56.040  35.923 0.0000000000
37853  26.629  -56.637  34.782 0.0000000000
37854  26.006  -56.341  35.287 0.0000000000
38951  26.632  -56.282  34.882 0.0000000000
38966  26.963  -55.890  34.569 0.0000000000
37866  28.281  -56.477  33.845 0.0000000000
37877  29.758  -56.403  33.202 0.0000000000
34420  27.989  -58.697  32.873 0.0000000000
77513  52.020  -21.196  19.835 0.0000000000
77525  51.399  -21.303  20.335 0.0000000000
77515  50.949  -21.352  20.753 0.0000000000
76290  49.887  -22.125  22.057 0.0000000000
77488  49.600  -21.916  22.500 0.0000000000
75034  48.793  -24.031  24.372 0.0000000000
73929  48.705  -24.638  23.869 0.0000000000
72856  48.700  -25.251  24.483 0.0000000000
71679  48.204  -25.818  25.653 0.0000000000
71680  48.110  -26.413  25.351 0.0000000000
70553  47.821  -27.496  26.647 0.0000000000
72781  48.042  -25.497  25.979 0.0000000000
70526  47.216  -27.732  27.739 0.0000000000
69454  47.408  -28.508  27.501 0.0000000000
67240  46.888  -29.518  27.922 0.0000000000
67259  46.369  -30.353  27.246 0.0000000000
68372  46.035  -28.632  28.102 0.0000000000
69488  44.914  -28.920  26.247 0.0000000000
67270  45.582  -30.503  25.731 0.0000000000
68434  44.954  -30.180  24.343 0.0000000000
66212  42.235  -31.569  22.951 0.0000000000
71611  43.982  -26.001  31.040 0.0000000000
70487  44.511  -26.698  30.310 0.0000000000
69444  42.877  -27.936  29.036 0.0000000000
69457  43.272  -28.123  28.237 0.0000000000
67280  42.214  -30.388  25.017 0.0000000000
64063  41.660  -33.458  23.426 0.0000000000
65158  41.674  -33.036  22.111 0.0000000000
64064  41.505  -33.643  22.675 0.0000000000
63019  41.091  -34.520  21.584 0.0000000000
60642  40.716  -36.395  22.646 0.0000000000
60664  40.340  -36.513  21.627 0.0000000000
59514  39.757  -37.929  21.823 0.0000000000
59452  41.251  -37.018  24.610 0.0000000000
59475  41.039  -36.657  23.891 0.0000000000
57078  39.424  -39.574  22.929 0.0000000000
58279  39.717  -38.939  23.026 0.0000000000
57099  39.351  -39.542  21.913 0.0000000000
62875  43.677  -35.009  30.629 0.0000000000
62885  43.196  -35.005  29.540 0.0000000000
61687  43.008  -36.074  29.394 0.0000000000
55744  42.571  -39.841  31.104 0.0000000000
56919  42.618  -39.112  31.679 0.0000000000
56936  42.868  -39.003  31.259 0.0000000000
58161  43.228  -38.304  31.337 0.0000000000
56947  43.125  -38.924  30.778 0.0000000000
55796  42.576  -40.059  29.458 0.0000000000
56959  42.983  -39.158  29.798 0.0000000000
58190  43.428  -38.399  30.142 0.0000000000
59365  43.474  -37.653  29.965 0.0000000000
58191  43.149  -38.429  29.586 0.0000000000
59382  42.654  -37.543  28.769 0.0000000000
60527  42.754  -36.700  28.664 0.0000000000
59383  42.249  -37.692  28.216 0.0000000000
59399  42.159  -37.227  27.629 0.0000000000
58215  41.804  -38.251  27.800 0.0000000000
54800  40.819  -41.239  27.030 0.0000000000
55822  40.559  -40.307  26.647 0.0000000000
55831  40.271  -40.391  25.871 0.0000000000
51730  41.659  -44.067  26.390 0.0000000000
52801  41.389  -43.879  26.212 0.0000000000
52834  40.312  -44.507  23.989 0.0000000000
50690  40.473  -45.971  23.407 0.0000000000
48152  40.275  -47.893  25.479 0.0000000000
51750  37.845  -45.386  25.541 0.0000000000
50643  38.098  -45.792  25.573 0.0000000000
49432  38.284  -46.225  25.705 0.0000000000
50646  35.578  -45.564  25.598 0.0000000000
48155  35.173  -47.363  25.456 0.0000000000
49419  35.581  -47.285  25.878 0.0000000000
48035  34.887  -46.689  32.154 0.0000000000
50560  33.715  -45.182  30.963 0.0000000000
50583  30.809  -44.989  29.125 0.0000000000
52751  31.865  -43.513  27.897 0.0000000000
51684  33.307  -43.813  29.237 0.0000000000
51698  32.915  -43.452  28.514 0.0000000000
53808  31.846  -42.572  26.055 0.0000000000
53807  32.112  -42.564  26.046 0.0000000000
53820  32.112  -42.636  25.792 0.0000000000
52808  31.847  -43.111  25.016 0.0000000000
50632  27.341  -45.099  26.499 0.0000000000
50649  27.142  -44.893  25.899 0.0000000000
51757  28.607  -43.764  25.533 0.0000000000
51785  29.387  -43.584  23.534 0.0000000000
52838  30.203  -43.263  23.784 0.0000000000
51798  31.031  -44.292  22.461 0.0000000000
52837  31.057  -43.498  23.575 0.0000000000
76345  50.045  -22.396  19.366 0.0000000000
76346  49.230  -22.776  19.136 0.0000000000
76385  49.406  -22.821  17.987 0.0000000000
49192  20.939  -46.407  39.140 0.0000000000
47866  20.014  -47.941  39.515 0.0000000000
47964  35.570  -46.837  34.096 0.0000000000
49273  36.213  -46.356  34.058 0.0000000000
46794  36.778  -47.324  33.307 0.0000000000
47983  37.248  -47.207  33.250 0.0000000000
47982  38.059  -46.979  33.088 0.0000000000
48005  37.208  -47.571  32.062 0.0000000000
48033  36.756  -47.153  31.578 0.0000000000
49318  35.325  -46.001  31.302 0.0000000000
69497  47.848  -28.302  25.621 0.0000000000
43509  22.067  -51.481  30.770 0.0000000000
40070  28.612  -54.252  32.727 0.0000000000
41270  29.054  -54.062  32.809 0.0000000000
41280  30.082  -53.473  32.794 0.0000000000
41269  29.568  -54.074  33.113 0.0000000000
41256  29.841  -54.383  33.428 0.0000000000
40034  30.150  -54.877  33.458 0.0000000000
50473  29.999  -45.738  37.173 0.0000000000
49217  30.341  -46.402  37.182 0.0000000000
46742  29.892  -47.722  37.247 0.0000000000
46768  29.716  -48.034  36.374 0.0000000000
46769  28.923  -48.220  36.643 0.0000000000
46786  28.485  -48.009  36.210 0.0000000000
48019  22.593  -47.239  32.554 0.0000000000
48070  22.456  -48.298  30.655 0.0000000000
65174  43.474  -32.593  21.502 0.0000000000
65173  44.271  -32.761  21.810 0.0000000000
63037  43.534  -34.692  20.448 0.0000000000
35532  23.809  -58.363  32.040 0.0000000000
71626  45.692  -26.208  29.570 0.0000000000
66155  42.962  -31.993  29.074 0.0000000000
65089  42.837  -32.663  28.351 0.0000000000
62936  42.698  -34.598  27.032 0.0000000000
61736  42.317  -35.300  26.696 0.0000000000
60566  42.075  -36.030  26.862 0.0000000000
48079  43.342  -46.468  28.904 0.0000000000
49384  43.579  -45.999  28.683 0.0000000000
48096  43.472  -46.321  28.235 0.0000000000
48111  43.491  -46.166  27.840 0.0000000000
49398  43.432  -45.905  27.565 0.0000000000
49411  42.953  -45.788  26.862 0.0000000000
49412  41.837  -46.373  26.597 0.0000000000
50628  40.359  -45.749  26.328 0.0000000000
50613  28.838  -44.983  27.523 0.0000000000
76341  53.340  -21.262  18.832 0.0000000000
46806  21.596  -48.094  35.103 0.0000000000
46787  21.677  -48.749  35.128 0.0000000000
45707  21.676  -49.215  35.583 0.0000000000
45696  21.809  -49.968  35.832 0.0000000000
44552  21.297  -50.210  37.847 0.0000000000
44551  21.817  -50.651  37.494 0.0000000000
42367  23.601  -52.782  35.441 0.0000000000
42353  23.540  -52.919  36.334 0.0000000000
42352  23.841  -53.405  36.438 0.0000000000
51556  26.356  -45.369  37.933 0.0000000000
50458  26.274  -45.678  37.993 0.0000000000
49203  25.581  -46.253  38.318 0.0000000000
49234  22.532  -46.641  37.476 0.0000000000
49263  22.155  -47.156  36.100 0.0000000000
51628  36.914  -44.355  33.677 0.0000000000
53693  36.944  -42.503  34.246 0.0000000000
53692  37.658  -41.924  34.084 0.0000000000
54715  38.966  -40.745  33.395 0.0000000000
54727  39.387  -40.992  32.255 0.0000000000
54728  38.547  -41.844  32.123 0.0000000000
53726  38.940  -42.242  31.661 0.0000000000
52702  39.225  -43.607  31.565 0.0000000000
48001  40.214  -46.384  32.158 0.0000000000
48029  40.317  -46.913  31.525 0.0000000000
48058  41.029  -46.534  30.563 0.0000000000
49341  40.742  -46.478  30.275 0.0000000000
50575  40.278  -45.482  29.036 0.0000000000
51681  36.460  -44.032  29.223 0.0000000000
52764  33.927  -42.825  27.126 0.0000000000
75060  48.067  -24.230  21.819 0.0000000000
69511  47.457  -28.932  23.279 0.0000000000
42455  23.171  -52.769  27.371 0.0000000000
42392  22.425  -51.780  32.138 0.0000000000
42404  22.727  -52.688  31.762 0.0000000000
41292  27.308  -53.693  30.956 0.0000000000
40093  26.210  -54.103  30.708 0.0000000000
42413  27.580  -52.757  30.062 0.0000000000
49230  31.791  -46.225  36.185 0.0000000000
47914  32.133  -46.467  35.797 0.0000000000
47930  33.296  -46.545  35.348 0.0000000000
47947  33.611  -46.907  35.012 0.0000000000
46837  32.613  -47.598  33.705 0.0000000000
47984  32.205  -47.424  33.677 0.0000000000
47921  26.009  -47.181  36.906 0.0000000000
45804  22.796  -49.172  27.084 0.0000000000
45815  22.817  -49.162  26.471 0.0000000000
46915  22.789  -49.151  25.200 0.0000000000
46930  22.806  -49.277  24.778 0.0000000000
45829  22.677  -49.670  25.013 0.0000000000
44721  22.776  -50.129  24.721 0.0000000000
66176  46.442  -31.742  26.639 0.0000000000
65100  46.802  -32.148  26.883 0.0000000000
63016  45.675  -34.848  22.176 0.0000000000
62998  46.182  -34.394  22.833 0.0000000000
41201  21.186  -52.896  38.650 0.0000000000
41200  22.105  -53.250  38.075 0.0000000000
41199  22.832  -53.468  37.725 0.0000000000
39979  23.346  -54.095  37.587 0.0000000000
39991  23.930  -54.508  37.123 0.0000000000
40005  24.243  -54.998  36.607 0.0000000000
37879  23.419  -56.561  33.980 0.0000000000
37855  25.318  -56.482  35.490 0.0000000000
36682  26.338  -56.933  34.781 0.0000000000
36681  26.980  -57.029  34.558 0.0000000000
36702  28.675  -57.515  33.399 0.0000000000
78652  50.894  -20.995  20.882 0.0000000000
73913  48.829  -24.798  24.863 0.0000000000
72820  48.644  -25.409  25.350 0.0000000000
71667  48.009  -25.792  25.876 0.0000000000
72765  47.456  -26.117  27.378 0.0000000000
68371  46.658  -28.916  28.008 0.0000000000
68385  46.619  -29.279  27.892 0.0000000000
69455  45.336  -28.365  27.496 0.0000000000
68414  44.552  -29.084  25.825 0.0000000000
68435  44.197  -29.796  24.397 0.0000000000
68425  43.926  -29.270  25.177 0.0000000000
68436  43.264  -29.664  24.634 0.0000000000
67295  42.671  -30.247  24.259 0.0000000000
65112  42.535  -32.359  26.757 0.0000000000
65121  42.258  -32.330  25.795 0.0000000000
62985  41.491  -34.296  23.243 0.0000000000
61821  41.037  -35.028  22.315 0.0000000000
61800  41.241  -35.160  23.067 0.0000000000
60641  41.059  -35.914  23.114 0.0000000000
58258  40.668  -38.214  24.228 0.0000000000
57054  39.611  -39.829  23.671 0.0000000000
54826  39.255  -41.525  22.966 0.0000000000
54725  41.478  -40.657  31.436 0.0000000000
55730  41.829  -39.809  31.882 0.0000000000
54724  42.044  -40.493  31.314 0.0000000000
54737  42.362  -40.446  30.995 0.0000000000
54758  42.454  -40.851  30.319 0.0000000000
53786  42.514  -42.069  29.055 0.0000000000
55797  42.407  -40.142  28.901 0.0000000000
56992  41.849  -39.229  28.186 0.0000000000
56993  41.387  -39.227  27.546 0.0000000000
50642  41.953  -45.113  25.519 0.0000000000
51767  41.699  -45.036  25.298 0.0000000000
51768  41.068  -44.956  24.772 0.0000000000
49463  40.650  -46.624  23.883 0.0000000000
46921  40.406  -48.416  25.036 0.0000000000
46897  38.079  -48.773  26.917 0.0000000000
48156  34.588  -46.954  25.119 0.0000000000
49320  33.298  -46.227  31.938 0.0000000000
52766  32.102  -43.151  27.187 0.0000000000
53809  31.319  -42.657  26.033 0.0000000000
53822  31.107  -42.705  25.469 0.0000000000
50662  26.378  -44.988  25.000 0.0000000000
51759  27.034  -44.764  25.604 0.0000000000
51774  26.860  -44.549  25.002 0.0000000000
51799  30.045  -44.078  22.487 0.0000000000
75102  48.610  -23.223  18.688 0.0000000000
63998  47.734  -33.047  26.740 0.0000000000
63997  48.166  -33.104  26.635 0.0000000000
47923  21.049  -47.841  37.647 0.0000000000
47907  20.968  -47.673  38.181 0.0000000000
46745  20.830  -48.330  37.918 0.0000000000
46746  20.640  -48.643  38.398 0.0000000000
45682  20.802  -49.461  38.360 0.0000000000
45674  21.085  -49.941  38.614 0.0000000000
44532  21.223  -50.422  39.082 0.0000000000
49189  23.194  -46.381  39.676 0.0000000000
51601  35.503  -44.177  35.235 0.0000000000
51618  35.905  -44.292  34.898 0.0000000000
51617  36.329  -44.370  34.395 0.0000000000
51627  37.785  -44.410  32.807 0.0000000000
51626  38.430  -44.851  32.575 0.0000000000
49285  38.978  -45.980  32.610 0.0000000000
46813  37.877  -47.412  32.633 0.0000000000
48002  39.302  -46.935  32.225 0.0000000000
50557  36.613  -45.295  30.280 0.0000000000
48171  23.569  -47.474  24.211 0.0000000000
49453  23.928  -46.877  24.137 0.0000000000
48203  24.135  -47.532  21.740 0.0000000000
46963  24.199  -48.425  22.273 0.0000000000
71704  47.762  -26.321  23.683 0.0000000000
71690  47.373  -27.327  23.981 0.0000000000
69498  47.635  -28.568  25.020 0.0000000000
69504  47.405  -28.743  24.189 0.0000000000
68433  47.540  -29.615  23.860 0.0000000000
44684  22.102  -50.574  26.944 0.0000000000
43551  22.071  -51.457  27.231 0.0000000000
42456  22.315  -52.278  27.433 0.0000000000
42441  23.806  -53.121  28.187 0.0000000000
41273  23.917  -53.250  33.425 0.0000000000
40074  24.372  -54.041  32.691 0.0000000000
40084  25.876  -54.610  31.669 0.0000000000
40083  27.069  -54.248  31.533 0.0000000000
41291  27.908  -53.610  31.417 0.0000000000
41300  28.456  -53.061  31.119 0.0000000000
41288  31.064  -53.567  31.904 0.0000000000
49216  30.948  -46.113  37.002 0.0000000000
49215  31.485  -45.965  36.590 0.0000000000
47915  31.301  -46.809  36.233 0.0000000000
46751  31.197  -47.145  35.995 0.0000000000
46782  31.384  -47.607  35.191 0.0000000000
45713  31.675  -47.722  34.838 0.0000000000
45704  31.242  -47.977  35.216 0.0000000000
46802  29.990  -48.030  34.955 0.0000000000
46784  29.863  -48.047  35.614 0.0000000000
46823  29.580  -48.007  34.589 0.0000000000
49289  23.970  -46.416  33.343 0.0000000000
49326  23.352  -46.697  32.002 0.0000000000
46859  22.777  -48.274  29.649 0.0000000000
46883  22.603  -49.530  28.237 0.0000000000
45791  22.457  -49.846  27.664 0.0000000000
66198  45.434  -31.534  24.280 0.0000000000
65154  45.406  -32.691  23.124 0.0000000000
62999  45.465  -34.084  22.202 0.0000000000
37880  22.712  -56.513  33.403 0.0000000000
36707  23.937  -56.904  33.463 0.0000000000
36705  26.149  -57.725  33.722 0.0000000000
35511  27.041  -58.152  33.428 0.0000000000
35529  26.859  -58.512  33.041 0.0000000000
34435  25.859  -59.279  32.224 0.0000000000
71638  46.612  -26.559  28.617 0.0000000000
69426  46.056  -27.496  28.694 0.0000000000
69472  43.541  -28.369  27.467 0.0000000000
68373  42.063  -29.447  29.763 0.0000000000
68387  42.083  -29.485  28.768 0.0000000000
65102  42.734  -32.597  27.556 0.0000000000
61766  41.978  -35.113  24.975 0.0000000000
59451  41.566  -36.414  25.093 0.0000000000
59433  41.619  -36.739  25.634 0.0000000000
58257  40.994  -37.771  24.535 0.0000000000
51677  42.419  -44.450  29.788 0.0000000000
52732  42.252  -44.024  29.842 0.0000000000
51676  42.625  -44.523  29.338 0.0000000000
51692  43.255  -45.041  28.630 0.0000000000
51693  42.938  -44.522  28.481 0.0000000000
52758  42.477  -43.653  28.336 0.0000000000
52760  41.529  -42.651  27.416 0.0000000000
52781  41.888  -43.744  27.220 0.0000000000
51729  42.165  -44.408  26.736 0.0000000000
51747  42.211  -44.807  26.128 0.0000000000
50640  42.716  -45.577  26.350 0.0000000000
50641  42.361  -45.320  25.868 0.0000000000
50657  42.229  -45.674  25.510 0.0000000000
49417  37.801  -47.014  25.981 0.0000000000
52803  35.952  -44.106  25.643 0.0000000000
51753  35.500  -44.675  25.516 0.0000000000
50647  34.848  -45.388  25.297 0.0000000000
49437  34.394  -45.777  25.110 0.0000000000
49448  34.176  -46.723  24.794 0.0000000000
50599  29.996  -44.989  28.527 0.0000000000
50598  30.498  -44.639  28.527 0.0000000000
51802  26.856  -44.464  22.258 0.0000000000
51849  28.266  -43.886  20.676 0.0000000000
76380  54.175  -22.172  17.259 0.0000000000
76359  53.583  -21.579  18.231 0.0000000000
75135  52.491  -22.783  16.761 0.0000000000
72916  47.814  -25.874  18.216 0.0000000000
44599  22.411  -50.266  33.174 0.0000000000
42381  23.482  -52.702  33.579 0.0000000000
42380  23.882  -53.167  33.755 0.0000000000
41272  24.297  -53.522  33.809 0.0000000000
41271  24.599  -53.751  34.215 0.0000000000
40038  26.442  -55.263  34.552 0.0000000000
50475  27.940  -45.431  37.600 0.0000000000
49200  28.131  -46.364  37.619 0.0000000000
47902  27.319  -47.411  37.562 0.0000000000
49244  24.323  -46.786  36.179 0.0000000000
47905  24.398  -46.772  37.890 0.0000000000
47906  24.002  -46.727  38.341 0.0000000000
63039  41.529  -34.641  20.493 0.0000000000
61877  41.110  -36.246  19.613 0.0000000000
60710  41.260  -36.926  19.379 0.0000000000
70489  42.520  -27.095  30.795 0.0000000000
67241  42.825  -31.121  29.623 0.0000000000
62886  43.026  -34.375  29.107 0.0000000000
53725  41.328  -41.277  31.161 0.0000000000
52725  41.439  -42.937  30.538 0.0000000000
52710  41.497  -43.752  30.554 0.0000000000
51637  38.803  -44.432  32.172 0.0000000000
51647  39.422  -44.386  31.855 0.0000000000
51646  40.081  -44.571  31.733 0.0000000000
51645  40.735  -44.337  31.227 0.0000000000
51654  41.202  -44.602  30.954 0.0000000000
51653  41.575  -44.187  30.565 0.0000000000
51664  42.152  -44.528  30.148 0.0000000000
50555  42.206  -45.075  30.284 0.0000000000
49338  42.758  -45.724  29.720 0.0000000000
49366  42.648  -46.267  29.744 0.0000000000
48080  42.680  -46.591  29.485 0.0000000000
48098  42.337  -46.621  28.806 0.0000000000
50610  41.117  -45.594  27.327 0.0000000000
50612  39.736  -44.731  27.814 0.0000000000
52784  37.105  -43.649  26.552 0.0000000000
49370  38.518  -45.248  29.642 0.0000000000
51679  38.083  -44.272  28.782 0.0000000000
51680  37.330  -44.183  29.126 0.0000000000
52785  36.310  -43.534  26.157 0.0000000000
52805  34.580  -43.773  25.485 0.0000000000
49401  26.899  -46.002  28.108 0.0000000000
50651  25.908  -45.763  25.824 0.0000000000
50678  24.938  -45.717  23.360 0.0000000000
50698  24.747  -45.833  22.248 0.0000000000
51803  26.034  -44.857  21.887 0.0000000000
75069  47.804  -24.029  21.076 0.0000000000
75085  47.850  -23.944  20.040 0.0000000000
73962  47.574  -24.275  19.559 0.0000000000
71740  46.648  -26.312  21.277 0.0000000000
42405  22.410  -52.127  31.551 0.0000000000
42415  22.291  -52.422  30.617 0.0000000000
42428  22.334  -52.895  29.831 0.0000000000
40086  23.839  -54.223  31.690 0.0000000000
40095  24.290  -54.453  30.804 0.0000000000
40106  24.803  -54.292  30.203 0.0000000000
41324  25.436  -53.326  28.979 0.0000000000
42439  26.140  -52.731  28.589 0.0000000000
51584  34.365  -44.241  35.489 0.0000000000
51602  35.014  -44.167  35.390 0.0000000000
50497  35.220  -44.633  35.164 0.0000000000
50509  35.067  -45.764  34.818 0.0000000000
47945  35.152  -46.557  34.442 0.0000000000
47946  34.661  -46.902  34.533 0.0000000000
46796  35.051  -47.289  33.819 0.0000000000
46816  35.535  -47.504  33.377 0.0000000000
49322  31.353  -46.374  31.593 0.0000000000
46800  31.511  -47.647  34.622 0.0000000000
47985  31.573  -47.400  33.696 0.0000000000
49352  30.140  -46.245  30.372 0.0000000000
49353  29.356  -46.386  30.345 0.0000000000
49372  29.066  -46.076  29.708 0.0000000000
46756  27.852  -48.270  37.263 0.0000000000
47933  28.017  -48.046  36.281 0.0000000000
47949  28.053  -47.825  35.764 0.0000000000
49274  25.514  -46.718  34.017 0.0000000000
49301  25.326  -46.767  32.582 0.0000000000
49374  27.378  -46.344  29.426 0.0000000000
49387  27.239  -46.100  28.655 0.0000000000
49402  26.426  -46.177  27.661 0.0000000000
49403  25.768  -46.493  27.350 0.0000000000
48137  25.058  -46.803  26.374 0.0000000000
45862  23.518  -48.950  23.008 0.0000000000
45842  23.320  -49.489  23.479 0.0000000000
67250  47.409  -30.559  27.287 0.0000000000
66153  47.358  -31.442  27.269 0.0000000000
65087  47.386  -32.177  27.069 0.0000000000
63999  47.397  -32.721  26.880 0.0000000000
65129  46.446  -32.841  24.990 0.0000000000
62983  46.376  -34.085  23.539 0.0000000000
62951  47.062  -34.005  25.313 0.0000000000
63038  42.606  -34.775  20.112 0.0000000000
60687  42.872  -36.772  19.793 0.0000000000
49209  19.724  -46.565  39.207 0.0000000000
47867  19.630  -47.879  39.499 0.0000000000
46722  19.510  -48.618  39.880 0.0000000000
44524  20.844  -50.603  39.436 0.0000000000
44531  21.593  -51.021  38.854 0.0000000000
42290  20.022  -51.058  40.401 0.0000000000
42299  20.940  -51.257  39.405 0.0000000000
43428  21.726  -51.492  38.615 0.0000000000
43438  22.051  -51.533  38.238 0.0000000000
43437  22.430  -51.900  37.944 0.0000000000
42338  23.792  -53.351  36.773 0.0000000000
41198  23.523  -53.766  37.440 0.0000000000
41212  24.180  -53.845  36.988 0.0000000000
38930  22.744  -54.897  37.297 0.0000000000
38929  23.445  -55.091  37.039 0.0000000000
37840  25.704  -55.944  35.675 0.0000000000
38939  25.400  -55.529  35.874 0.0000000000
38967  26.479  -55.640  34.944 0.0000000000
40036  28.793  -55.242  33.508 0.0000000000
38963  29.889  -55.181  33.511 0.0000000000
38979  30.282  -55.371  33.261 0.0000000000
37865  29.108  -56.432  33.552 0.0000000000
38980  29.648  -55.975  33.453 0.0000000000
35509  28.770  -58.181  32.846 0.0000000000
77524  51.846  -21.144  19.916 0.0000000000
76308  50.446  -21.736  21.244 0.0000000000
73930  48.372  -24.916  23.214 0.0000000000
78623  49.906  -21.271  21.782 0.0000000000
77507  50.252  -21.797  21.889 0.0000000000
75051  49.135  -23.075  23.301 0.0000000000
72802  47.865  -25.863  26.007 0.0000000000
71656  47.659  -26.729  27.046 0.0000000000
67239  46.947  -29.757  27.913 0.0000000000
66165  46.243  -31.042  26.880 0.0000000000
68399  45.842  -29.407  27.143 0.0000000000
67292  45.143  -30.775  24.109 0.0000000000
66199  45.015  -31.176  23.721 0.0000000000
67326  44.095  -30.961  22.701 0.0000000000
67309  43.770  -30.549  23.074 0.0000000000
66221  44.036  -31.572  22.387 0.0000000000
66222  43.242  -31.726  21.899 0.0000000000
65175  42.462  -32.632  21.537 0.0000000000
65176  41.866  -33.328  21.505 0.0000000000
69429  44.230  -27.640  29.550 0.0000000000
69491  43.082  -28.660  27.065 0.0000000000
68400  42.232  -29.411  27.717 0.0000000000
68416  42.677  -29.255  26.541 0.0000000000
65157  41.969  -32.354  22.482 0.0000000000
64100  41.627  -33.885  21.142 0.0000000000
63020  40.745  -34.962  20.997 0.0000000000
60625  40.971  -36.436  23.425 0.0000000000
58278  40.123  -38.412  23.247 0.0000000000
58300  40.037  -38.168  22.601 0.0000000000
59497  39.949  -38.068  22.298 0.0000000000
58318  39.372  -38.579  21.439 0.0000000000
65070  43.775  -32.903  30.543 0.0000000000
65077  43.535  -33.403  29.945 0.0000000000
62902  43.007  -35.304  28.952 0.0000000000
59319  43.323  -37.609  31.903 0.0000000000
59332  43.499  -37.615  31.210 0.0000000000
53766  42.402  -42.172  30.143 0.0000000000
55760  42.660  -39.865  30.337 0.0000000000
54774  42.557  -41.000  29.582 0.0000000000
55779  42.685  -39.864  30.016 0.0000000000
55778  42.899  -39.408  30.402 0.0000000000
60474  43.636  -37.021  31.017 0.0000000000
60491  43.524  -36.885  30.459 0.0000000000
60508  43.251  -36.862  29.786 0.0000000000
58203  42.699  -38.407  29.069 0.0000000000
61688  42.890  -36.368  28.988 0.0000000000
61704  42.930  -35.867  28.664 0.0000000000
58226  41.729  -37.778  27.084 0.0000000000
57014  40.504  -39.586  26.148 0.0000000000
53806  40.894  -42.196  26.634 0.0000000000
52802  40.779  -43.495  25.866 0.0000000000
53819  40.496  -42.319  26.032 0.0000000000
54818  39.810  -41.472  24.740 0.0000000000
46910  40.120  -48.511  25.539 0.0000000000
51731  39.821  -45.514  26.201 0.0000000000
51732  39.373  -45.264  26.115 0.0000000000
48153  37.350  -47.101  25.984 0.0000000000
49434  36.717  -46.825  25.857 0.0000000000
50542  34.021  -45.618  31.425 0.0000000000
51683  34.477  -43.692  29.688 0.0000000000
51668  32.286  -44.823  30.105 0.0000000000
52736  34.169  -43.331  28.890 0.0000000000
52789  32.329  -42.692  26.278 0.0000000000
52822  32.674  -43.807  24.451 0.0000000000
51771  32.327  -44.127  24.064 0.0000000000
52792  29.909  -43.395  26.315 0.0000000000
51772  28.582  -43.629  24.395 0.0000000000
52811  29.158  -43.458  25.445 0.0000000000
52810  29.702  -43.250  25.645 0.0000000000
53835  31.160  -42.846  24.782 0.0000000000
76363  49.759  -22.581  18.542 0.0000000000
76403  52.018  -22.812  16.614 0.0000000000
66175  47.705  -31.596  25.695 0.0000000000
35512  26.593  -57.993  33.504 0.0000000000
36684  25.221  -56.703  35.251 0.0000000000
36690  29.112  -56.967  33.395 0.0000000000
36703  28.180  -57.432  33.650 0.0000000000
36723  26.053  -57.949  33.329 0.0000000000
37841  25.344  -56.045  35.801 0.0000000000
37842  24.860  -56.201  35.847 0.0000000000
37878  24.098  -56.801  34.285 0.0000000000
38931  22.289  -54.625  37.431 0.0000000000
38938  25.907  -55.856  35.552 0.0000000000
40053  30.668  -54.329  32.797 0.0000000000
40054  30.416  -54.545  33.192 0.0000000000
40105  25.537  -54.030  30.203 0.0000000000
41255  30.119  -54.519  33.412 0.0000000000
41281  29.476  -53.491  32.521 0.0000000000
41284  24.182  -53.564  33.201 0.0000000000
41303  26.273  -53.710  30.227 0.0000000000
42311  22.387  -52.237  38.064 0.0000000000
42403  28.891  -52.870  31.282 0.0000000000
42414  27.024  -53.016  29.888 0.0000000000
43419  20.646  -50.857  39.669 0.0000000000
43429  21.387  -51.164  39.154 0.0000000000
44540  22.189  -51.477  38.045 0.0000000000
45681  21.043  -49.923  38.119 0.0000000000
45703  31.808  -47.888  35.166 0.0000000000
45705  30.745  -47.693  35.206 0.0000000000
45714  31.250  -47.691  34.940 0.0000000000
45715  30.829  -47.683  35.026 0.0000000000
45861  23.930  -49.158  22.832 0.0000000000
46723  19.131  -48.778  40.048 0.0000000000
46743  29.316  -47.796  37.473 0.0000000000
46757  27.465  -48.108  37.212 0.0000000000
46766  31.015  -47.392  35.701 0.0000000000
46831  37.558  -47.597  32.491 0.0000000000
47876  19.868  -47.552  39.431 0.0000000000
47883  28.536  -46.825  37.577 0.0000000000
47889  23.819  -46.721  38.556 0.0000000000
47890  21.243  -46.562  38.796 0.0000000000
47891  20.943  -46.649  38.956 0.0000000000
47918  28.052  -48.050  37.496 0.0000000000
47963  36.775  -46.844  33.551 0.0000000000
48148  42.621  -46.098  25.990 0.0000000000
49183  19.317  -47.778  39.507 0.0000000000
49194  19.103  -47.471  39.468 0.0000000000
49219  23.816  -46.661  37.602 0.0000000000
49241  34.658  -46.012  35.052 0.0000000000
49304  22.888  -46.775  32.787 0.0000000000
49313  41.958  -45.606  30.499 0.0000000000
49315  41.116  -46.060  31.231 0.0000000000
49340  41.923  -46.106  30.478 0.0000000000
49422  25.018  -46.773  26.086 0.0000000000
49445  42.129  -45.828  25.376 0.0000000000
50470  32.067  -45.348  36.085 0.0000000000
50528  41.300  -45.361  31.063 0.0000000000
50538  42.208  -45.406  30.330 0.0000000000
50582  31.466  -44.829  29.411 0.0000000000
50586  28.167  -45.884  28.973 0.0000000000
50626  42.412  -44.936  26.295 0.0000000000
51583  34.977  -43.821  35.447 0.0000000000
51636  39.549  -44.651  32.033 0.0000000000
51663  42.488  -44.689  29.800 0.0000000000
51739  27.814  -44.737  26.440 0.0000000000
52635  35.351  -43.649  35.428 0.0000000000
52703  38.490  -42.860  31.814 0.0000000000
53724  41.695  -41.255  31.105 0.0000000000
53746  40.168  -41.855  31.078 0.0000000000
53747  39.577  -41.637  31.555 0.0000000000
53821  31.737  -42.742  25.482 0.0000000000
54723  42.267  -40.238  31.255 0.0000000000
54736  42.581  -40.018  30.760 0.0000000000
54738  42.091  -41.184  30.964 0.0000000000
54757  42.588  -40.032  30.509 0.0000000000
55728  42.649  -39.434  31.292 0.0000000000
55743  42.748  -39.556  31.018 0.0000000000
59398  42.495  -37.124  28.268 0.0000000000
61765  47.440  -34.997  24.512 0.0000000000
64061  46.334  -33.784  23.867 0.0000000000
65101  42.817  -32.977  27.818 0.0000000000
66238  42.777  -32.044  21.729 0.0000000000
67308  44.300  -30.778  23.066 0.0000000000
67328  42.786  -31.289  22.467 0.0000000000
71609  45.337  -25.975  29.876 0.0000000000
71741  46.574  -26.824  20.776 0.0000000000
72890  46.610  -26.017  20.849 0.0000000000
73954  47.611  -24.264  19.886 0.0000000000
76404  51.261  -22.654  16.734 0.0000000000
77487  49.948  -21.483  21.897 0.0000000000
78639  50.116  -21.207  21.529 0.0000000000
