#!ascii label  , from subject sub-01 vox2ras=TkReg
1073
104562  42.033  4.039  14.117 0.0000000000
102631  45.964  1.662  1.225 0.0000000000
111742  44.316  10.333  0.525 0.0000000000
100976  43.833  -0.288  -7.551 0.0000000000
101691  40.443  0.584  7.927 0.0000000000
108854  50.178  7.148  3.826 0.0000000000
104721  47.032  3.116  -4.993 0.0000000000
109929  37.638  9.145  -1.489 0.0000000000
104606  50.220  3.722  7.581 0.0000000000
104596  44.767  3.680  8.057 0.0000000000
100904  41.883  -0.976  2.650 0.0000000000
115356  42.941  14.271  -2.483 0.0000000000
108966  41.748  8.254  -5.324 0.0000000000
105760  46.637  4.415  0.994 0.0000000000
108951  46.425  7.068  -5.015 0.0000000000
112670  36.886  11.078  -0.537 0.0000000000
106768  46.253  5.991  11.482 0.0000000000
106771  43.316  5.938  11.385 0.0000000000
99996  41.895  -1.003  5.824 0.0000000000
112659  48.248  11.788  -0.826 0.0000000000
114511  46.324  13.631  -0.317 0.0000000000
113571  44.603  12.681  -2.077 0.0000000000
113602  41.199  12.198  -4.375 0.0000000000
111778  41.624  10.415  -2.912 0.0000000000
103610  47.552  2.808  4.417 0.0000000000
104667  49.705  3.646  2.772 0.0000000000
103636  47.663  2.326  1.418 0.0000000000
102725  47.423  1.698  -7.983 0.0000000000
106924  48.311  4.831  -5.833 0.0000000000
104754  45.805  3.250  -7.775 0.0000000000
104732  44.395  4.313  -5.847 0.0000000000
101813  42.328  0.437  -6.950 0.0000000000
99147  40.219  -2.412  -5.291 0.0000000000
104564  39.733  3.040  13.563 0.0000000000
105669  40.389  4.839  10.536 0.0000000000
109893  48.529  8.870  0.726 0.0000000000
101780  44.120  0.847  -1.787 0.0000000000
102662  46.551  2.002  -2.013 0.0000000000
101805  44.690  0.726  -5.037 0.0000000000
100972  47.690  -0.470  -7.537 0.0000000000
106776  51.438  5.257  10.953 0.0000000000
105657  48.989  4.575  11.643 0.0000000000
104593  47.601  4.032  7.702 0.0000000000
102589  45.705  1.779  5.466 0.0000000000
103563  42.633  2.575  8.178 0.0000000000
101719  43.609  0.928  5.621 0.0000000000
102622  43.427  1.548  1.977 0.0000000000
100049  42.654  -1.673  -0.949 0.0000000000
102522  38.467  1.921  16.188 0.0000000000
114499  44.004  13.300  0.658 0.0000000000
112666  40.756  12.035  -0.411 0.0000000000
113588  39.170  12.058  -2.426 0.0000000000
109951  39.599  9.080  -3.419 0.0000000000
106893  42.130  5.741  -1.200 0.0000000000
105720  51.670  4.547  5.515 0.0000000000
106847  50.022  5.708  2.133 0.0000000000
108892  44.842  7.187  1.860 0.0000000000
104699  47.676  3.489  -2.100 0.0000000000
106902  45.979  5.555  -2.044 0.0000000000
108934  43.650  7.976  -2.657 0.0000000000
109968  44.180  8.618  -5.290 0.0000000000
105814  43.790  4.845  -3.438 0.0000000000
111746  36.666  10.733  0.624 0.0000000000
111744  38.727  10.823  0.713 0.0000000000
106753  44.112  5.415  12.967 0.0000000000
105647  42.883  5.161  13.078 0.0000000000
111740  46.385  10.662  -0.174 0.0000000000
112677  46.168  12.144  -1.669 0.0000000000
112663  44.318  11.579  -0.792 0.0000000000
112680  42.868  12.014  -2.074 0.0000000000
111760  42.575  10.489  -0.785 0.0000000000
103621  46.974  2.166  2.748 0.0000000000
103629  47.465  2.090  2.391 0.0000000000
102630  47.051  1.635  0.997 0.0000000000
101818  45.817  0.655  -7.926 0.0000000000
104765  46.599  2.744  -7.882 0.0000000000
102715  45.292  1.478  -7.665 0.0000000000
103722  43.779  2.281  -7.260 0.0000000000
101820  43.564  0.602  -7.545 0.0000000000
100978  42.286  -0.901  -6.840 0.0000000000
99172  42.446  -2.083  -7.102 0.0000000000
104574  38.511  3.720  11.746 0.0000000000
110834  49.339  9.463  1.046 0.0000000000
109891  50.405  7.911  1.894 0.0000000000
100935  43.239  -0.563  -2.727 0.0000000000
101789  44.069  0.816  -2.826 0.0000000000
100949  44.159  -0.417  -4.577 0.0000000000
100099  47.465  -1.108  -6.667 0.0000000000
100108  47.783  -2.152  -7.697 0.0000000000
100125  47.208  -0.826  -8.304 0.0000000000
106790  45.818  5.622  9.513 0.0000000000
105677  47.130  5.107  9.243 0.0000000000
104594  46.780  3.979  7.939 0.0000000000
103572  46.661  2.625  7.109 0.0000000000
102570  46.127  2.079  7.154 0.0000000000
104584  40.320  3.351  9.132 0.0000000000
105697  41.671  4.081  8.751 0.0000000000
103564  41.710  2.226  8.363 0.0000000000
100885  41.596  -1.098  4.278 0.0000000000
101710  42.904  0.379  6.169 0.0000000000
101731  42.558  0.784  4.264 0.0000000000
102600  43.508  1.584  3.785 0.0000000000
101743  42.403  0.469  2.352 0.0000000000
101758  42.533  0.064  0.487 0.0000000000
100910  42.212  -0.606  1.178 0.0000000000
96941  43.920  -4.165  -0.694 0.0000000000
115344  44.921  13.820  -1.198 0.0000000000
114505  45.569  13.559  0.338 0.0000000000
113559  43.580  13.457  -0.458 0.0000000000
113552  42.721  12.679  0.312 0.0000000000
113573  42.483  13.322  -1.240 0.0000000000
113575  39.981  12.969  -1.603 0.0000000000
114540  41.532  13.956  -2.588 0.0000000000
111801  40.989  9.919  -5.269 0.0000000000
111795  39.688  10.669  -4.393 0.0000000000
109962  40.485  8.646  -4.621 0.0000000000
108935  41.349  7.342  -2.539 0.0000000000
107910  42.109  7.094  -3.095 0.0000000000
104582  50.923  4.162  9.086 0.0000000000
105701  51.605  4.527  7.829 0.0000000000
104619  51.326  3.540  6.425 0.0000000000
105748  48.699  4.231  2.321 0.0000000000
105747  49.855  4.577  2.441 0.0000000000
106849  47.750  5.195  2.345 0.0000000000
108878  46.421  7.016  2.481 0.0000000000
106851  45.864  5.805  2.213 0.0000000000
103679  46.270  2.602  -3.604 0.0000000000
103657  47.140  2.302  -1.722 0.0000000000
103677  47.670  2.857  -3.119 0.0000000000
107933  47.499  6.126  -4.925 0.0000000000
106910  47.076  5.634  -3.394 0.0000000000
107924  46.611  6.411  -4.305 0.0000000000
107907  44.768  6.925  -1.841 0.0000000000
108941  45.034  7.508  -3.734 0.0000000000
109946  44.535  8.601  -4.026 0.0000000000
108962  45.245  7.400  -5.342 0.0000000000
104734  43.025  3.057  -5.518 0.0000000000
105825  44.382  5.181  -4.781 0.0000000000
104723  43.023  3.140  -4.395 0.0000000000
104707  42.615  3.614  -2.648 0.0000000000
107812  49.763  6.771  6.445 0.0000000000
111761  35.924  10.628  -0.799 0.0000000000
111771  37.394  10.233  -1.642 0.0000000000
106750  46.809  5.687  13.354 0.0000000000
106751  45.736  5.614  13.387 0.0000000000
107780  44.669  6.234  11.183 0.0000000000
106799  44.438  5.140  8.824 0.0000000000
100858  41.833  -0.532  7.004 0.0000000000
113558  47.577  13.052  -0.496 0.0000000000
114536  46.244  13.334  -1.844 0.0000000000
115362  44.112  14.349  -2.767 0.0000000000
115374  42.283  13.969  -3.474 0.0000000000
113594  42.776  13.179  -3.523 0.0000000000
112701  41.302  11.389  -4.153 0.0000000000
110891  41.778  9.596  -4.671 0.0000000000
103583  49.140  3.435  6.304 0.0000000000
103595  50.370  3.415  5.457 0.0000000000
103618  48.817  3.287  4.401 0.0000000000
104668  48.862  3.083  2.484 0.0000000000
104676  47.474  3.394  0.775 0.0000000000
103709  47.762  2.871  -6.787 0.0000000000
104719  48.070  3.778  -5.362 0.0000000000
104751  47.685  3.127  -7.271 0.0000000000
105848  47.298  4.510  -6.750 0.0000000000
106938  46.310  5.510  -6.428 0.0000000000
106939  45.563  5.497  -6.280 0.0000000000
105863  44.582  4.482  -7.048 0.0000000000
104744  43.561  3.095  -6.530 0.0000000000
102697  41.868  1.449  -5.965 0.0000000000
99159  40.722  -2.396  -6.059 0.0000000000
104563  40.772  3.566  13.919 0.0000000000
105649  40.896  4.593  12.952 0.0000000000
105650  40.055  4.330  12.565 0.0000000000
104577  38.973  3.720  10.279 0.0000000000
103554  39.551  2.418  9.141 0.0000000000
111737  48.870  10.561  0.831 0.0000000000
110850  48.150  10.094  -0.395 0.0000000000
110838  46.114  10.086  0.838 0.0000000000
102656  44.712  1.250  -0.265 0.0000000000
102655  45.647  1.478  -0.561 0.0000000000
102672  44.899  1.385  -2.223 0.0000000000
102681  44.765  1.477  -3.357 0.0000000000
103701  46.003  2.297  -5.287 0.0000000000
100957  45.387  -0.477  -5.813 0.0000000000
101811  46.801  0.553  -6.680 0.0000000000
102705  47.122  1.407  -6.677 0.0000000000
101825  47.590  0.743  -8.077 0.0000000000
100974  46.244  -0.323  -8.084 0.0000000000
100111  45.431  -1.142  -7.585 0.0000000000
99171  43.396  -2.138  -6.905 0.0000000000
105665  50.599  4.544  10.919 0.0000000000
105689  49.938  4.284  8.747 0.0000000000
106766  48.108  5.083  11.561 0.0000000000
105676  48.172  4.808  9.554 0.0000000000
104607  49.387  3.904  7.646 0.0000000000
103584  48.097  3.404  6.334 0.0000000000
102596  46.905  2.692  4.969 0.0000000000
102608  45.468  1.893  3.287 0.0000000000
106783  41.960  5.673  10.388 0.0000000000
106793  42.712  5.250  9.338 0.0000000000
104597  43.825  3.544  8.165 0.0000000000
101700  42.731  0.489  7.032 0.0000000000
102573  43.093  1.400  7.444 0.0000000000
101698  44.737  1.380  7.015 0.0000000000
101729  44.409  1.396  5.073 0.0000000000
102599  44.462  1.693  4.111 0.0000000000
102621  44.284  1.918  2.093 0.0000000000
101756  43.784  1.211  0.473 0.0000000000
100922  42.866  -0.227  -1.175 0.0000000000
100065  43.208  -1.820  -2.384 0.0000000000
99067  42.628  -2.483  0.461 0.0000000000
98051  43.071  -2.923  -1.587 0.0000000000
103528  40.434  2.446  14.738 0.0000000000
103529  39.257  1.850  14.331 0.0000000000
102530  37.630  0.992  15.803 0.0000000000
114488  44.854  13.746  2.153 0.0000000000
114490  43.116  12.754  2.336 0.0000000000
112668  39.002  11.819  -0.583 0.0000000000
112683  38.433  11.477  -1.713 0.0000000000
111780  38.190  10.454  -2.169 0.0000000000
114553  40.148  12.820  -3.746 0.0000000000
112703  38.963  11.086  -3.305 0.0000000000
109939  38.556  9.009  -2.417 0.0000000000
107833  50.917  6.080  5.403 0.0000000000
103616  51.186  3.341  4.283 0.0000000000
105745  51.446  4.778  2.851 0.0000000000
107850  50.919  6.545  2.798 0.0000000000
108875  49.215  7.222  1.636 0.0000000000
109895  46.622  8.528  1.774 0.0000000000
110827  44.644  8.869  1.510 0.0000000000
102642  47.035  1.946  -0.113 0.0000000000
104685  47.378  3.206  -0.184 0.0000000000
104686  47.096  3.819  -0.019 0.0000000000
105802  48.321  4.318  -3.613 0.0000000000
105794  46.961  4.547  -1.758 0.0000000000
106881  45.383  5.348  -0.418 0.0000000000
107887  44.400  6.436  -0.343 0.0000000000
108914  43.730  7.305  -0.611 0.0000000000
110851  42.731  9.367  -0.404 0.0000000000
109936  42.809  8.899  -2.786 0.0000000000
110889  43.468  9.295  -4.510 0.0000000000
109969  43.190  8.628  -5.064 0.0000000000
106928  44.741  5.806  -5.253 0.0000000000
107927  43.598  6.755  -4.425 0.0000000000
107917  42.728  7.071  -3.827 0.0000000000
106904  43.130  5.455  -2.371 0.0000000000
100082  40.279  -1.628  -4.486 0.0000000000
111728  38.084  10.486  1.502 0.0000000000
111727  39.207  10.473  1.578 0.0000000000
104551  43.012  4.020  14.655 0.0000000000
105637  43.187  4.638  13.784 0.0000000000
105638  42.390  4.555  13.559 0.0000000000
111741  45.273  10.691  0.337 0.0000000000
112662  45.529  11.673  -0.863 0.0000000000
111758  44.440  10.989  0.047 0.0000000000
112664  43.050  11.375  -1.243 0.0000000000
111759  43.509  10.560  -0.154 0.0000000000
102619  46.608  1.767  2.305 0.0000000000
103630  47.041  1.952  2.460 0.0000000000
100975  45.018  -0.266  -7.736 0.0000000000
101819  44.607  0.615  -7.699 0.0000000000
100114  42.416  -1.364  -6.987 0.0000000000
100113  43.137  -1.215  -7.214 0.0000000000
108844  49.292  7.325  5.069 0.0000000000
108866  49.457  7.934  3.714 0.0000000000
109869  49.781  8.225  3.109 0.0000000000
109868  50.249  7.920  3.046 0.0000000000
100072  43.694  -1.427  -3.798 0.0000000000
100950  43.844  -0.720  -4.147 0.0000000000
100080  43.989  -1.457  -4.308 0.0000000000
100097  47.879  -2.063  -7.470 0.0000000000
99167  47.489  -2.487  -7.729 0.0000000000
109916  38.014  8.586  -1.114 0.0000000000
105693  45.126  4.532  8.451 0.0000000000
105692  46.277  4.902  8.575 0.0000000000
104595  45.770  3.843  8.080 0.0000000000
104610  46.271  3.159  7.649 0.0000000000
103560  45.348  3.001  7.732 0.0000000000
103553  40.330  2.511  8.773 0.0000000000
104600  41.034  2.836  8.627 0.0000000000
102564  41.318  1.179  7.928 0.0000000000
100894  41.692  -1.021  3.400 0.0000000000
100884  41.935  -0.198  3.877 0.0000000000
100893  41.994  -0.225  2.937 0.0000000000
101736  42.386  0.584  3.251 0.0000000000
100903  42.115  -0.376  2.072 0.0000000000
115346  43.933  14.131  -1.633 0.0000000000
114513  44.548  13.792  -0.727 0.0000000000
114515  43.230  13.746  -1.257 0.0000000000
113560  43.022  13.278  -0.694 0.0000000000
114526  42.844  13.881  -1.762 0.0000000000
114527  41.728  13.398  -1.717 0.0000000000
114539  42.319  13.966  -2.365 0.0000000000
109971  41.310  8.591  -5.363 0.0000000000
109972  40.622  8.734  -5.195 0.0000000000
109961  40.866  8.086  -4.894 0.0000000000
108945  41.488  7.840  -3.879 0.0000000000
108944  42.196  7.560  -3.999 0.0000000000
104590  50.742  3.822  8.252 0.0000000000
103558  51.028  3.533  7.578 0.0000000000
103570  50.838  3.430  7.272 0.0000000000
105759  47.809  4.076  1.690 0.0000000000
105749  47.991  4.520  2.110 0.0000000000
106862  47.019  4.835  1.870 0.0000000000
106850  46.555  5.566  2.295 0.0000000000
106863  45.855  5.349  1.587 0.0000000000
103689  46.846  2.980  -4.348 0.0000000000
103678  47.022  2.716  -3.378 0.0000000000
103688  47.427  3.118  -3.818 0.0000000000
107934  46.942  6.681  -5.586 0.0000000000
107925  45.660  6.905  -4.111 0.0000000000
108952  45.612  7.338  -4.736 0.0000000000
108961  46.056  7.088  -5.354 0.0000000000
103691  42.391  2.456  -4.839 0.0000000000
103680  42.421  2.601  -3.835 0.0000000000
112653  37.297  11.197  0.006 0.0000000000
112654  36.311  11.113  0.060 0.0000000000
111772  36.253  10.342  -1.127 0.0000000000
112684  37.348  10.903  -1.193 0.0000000000
105634  45.603  5.143  14.142 0.0000000000
105635  44.945  5.095  13.930 0.0000000000
106761  43.619  5.623  12.413 0.0000000000
106760  44.554  5.851  12.323 0.0000000000
106770  44.264  6.073  11.469 0.0000000000
107787  44.627  6.164  10.672 0.0000000000
106792  43.742  5.611  9.455 0.0000000000
112646  48.426  11.679  0.357 0.0000000000
113548  47.985  12.489  -0.067 0.0000000000
113567  47.929  12.302  -1.176 0.0000000000
113570  45.169  12.787  -1.937 0.0000000000
113581  46.190  12.843  -2.078 0.0000000000
113582  45.167  13.098  -1.993 0.0000000000
114538  44.514  13.641  -2.377 0.0000000000
113583  44.301  13.191  -2.733 0.0000000000
113593  43.619  13.550  -3.429 0.0000000000
113584  43.456  12.925  -3.209 0.0000000000
112682  41.583  10.984  -2.467 0.0000000000
112694  41.561  11.506  -3.078 0.0000000000
111786  41.364  10.308  -3.879 0.0000000000
110881  41.869  9.445  -4.085 0.0000000000
103609  48.261  3.205  4.765 0.0000000000
103608  48.973  3.317  5.038 0.0000000000
103619  48.368  2.824  3.855 0.0000000000
103635  48.178  2.501  2.132 0.0000000000
104675  48.196  3.101  1.660 0.0000000000
102713  47.536  2.005  -7.626 0.0000000000
103718  47.619  2.474  -7.138 0.0000000000
103729  47.488  2.464  -7.538 0.0000000000
104766  46.209  2.622  -7.892 0.0000000000
104753  46.822  3.385  -7.648 0.0000000000
105861  46.471  4.426  -7.345 0.0000000000
105849  46.675  4.917  -6.562 0.0000000000
106950  45.812  5.231  -7.112 0.0000000000
105862  45.287  4.437  -7.479 0.0000000000
103723  43.207  1.799  -7.152 0.0000000000
103712  43.514  2.622  -6.929 0.0000000000
103713  42.978  2.187  -6.760 0.0000000000
104745  42.906  2.666  -6.215 0.0000000000
102707  42.222  1.299  -6.508 0.0000000000
101814  41.893  0.512  -6.459 0.0000000000
99158  41.340  -2.272  -6.668 0.0000000000
103537  40.162  2.806  14.015 0.0000000000
104568  40.375  4.065  13.177 0.0000000000
104569  39.850  3.699  13.120 0.0000000000
104573  38.858  4.003  10.947 0.0000000000
104586  38.672  3.199  10.037 0.0000000000
104585  39.343  3.336  9.673 0.0000000000
103555  38.688  2.517  9.624 0.0000000000
109905  49.359  8.729  0.830 0.0000000000
110835  48.649  9.629  0.261 0.0000000000
110823  48.261  9.347  0.282 0.0000000000
110837  47.113  9.925  0.273 0.0000000000
110824  47.805  9.350  0.611 0.0000000000
101773  43.983  0.902  -0.847 0.0000000000
102664  44.848  1.319  -1.196 0.0000000000
101797  44.056  0.399  -4.127 0.0000000000
102688  44.841  1.415  -4.465 0.0000000000
102680  45.454  2.151  -3.929 0.0000000000
102696  45.168  1.319  -5.282 0.0000000000
100089  46.006  -1.302  -5.955 0.0000000000
100088  47.098  -1.628  -6.129 0.0000000000
100964  47.616  -0.607  -7.080 0.0000000000
100965  47.142  -0.320  -6.750 0.0000000000
101810  47.433  0.351  -7.173 0.0000000000
102706  46.541  1.259  -6.409 0.0000000000
102704  47.516  1.380  -7.292 0.0000000000
101817  47.699  0.556  -7.698 0.0000000000
100110  46.559  -1.270  -8.079 0.0000000000
100973  46.843  -0.633  -8.339 0.0000000000
99170  44.586  -1.951  -7.248 0.0000000000
105656  49.934  4.386  11.829 0.0000000000
105655  50.743  4.446  12.130 0.0000000000
105666  49.721  4.445  10.695 0.0000000000
105674  50.431  4.315  9.469 0.0000000000
106758  46.531  5.894  12.459 0.0000000000
106757  47.500  5.483  12.459 0.0000000000
106767  47.237  5.642  11.535 0.0000000000
105691  47.626  4.558  8.411 0.0000000000
105703  48.261  4.188  7.870 0.0000000000
105690  48.953  4.313  8.461 0.0000000000
103571  47.401  3.225  6.831 0.0000000000
102588  46.546  2.248  5.687 0.0000000000
102597  46.275  2.284  4.732 0.0000000000
102598  45.394  1.851  4.531 0.0000000000
105659  40.563  4.950  11.765 0.0000000000
105658  41.299  5.204  12.245 0.0000000000
106784  41.145  5.206  10.417 0.0000000000
104599  41.945  3.256  8.530 0.0000000000
105680  42.021  4.687  9.024 0.0000000000
105696  42.412  4.072  8.611 0.0000000000
105695  43.240  4.236  8.585 0.0000000000
104598  42.937  3.399  8.371 0.0000000000
100866  42.052  -0.756  6.470 0.0000000000
102575  41.667  0.849  7.664 0.0000000000
100857  42.431  -0.211  6.567 0.0000000000
101720  42.762  0.471  5.344 0.0000000000
101709  43.664  0.877  6.388 0.0000000000
101699  43.845  1.149  7.021 0.0000000000
101708  44.508  1.156  6.528 0.0000000000
101718  44.412  1.141  5.858 0.0000000000
102610  43.552  1.625  2.831 0.0000000000
102609  44.456  1.808  3.064 0.0000000000
102633  44.007  1.620  1.301 0.0000000000
102634  43.279  1.215  1.292 0.0000000000
100923  42.559  -0.720  -0.554 0.0000000000
101766  42.585  -0.258  -0.036 0.0000000000
100930  42.702  -0.987  -1.480 0.0000000000
100936  42.996  -1.179  -2.254 0.0000000000
100057  42.979  -1.838  -1.787 0.0000000000
98022  42.909  -3.195  -0.140 0.0000000000
96959  43.782  -3.877  -1.275 0.0000000000
98049  44.239  -3.749  -2.132 0.0000000000
103522  40.544  2.427  15.846 0.0000000000
102528  39.387  1.898  15.821 0.0000000000
102534  40.018  2.003  15.414 0.0000000000
102535  39.457  1.584  15.051 0.0000000000
103530  38.688  1.681  14.188 0.0000000000
102536  38.589  1.270  14.621 0.0000000000
114498  44.762  13.505  1.076 0.0000000000
114497  45.697  13.572  1.342 0.0000000000
114489  43.833  13.027  1.947 0.0000000000
114477  44.004  13.623  3.190 0.0000000000
113553  41.939  12.136  0.804 0.0000000000
112649  41.200  11.670  0.285 0.0000000000
112650  40.332  11.311  0.007 0.0000000000
113576  39.129  12.374  -1.692 0.0000000000
112696  38.661  11.150  -2.494 0.0000000000
114559  41.397  12.869  -4.217 0.0000000000
115376  41.076  13.732  -3.879 0.0000000000
113603  40.628  12.219  -4.425 0.0000000000
110883  39.936  9.336  -4.098 0.0000000000
111796  39.371  10.543  -4.215 0.0000000000
110884  39.078  9.725  -3.783 0.0000000000
110872  38.651  9.599  -2.882 0.0000000000
109938  39.316  8.670  -2.696 0.0000000000
108926  39.568  8.035  -1.985 0.0000000000
108937  39.885  8.460  -2.579 0.0000000000
107898  42.002  6.567  -1.798 0.0000000000
106787  51.587  5.292  10.159 0.0000000000
106811  51.846  4.930  6.954 0.0000000000
106804  51.609  5.146  8.033 0.0000000000
106824  51.503  5.361  5.982 0.0000000000
107823  50.934  6.043  6.437 0.0000000000
105721  51.543  5.081  5.274 0.0000000000
104645  50.015  3.524  4.506 0.0000000000
103607  50.729  3.270  4.451 0.0000000000
104655  50.441  3.441  3.626 0.0000000000
105746  50.753  4.799  2.436 0.0000000000
104665  51.204  4.226  2.759 0.0000000000
106845  51.396  5.588  3.166 0.0000000000
106860  50.374  6.322  1.813 0.0000000000
107865  50.345  6.900  1.481 0.0000000000
107852  49.192  6.454  2.156 0.0000000000
108879  45.622  7.054  2.330 0.0000000000
109882  46.522  7.739  2.223 0.0000000000
109896  45.493  8.041  2.028 0.0000000000
110826  45.773  9.168  1.491 0.0000000000
109897  44.331  8.013  1.651 0.0000000000
102663  45.804  1.545  -1.614 0.0000000000
102643  46.287  1.749  0.179 0.0000000000
102654  46.667  1.790  -0.950 0.0000000000
103656  47.434  2.798  -1.473 0.0000000000
104692  47.348  3.516  -1.113 0.0000000000
104693  47.192  3.702  -0.528 0.0000000000
105823  48.508  4.531  -5.024 0.0000000000
104710  48.305  3.811  -4.427 0.0000000000
105824  48.457  4.780  -4.385 0.0000000000
107905  46.120  5.861  -2.419 0.0000000000
106900  47.474  5.069  -2.900 0.0000000000
106890  46.315  4.994  -1.572 0.0000000000
106880  46.076  5.014  -0.883 0.0000000000
106891  45.695  5.557  -1.355 0.0000000000
106882  44.784  5.757  -0.089 0.0000000000
107895  44.991  5.980  -1.058 0.0000000000
108933  44.516  7.334  -2.493 0.0000000000
108922  44.316  7.189  -1.454 0.0000000000
108923  43.686  7.746  -1.693 0.0000000000
109907  43.188  8.133  0.232 0.0000000000
109915  43.141  8.321  -0.926 0.0000000000
110861  42.693  8.862  -1.174 0.0000000000
109925  43.013  8.580  -1.984 0.0000000000
109958  44.576  8.806  -4.800 0.0000000000
110888  44.186  9.223  -4.393 0.0000000000
110898  44.111  9.390  -5.037 0.0000000000
110899  43.384  9.219  -5.081 0.0000000000
108964  43.779  8.230  -5.218 0.0000000000
105836  45.151  5.273  -5.828 0.0000000000
106927  45.297  5.934  -5.679 0.0000000000
105837  44.698  4.891  -5.493 0.0000000000
105826  43.965  4.574  -4.350 0.0000000000
106919  44.226  6.015  -4.679 0.0000000000
106920  43.935  5.609  -4.070 0.0000000000
107916  43.406  6.222  -3.630 0.0000000000
107908  43.427  5.929  -3.206 0.0000000000
106903  43.505  5.521  -2.962 0.0000000000
103669  42.244  2.911  -2.922 0.0000000000
100081  41.000  -1.217  -4.903 0.0000000000
99137  40.144  -2.032  -4.888 0.0000000000
111745  37.670  10.820  0.682 0.0000000000
112652  38.333  11.329  0.012 0.0000000000
105621  44.433  4.635  14.428 0.0000000000
105622  43.726  4.543  14.344 0.0000000000
105646  43.558  5.199  13.227 0.0000000000
106762  42.660  5.620  12.250 0.0000000000
111755  47.895  10.789  -0.899 0.0000000000
111767  47.315  11.505  -1.365 0.0000000000
112661  46.207  11.589  -1.089 0.0000000000
112678  44.956  12.325  -1.482 0.0000000000
112679  43.924  12.249  -2.065 0.0000000000
112665  42.382  10.940  -1.293 0.0000000000
111770  41.741  10.523  -2.151 0.0000000000
103620  47.420  2.429  3.422 0.0000000000
102618  47.290  1.798  1.780 0.0000000000
101827  46.558  1.043  -8.135 0.0000000000
103731  47.029  2.251  -8.038 0.0000000000
102727  46.173  1.548  -7.973 0.0000000000
103720  45.830  2.256  -7.825 0.0000000000
103721  44.934  2.350  -7.434 0.0000000000
102716  44.236  1.462  -7.545 0.0000000000
102717  43.379  1.370  -7.371 0.0000000000
101821  42.881  0.701  -7.350 0.0000000000
100967  42.282  -0.099  -6.971 0.0000000000
100977  42.675  -0.293  -7.239 0.0000000000
99173  41.843  -2.079  -7.162 0.0000000000
104565  39.171  2.688  13.496 0.0000000000
104570  38.799  3.241  12.896 0.0000000000
104571  38.076  2.893  12.794 0.0000000000
110813  49.184  9.416  2.280 0.0000000000
109879  49.441  8.786  2.495 0.0000000000
109892  49.795  8.434  1.621 0.0000000000
108901  49.296  8.413  0.844 0.0000000000
101781  43.507  0.238  -2.321 0.0000000000
101790  43.574  0.024  -3.216 0.0000000000
100958  44.570  -0.213  -5.189 0.0000000000
100087  47.672  -1.751  -6.520 0.0000000000
100098  47.832  -1.493  -7.129 0.0000000000
100985  47.634  -0.216  -8.002 0.0000000000
100109  47.554  -1.403  -7.902 0.0000000000
99168  46.717  -2.261  -7.773 0.0000000000
105645  49.194  4.650  12.611 0.0000000000
106779  46.004  5.924  10.514 0.0000000000
106778  46.929  5.681  10.642 0.0000000000
105678  46.485  5.316  9.267 0.0000000000
104609  47.147  3.445  7.393 0.0000000000
102578  46.330  2.058  6.631 0.0000000000
102579  45.794  1.594  6.298 0.0000000000
105682  39.935  4.099  9.803 0.0000000000
105681  41.005  4.485  9.446 0.0000000000
104583  41.170  3.630  8.817 0.0000000000
100873  41.996  -0.510  5.006 0.0000000000
100865  42.379  -0.428  5.948 0.0000000000
101730  43.505  1.260  4.765 0.0000000000
102601  42.868  1.286  3.373 0.0000000000
102623  42.846  1.019  1.835 0.0000000000
101749  42.932  0.910  1.157 0.0000000000
101750  42.539  0.462  1.376 0.0000000000
100917  42.376  -0.783  0.327 0.0000000000
100041  42.456  -1.622  -0.045 0.0000000000
98021  43.498  -3.790  0.087 0.0000000000
96940  44.789  -4.390  -0.665 0.0000000000
114512  45.413  13.705  -0.667 0.0000000000
114506  44.728  13.525  0.055 0.0000000000
113542  43.301  12.845  1.030 0.0000000000
113551  43.464  13.148  0.085 0.0000000000
113561  41.764  12.637  -0.597 0.0000000000
113562  40.557  12.680  -1.078 0.0000000000
114516  41.221  13.032  -1.203 0.0000000000
114528  40.690  13.481  -2.038 0.0000000000
114529  39.832  13.221  -2.328 0.0000000000
112708  40.901  11.336  -4.743 0.0000000000
112709  40.254  11.293  -4.553 0.0000000000
111794  40.526  10.251  -4.926 0.0000000000
110892  40.312  9.316  -4.794 0.0000000000
109950  40.350  8.733  -3.810 0.0000000000
108936  40.517  8.103  -2.900 0.0000000000
108946  40.785  8.248  -3.733 0.0000000000
105673  51.224  4.631  9.861 0.0000000000
106797  51.557  5.147  9.255 0.0000000000
104581  51.122  4.144  8.741 0.0000000000
104588  51.589  3.878  7.416 0.0000000000
104618  51.650  3.892  5.957 0.0000000000
106848  48.981  5.400  2.485 0.0000000000
107853  48.154  6.290  2.403 0.0000000000
107854  47.044  6.255  2.516 0.0000000000
107855  46.067  6.301  2.503 0.0000000000
107866  45.393  6.319  1.924 0.0000000000
102670  46.525  2.228  -2.533 0.0000000000
103667  47.048  2.463  -2.551 0.0000000000
103666  47.581  2.850  -2.290 0.0000000000
104706  48.103  3.396  -2.904 0.0000000000
106916  48.374  5.186  -5.296 0.0000000000
106917  48.147  5.439  -4.567 0.0000000000
107923  47.495  5.997  -4.468 0.0000000000
107914  46.375  6.174  -2.965 0.0000000000
107906  45.429  6.408  -2.169 0.0000000000
107915  45.677  6.684  -3.408 0.0000000000
108932  45.080  6.899  -2.999 0.0000000000
108942  44.141  7.988  -3.371 0.0000000000
108943  43.703  8.250  -3.195 0.0000000000
109945  44.993  8.162  -4.523 0.0000000000
109957  45.024  8.213  -5.137 0.0000000000
109967  44.719  8.035  -5.380 0.0000000000
104733  43.803  3.781  -5.759 0.0000000000
105838  44.122  4.413  -5.193 0.0000000000
104722  43.587  3.787  -4.856 0.0000000000
104712  43.518  3.892  -3.893 0.0000000000
105815  43.232  4.137  -3.052 0.0000000000
104713  42.857  3.364  -3.457 0.0000000000
103670  41.793  2.143  -3.233 0.0000000000
107825  49.745  6.946  5.524 0.0000000000
110865  36.735  9.565  -1.254 0.0000000000
110864  37.433  9.667  -1.639 0.0000000000
106739  46.214  5.377  13.958 0.0000000000
106759  45.490  5.966  12.399 0.0000000000
106752  44.800  5.483  13.127 0.0000000000
106769  45.155  6.247  11.357 0.0000000000
106780  45.067  6.133  10.373 0.0000000000
106791  44.761  5.734  9.515 0.0000000000
101690  40.997  0.544  7.739 0.0000000000
100859  40.978  -0.613  7.340 0.0000000000
99992  41.419  -1.474  6.448 0.0000000000
99997  41.577  -1.567  5.426 0.0000000000
100026  41.805  -1.813  2.902 0.0000000000
100025  42.145  -1.489  1.973 0.0000000000
113549  47.459  13.119  0.398 0.0000000000
114521  47.037  13.489  -0.898 0.0000000000
112676  47.185  12.154  -1.890 0.0000000000
114535  46.919  13.397  -1.637 0.0000000000
114522  46.261  13.606  -1.198 0.0000000000
114523  45.423  13.608  -1.512 0.0000000000
115354  44.330  14.016  -2.031 0.0000000000
115355  43.605  14.252  -2.204 0.0000000000
115364  42.449  14.364  -2.989 0.0000000000
115373  43.192  14.207  -3.334 0.0000000000
114550  42.981  13.790  -3.551 0.0000000000
113595  41.823  12.485  -3.725 0.0000000000
113585  42.624  12.614  -3.218 0.0000000000
113586  42.023  12.293  -3.159 0.0000000000
111793  41.175  10.318  -4.755 0.0000000000
110901  41.570  9.435  -5.262 0.0000000000
104622  49.695  3.560  6.981 0.0000000000
103582  49.970  3.501  6.342 0.0000000000
103596  49.455  3.404  5.586 0.0000000000
104646  49.353  3.416  4.661 0.0000000000
104656  49.243  3.393  3.683 0.0000000000
103628  48.226  2.524  2.914 0.0000000000
104657  48.744  2.852  3.231 0.0000000000
105758  48.465  3.590  1.988 0.0000000000
104677  46.948  3.971  0.475 0.0000000000
103699  47.266  2.841  -5.824 0.0000000000
104720  47.540  3.400  -4.712 0.0000000000
104742  47.725  3.147  -6.458 0.0000000000
104729  47.852  3.611  -6.122 0.0000000000
105833  48.169  4.101  -6.052 0.0000000000
104764  46.962  2.806  -7.808 0.0000000000
105859  47.657  3.531  -7.233 0.0000000000
106937  47.869  4.793  -6.300 0.0000000000
105834  47.129  4.905  -5.947 0.0000000000
106926  46.920  5.729  -6.007 0.0000000000
107940  46.446  6.160  -6.070 0.0000000000
107935  45.843  6.465  -5.760 0.0000000000
107941  46.053  5.954  -6.162 0.0000000000
106951  45.003  5.209  -6.985 0.0000000000
104743  44.248  3.990  -6.492 0.0000000000
104755  44.441  3.389  -7.244 0.0000000000
104756  43.804  2.867  -7.032 0.0000000000
103702  42.347  2.092  -5.848 0.0000000000
102698  41.544  1.093  -5.491 0.0000000000
100091  41.071  -1.465  -5.450 0.0000000000
100968  41.959  -0.428  -6.545 0.0000000000
100101  41.362  -1.551  -6.081 0.0000000000
100102  40.743  -1.886  -5.659 0.0000000000
105639  41.596  4.383  13.530 0.0000000000
105660  39.427  4.416  11.625 0.0000000000
105661  38.930  3.974  12.266 0.0000000000
105670  39.436  4.257  10.490 0.0000000000
102565  40.210  1.241  8.350 0.0000000000
112641  48.522  11.654  1.458 0.0000000000
111754  48.448  10.764  -0.162 0.0000000000
111736  49.229  10.028  1.474 0.0000000000
110849  48.321  10.280  -0.355 0.0000000000
111739  47.352  10.349  -0.517 0.0000000000
102644  45.349  1.560  0.396 0.0000000000
102671  45.856  2.007  -2.741 0.0000000000
103690  46.055  2.601  -4.621 0.0000000000
103700  46.770  2.505  -5.524 0.0000000000
99146  44.685  -1.646  -5.074 0.0000000000
100090  44.991  -1.159  -5.420 0.0000000000
100100  46.839  -0.910  -6.394 0.0000000000
100966  46.181  -0.190  -6.430 0.0000000000
101804  45.319  0.539  -5.841 0.0000000000
102695  45.948  1.635  -5.823 0.0000000000
102694  46.683  1.805  -6.184 0.0000000000
103711  47.003  2.066  -6.284 0.0000000000
103710  47.404  2.430  -6.576 0.0000000000
102714  47.643  1.539  -7.676 0.0000000000
100986  47.168  -0.069  -8.318 0.0000000000
101826  47.103  0.919  -8.243 0.0000000000
100987  46.618  0.450  -8.230 0.0000000000
100112  44.225  -1.143  -7.324 0.0000000000
98142  44.045  -2.505  -7.028 0.0000000000
105664  51.210  4.798  11.403 0.0000000000
104591  50.164  4.017  8.166 0.0000000000
106749  47.753  5.265  13.367 0.0000000000
106756  48.354  4.976  12.465 0.0000000000
106777  47.815  5.267  10.633 0.0000000000
105667  48.686  4.659  10.625 0.0000000000
105675  49.363  4.423  9.601 0.0000000000
104592  49.688  4.145  8.235 0.0000000000
104623  48.936  3.547  6.917 0.0000000000
103598  47.505  3.042  5.417 0.0000000000
103585  47.087  2.718  6.245 0.0000000000
102587  46.982  2.671  5.444 0.0000000000
102606  46.880  2.576  4.182 0.0000000000
102607  46.413  2.217  3.560 0.0000000000
102620  45.329  1.838  2.199 0.0000000000
105648  41.912  5.134  12.926 0.0000000000
106763  41.871  5.628  12.083 0.0000000000
106772  42.328  5.826  11.295 0.0000000000
106794  41.768  5.246  9.688 0.0000000000
107789  42.135  5.613  9.874 0.0000000000
106782  42.848  6.022  10.197 0.0000000000
106800  43.556  4.911  8.874 0.0000000000
105694  44.156  4.368  8.412 0.0000000000
102574  42.125  1.002  7.580 0.0000000000
102563  42.379  1.727  7.921 0.0000000000
102562  43.281  2.116  7.776 0.0000000000
102561  43.860  2.342  7.815 0.0000000000
103561  44.378  2.756  7.843 0.0000000000
103574  45.069  2.278  7.593 0.0000000000
102571  45.431  1.701  7.122 0.0000000000
101717  45.127  1.346  6.054 0.0000000000
101728  45.020  1.490  5.414 0.0000000000
102632  44.922  1.792  1.259 0.0000000000
102645  44.368  1.407  0.557 0.0000000000
101757  43.176  0.876  0.623 0.0000000000
101765  43.014  0.354  -0.404 0.0000000000
101774  43.397  0.332  -1.415 0.0000000000
100929  43.001  -0.347  -1.933 0.0000000000
100064  43.373  -1.490  -3.014 0.0000000000
99125  43.731  -2.244  -3.714 0.0000000000
100032  42.359  -1.605  0.922 0.0000000000
99081  42.678  -2.429  -0.497 0.0000000000
98034  43.357  -3.660  -0.817 0.0000000000
98035  42.879  -3.115  -1.069 0.0000000000
99094  42.877  -2.434  -1.313 0.0000000000
99107  43.195  -2.602  -1.981 0.0000000000
98088  43.695  -2.745  -3.269 0.0000000000
104552  41.841  3.378  14.849 0.0000000000
104553  41.043  3.080  14.658 0.0000000000
103538  39.582  2.427  13.930 0.0000000000
102529  38.341  1.285  15.504 0.0000000000
101658  38.100  0.802  14.908 0.0000000000
101664  38.040  0.981  14.639 0.0000000000
113535  42.607  12.469  2.382 0.0000000000
113534  43.137  12.594  1.822 0.0000000000
113543  42.639  12.405  1.378 0.0000000000
113544  42.083  11.892  1.920 0.0000000000
111743  39.812  10.747  0.696 0.0000000000
112651  39.342  11.328  0.028 0.0000000000
113563  39.566  12.306  -1.128 0.0000000000
113564  38.916  12.080  -1.057 0.0000000000
112669  38.121  11.601  -0.848 0.0000000000
112697  38.013  10.847  -1.814 0.0000000000
110873  38.091  9.711  -2.119 0.0000000000
115365  41.538  14.101  -3.314 0.0000000000
114541  40.636  13.776  -3.060 0.0000000000
113587  39.561  12.329  -2.982 0.0000000000
113604  39.967  11.893  -4.225 0.0000000000
112702  39.437  11.442  -3.839 0.0000000000
112695  39.319  11.701  -3.078 0.0000000000
111779  38.607  10.347  -2.996 0.0000000000
109940  38.160  9.131  -1.927 0.0000000000
108927  38.883  8.259  -1.714 0.0000000000
108925  40.672  7.364  -1.697 0.0000000000
107811  50.387  6.371  6.888 0.0000000000
107824  50.279  6.440  5.914 0.0000000000
107834  50.245  6.725  4.740 0.0000000000
103594  50.996  3.417  5.930 0.0000000000
104633  51.337  3.592  5.486 0.0000000000
104632  51.604  3.925  5.042 0.0000000000
104666  50.668  3.905  2.743 0.0000000000
104653  51.666  4.116  3.900 0.0000000000
105729  51.579  4.922  4.675 0.0000000000
106837  51.450  5.496  4.070 0.0000000000
107849  51.137  6.082  3.583 0.0000000000
107842  50.601  6.608  3.678 0.0000000000
108874  50.647  7.406  2.234 0.0000000000
108889  49.593  7.788  1.237 0.0000000000
108890  48.702  7.971  1.333 0.0000000000
108876  48.512  7.226  2.074 0.0000000000
108891  47.960  7.835  1.859 0.0000000000
109894  47.756  8.641  1.421 0.0000000000
110825  46.909  9.357  1.141 0.0000000000
110839  44.922  9.841  1.083 0.0000000000
103641  47.410  2.432  0.375 0.0000000000
103649  47.205  2.238  -1.082 0.0000000000
103648  47.363  2.545  -0.605 0.0000000000
105771  46.527  4.287  0.116 0.0000000000
104711  47.961  3.390  -3.744 0.0000000000
104705  48.325  3.903  -3.592 0.0000000000
105803  48.043  4.345  -2.907 0.0000000000
105813  48.271  4.736  -3.855 0.0000000000
105804  47.379  4.677  -2.364 0.0000000000
105793  47.505  4.119  -1.905 0.0000000000
105782  46.756  4.290  -0.824 0.0000000000
105783  46.105  4.734  -0.326 0.0000000000
105772  45.861  4.793  0.332 0.0000000000
106872  45.166  5.526  0.591 0.0000000000
107876  45.090  6.034  1.262 0.0000000000
107877  44.487  6.428  0.663 0.0000000000
107896  44.688  6.642  -1.303 0.0000000000
107888  43.851  6.858  -0.081 0.0000000000
108893  43.990  7.186  1.184 0.0000000000
109898  43.628  8.152  1.117 0.0000000000
110840  43.767  9.273  0.752 0.0000000000
110862  42.397  9.441  -1.529 0.0000000000
110870  42.322  9.491  -2.496 0.0000000000
109948  43.259  8.882  -3.394 0.0000000000
110880  42.603  9.228  -3.618 0.0000000000
110890  42.622  9.331  -4.585 0.0000000000
110900  42.492  9.226  -5.130 0.0000000000
109960  42.320  8.155  -5.037 0.0000000000
107936  44.980  6.682  -5.393 0.0000000000
108963  44.313  7.632  -5.273 0.0000000000
107926  44.327  6.714  -4.968 0.0000000000
108953  43.930  7.268  -4.860 0.0000000000
108954  43.405  7.834  -4.766 0.0000000000
107928  43.028  7.385  -4.375 0.0000000000
108955  42.370  7.774  -4.588 0.0000000000
107909  42.952  6.285  -2.840 0.0000000000
107897  42.758  5.994  -2.121 0.0000000000
105805  43.444  4.856  -2.740 0.0000000000
105806  42.887  4.496  -2.232 0.0000000000
98143  42.136  -2.710  -7.206 0.0000000000
98050  43.594  -3.416  -1.866 0.0000000000
98144  41.953  -2.488  -7.268 0.0000000000
99117  43.433  -2.401  -2.712 0.0000000000
99118  43.207  -2.181  -2.198 0.0000000000
99166  48.027  -2.640  -7.630 0.0000000000
99985  41.227  -1.107  7.055 0.0000000000
99991  41.959  -0.933  6.195 0.0000000000
100079  44.346  -1.113  -4.768 0.0000000000
100092  40.528  -1.734  -5.163 0.0000000000
100115  41.886  -1.452  -6.730 0.0000000000
100124  47.464  -0.635  -8.186 0.0000000000
100874  41.634  -1.252  4.857 0.0000000000
100942  43.537  -0.744  -3.440 0.0000000000
101697  45.122  1.434  6.967 0.0000000000
101701  41.551  0.360  7.507 0.0000000000
101707  45.140  1.381  6.689 0.0000000000
101764  43.843  1.043  0.003 0.0000000000
101798  43.690  -0.258  -3.742 0.0000000000
101812  46.086  0.799  -6.415 0.0000000000
102556  38.933  1.943  9.270 0.0000000000
102572  44.241  1.811  7.549 0.0000000000
102611  42.843  1.174  2.608 0.0000000000
102635  42.872  0.929  1.414 0.0000000000
102646  43.728  1.315  0.822 0.0000000000
102653  47.108  2.072  -0.681 0.0000000000
102687  45.497  1.990  -4.936 0.0000000000
102708  41.689  0.959  -6.140 0.0000000000
102718  42.775  1.322  -7.091 0.0000000000
102724  47.440  2.106  -7.762 0.0000000000
102726  46.846  1.619  -8.153 0.0000000000
103559  50.821  3.551  7.659 0.0000000000
103562  43.493  2.778  8.028 0.0000000000
103565  40.777  1.980  8.462 0.0000000000
103566  40.002  1.917  8.679 0.0000000000
103569  51.077  3.356  6.964 0.0000000000
103573  45.845  2.400  7.461 0.0000000000
103580  51.042  3.385  6.507 0.0000000000
103581  50.685  3.412  6.604 0.0000000000
103597  48.570  3.334  5.580 0.0000000000
103599  47.033  2.653  5.699 0.0000000000
103606  51.069  3.297  5.022 0.0000000000
103617  51.024  3.262  3.911 0.0000000000
103658  42.300  3.114  -2.315 0.0000000000
103668  46.574  2.400  -2.939 0.0000000000
103719  47.578  1.970  -7.293 0.0000000000
103730  47.330  2.327  -7.755 0.0000000000
103732  46.486  2.183  -8.000 0.0000000000
104561  42.653  4.293  14.029 0.0000000000
104589  51.261  3.890  7.934 0.0000000000
104603  51.727  3.813  6.802 0.0000000000
104604  51.370  3.586  7.206 0.0000000000
104605  50.639  3.549  7.488 0.0000000000
104608  48.213  3.761  7.262 0.0000000000
104620  50.638  3.446  7.120 0.0000000000
104621  50.321  3.503  7.025 0.0000000000
104634  49.721  3.442  5.094 0.0000000000
104635  49.378  3.374  5.120 0.0000000000
104643  51.650  3.945  4.267 0.0000000000
104644  51.415  3.583  4.590 0.0000000000
104654  51.396  3.789  3.577 0.0000000000
104730  47.545  3.270  -5.809 0.0000000000
104731  47.228  3.075  -5.372 0.0000000000
104741  47.853  3.371  -6.728 0.0000000000
104752  47.393  3.222  -7.481 0.0000000000
104763  47.402  2.770  -7.547 0.0000000000
105620  45.190  4.592  14.632 0.0000000000
105636  44.067  5.081  13.747 0.0000000000
105651  39.373  4.003  12.547 0.0000000000
105668  40.930  4.896  10.057 0.0000000000
105679  42.694  4.608  8.869 0.0000000000
105683  39.378  3.908  10.000 0.0000000000
105686  51.531  4.173  7.791 0.0000000000
105687  51.442  4.474  8.514 0.0000000000
105688  50.419  4.080  8.662 0.0000000000
105700  51.796  4.289  7.274 0.0000000000
105702  48.750  4.060  7.771 0.0000000000
105711  51.848  4.334  6.456 0.0000000000
105728  51.638  4.335  4.546 0.0000000000
105736  51.665  4.239  4.115 0.0000000000
105737  51.652  4.641  3.818 0.0000000000
105761  45.814  4.957  0.917 0.0000000000
105781  47.187  4.121  -1.376 0.0000000000
105812  48.440  4.337  -4.137 0.0000000000
105835  46.697  5.237  -6.144 0.0000000000
105847  47.950  4.021  -6.860 0.0000000000
105850  45.135  5.217  -6.255 0.0000000000
105851  44.808  4.809  -6.331 0.0000000000
105860  47.356  3.869  -7.300 0.0000000000
106738  46.941  5.302  14.095 0.0000000000
106773  41.385  5.478  11.314 0.0000000000
106774  40.802  5.217  10.923 0.0000000000
106781  44.142  6.046  10.489 0.0000000000
106785  40.786  5.089  10.628 0.0000000000
106788  47.383  5.324  9.960 0.0000000000
106789  46.644  5.517  9.840 0.0000000000
106795  41.193  4.997  9.875 0.0000000000
106798  45.299  5.274  8.872 0.0000000000
106801  43.058  4.745  8.912 0.0000000000
106803  51.723  4.705  7.526 0.0000000000
106823  51.767  4.779  6.226 0.0000000000
106831  51.340  5.507  4.952 0.0000000000
106846  50.894  5.858  2.250 0.0000000000
106859  50.594  6.472  1.854 0.0000000000
106861  47.646  4.642  2.026 0.0000000000
106873  44.667  6.022  0.218 0.0000000000
106901  46.720  5.314  -2.426 0.0000000000
106909  47.825  5.203  -3.587 0.0000000000
106911  43.649  5.626  -3.454 0.0000000000
106918  47.475  5.770  -4.060 0.0000000000
106925  47.750  5.548  -5.628 0.0000000000
106936  48.117  4.453  -6.269 0.0000000000
106940  45.096  5.221  -6.507 0.0000000000
106949  46.352  5.118  -6.956 0.0000000000
107781  44.489  6.194  10.943 0.0000000000
107786  44.796  6.278  10.897 0.0000000000
107788  42.330  5.807  10.032 0.0000000000
107794  42.454  5.673  9.777 0.0000000000
107795  42.266  5.457  9.651 0.0000000000
107835  49.791  7.178  4.942 0.0000000000
107841  50.928  6.057  4.379 0.0000000000
107851  49.813  6.657  1.541 0.0000000000
107864  50.724  6.791  1.950 0.0000000000
107867  44.728  6.621  1.404 0.0000000000
107878  44.021  6.726  0.263 0.0000000000
107886  44.832  5.848  -0.492 0.0000000000
107918  42.153  7.442  -3.685 0.0000000000
108855  49.717  7.429  4.318 0.0000000000
108864  50.517  7.391  3.072 0.0000000000
108865  50.057  7.736  3.541 0.0000000000
108877  47.422  7.227  2.348 0.0000000000
108888  50.369  7.553  1.611 0.0000000000
108894  43.560  7.663  0.754 0.0000000000
108902  49.070  8.305  0.809 0.0000000000
108903  43.979  6.857  0.643 0.0000000000
108904  43.644  7.199  0.367 0.0000000000
108913  44.272  6.896  -0.925 0.0000000000
108956  41.571  7.900  -5.037 0.0000000000
108965  42.038  8.062  -5.178 0.0000000000
109878  50.265  8.094  2.464 0.0000000000
109881  47.270  8.030  1.996 0.0000000000
109883  45.989  7.466  2.315 0.0000000000
109906  49.034  8.731  0.526 0.0000000000
109926  42.649  9.114  -2.184 0.0000000000
109927  38.883  8.455  -2.144 0.0000000000
109928  38.396  8.645  -1.693 0.0000000000
109935  43.331  8.490  -2.973 0.0000000000
109937  40.004  8.737  -3.010 0.0000000000
109947  43.853  8.667  -3.559 0.0000000000
109949  40.790  8.310  -4.243 0.0000000000
109952  38.947  9.157  -3.112 0.0000000000
109959  42.692  8.268  -4.897 0.0000000000
109970  42.181  8.579  -5.276 0.0000000000
110822  49.425  9.355  1.796 0.0000000000
110828  43.976  8.618  1.386 0.0000000000
110836  47.906  9.707  -0.162 0.0000000000
110852  42.233  9.927  -0.887 0.0000000000
110863  41.937  9.923  -1.965 0.0000000000
110871  41.875  10.023  -2.484 0.0000000000
110878  44.158  9.054  -3.931 0.0000000000
110879  43.637  9.138  -3.917 0.0000000000
110882  40.268  8.999  -4.377 0.0000000000
110893  39.797  9.931  -4.423 0.0000000000
110894  39.365  10.297  -4.213 0.0000000000
110902  40.838  9.445  -5.300 0.0000000000
111708  48.892  9.702  2.416 0.0000000000
111738  47.857  10.192  -0.564 0.0000000000
111756  46.816  11.200  -1.077 0.0000000000
111757  46.164  11.284  -0.683 0.0000000000
111768  46.898  11.689  -1.616 0.0000000000
111769  42.033  10.394  -1.411 0.0000000000
111777  42.048  9.805  -2.987 0.0000000000
111785  41.784  9.755  -3.456 0.0000000000
111787  39.456  11.028  -4.172 0.0000000000
111788  39.118  10.660  -3.960 0.0000000000
111802  40.768  9.879  -5.254 0.0000000000
112647  45.693  11.143  -0.297 0.0000000000
112648  45.046  11.295  -0.239 0.0000000000
112660  47.704  11.665  -1.297 0.0000000000
112667  39.931  11.843  -0.622 0.0000000000
112675  47.774  12.130  -1.392 0.0000000000
112681  42.070  11.332  -1.958 0.0000000000
112685  36.438  10.757  -0.802 0.0000000000
112689  46.797  12.589  -2.211 0.0000000000
112690  46.617  12.397  -2.107 0.0000000000
112691  43.764  12.700  -2.766 0.0000000000
112692  43.168  12.502  -2.685 0.0000000000
112693  42.326  12.144  -2.663 0.0000000000
112710  39.735  11.286  -4.298 0.0000000000
113557  47.930  12.503  -0.839 0.0000000000
113568  47.511  12.788  -1.399 0.0000000000
113569  45.712  12.730  -1.988 0.0000000000
113572  42.916  13.570  -1.248 0.0000000000
113574  40.501  13.139  -1.552 0.0000000000
113580  47.003  12.996  -2.213 0.0000000000
113592  44.080  13.782  -3.410 0.0000000000
113596  40.253  12.538  -4.052 0.0000000000
113597  39.761  12.283  -3.612 0.0000000000
114507  44.024  13.516  -0.236 0.0000000000
114510  47.089  13.583  -0.025 0.0000000000
114514  43.766  13.868  -0.953 0.0000000000
114517  40.911  13.209  -1.500 0.0000000000
114524  44.823  13.578  -1.881 0.0000000000
114525  43.488  14.030  -1.570 0.0000000000
114530  39.499  12.676  -2.454 0.0000000000
114537  45.381  13.269  -1.863 0.0000000000
114542  39.866  12.978  -3.167 0.0000000000
114543  39.537  12.547  -2.736 0.0000000000
114548  44.293  14.054  -3.227 0.0000000000
114549  43.750  14.091  -3.597 0.0000000000
114551  41.963  13.403  -3.875 0.0000000000
114552  40.783  13.304  -4.027 0.0000000000
114560  41.010  12.705  -4.406 0.0000000000
115345  44.388  13.964  -1.372 0.0000000000
115353  44.757  13.767  -1.615 0.0000000000
115363  43.401  14.453  -2.932 0.0000000000
115366  41.057  13.847  -3.665 0.0000000000
115372  43.830  14.418  -3.322 0.0000000000
115375  41.440  13.780  -3.740 0.0000000000
