#!ascii label  , from subject sub-01 vox2ras=TkReg
1390
60333  7.969  -36.679  43.317 0.0000000000
44695  3.947  -50.488  26.514 0.0000000000
49187  4.084  -45.947  40.862 0.0000000000
56780  3.836  -39.544  39.523 0.0000000000
59345  5.783  -36.982  31.004 0.0000000000
53609  6.316  -41.851  44.611 0.0000000000
59188  3.671  -37.623  44.894 0.0000000000
60393  11.208  -36.796  39.610 0.0000000000
52587  9.562  -43.383  43.190 0.0000000000
45649  6.757  -47.415  41.807 0.0000000000
66047  2.039  -32.401  39.832 0.0000000000
60406  6.308  -36.645  36.613 0.0000000000
67168  1.677  -31.016  35.366 0.0000000000
44549  2.763  -50.430  37.376 0.0000000000
49283  2.250  -46.309  34.317 0.0000000000
53667  3.222  -42.583  40.124 0.0000000000
62754  2.011  -34.696  43.430 0.0000000000
53763  3.789  -42.930  32.485 0.0000000000
55811  6.451  -41.750  28.460 0.0000000000
57070  4.380  -39.773  24.185 0.0000000000
61716  3.225  -34.895  27.780 0.0000000000
56728  6.912  -39.025  44.882 0.0000000000
59184  5.968  -36.840  45.038 0.0000000000
60362  9.664  -36.291  41.241 0.0000000000
56763  9.667  -39.370  41.130 0.0000000000
56748  8.719  -39.612  43.064 0.0000000000
52577  8.084  -42.676  44.575 0.0000000000
67156  1.973  -30.872  37.435 0.0000000000
46734  3.634  -48.039  39.010 0.0000000000
49227  3.013  -46.341  38.090 0.0000000000
52602  3.599  -43.455  40.753 0.0000000000
62736  3.969  -34.148  45.871 0.0000000000
60321  2.571  -36.754  44.487 0.0000000000
47859  5.021  -46.954  41.543 0.0000000000
44520  4.998  -49.879  40.110 0.0000000000
45660  3.863  -48.858  40.019 0.0000000000
43426  3.011  -50.925  38.796 0.0000000000
54707  2.476  -42.493  35.965 0.0000000000
51662  2.843  -44.909  33.307 0.0000000000
56893  3.832  -41.337  34.780 0.0000000000
60438  6.768  -36.153  34.061 0.0000000000
56931  7.317  -39.314  32.908 0.0000000000
58214  9.058  -38.145  28.880 0.0000000000
55835  6.869  -40.555  25.684 0.0000000000
60577  7.197  -36.638  26.979 0.0000000000
51541  5.215  -43.498  42.654 0.0000000000
53618  4.166  -41.405  43.119 0.0000000000
56720  4.969  -39.324  44.871 0.0000000000
61512  5.005  -35.516  45.838 0.0000000000
58047  12.402  -37.658  38.878 0.0000000000
55663  11.219  -40.194  36.899 0.0000000000
55622  10.201  -40.234  39.810 0.0000000000
52601  10.978  -43.489  40.781 0.0000000000
47846  9.037  -45.865  42.884 0.0000000000
50431  6.537  -44.293  43.165 0.0000000000
61578  3.084  -35.394  40.505 0.0000000000
59271  5.336  -37.656  38.847 0.0000000000
62808  3.551  -34.166  38.696 0.0000000000
62844  2.732  -34.204  36.025 0.0000000000
62867  2.744  -33.844  34.074 0.0000000000
62750  11.232  -34.010  43.649 0.0000000000
55642  16.012  -39.464  38.118 0.0000000000
54648  16.671  -40.470  40.297 0.0000000000
59237  14.084  -37.448  41.133 0.0000000000
61561  12.415  -35.198  41.344 0.0000000000
42372  2.303  -52.136  35.479 0.0000000000
44610  2.439  -50.584  33.684 0.0000000000
46776  2.506  -48.302  35.706 0.0000000000
51600  2.389  -43.908  36.932 0.0000000000
56782  3.429  -40.581  40.197 0.0000000000
55593  3.077  -39.902  42.784 0.0000000000
58022  2.735  -38.476  42.319 0.0000000000
60365  2.661  -36.933  41.813 0.0000000000
64972  2.040  -32.995  41.213 0.0000000000
46851  2.282  -48.888  32.291 0.0000000000
48077  3.988  -47.964  31.360 0.0000000000
48095  6.224  -47.554  29.724 0.0000000000
56890  5.508  -40.151  34.585 0.0000000000
53785  5.573  -43.019  30.275 0.0000000000
50621  5.941  -45.655  27.401 0.0000000000
51724  3.693  -44.813  26.327 0.0000000000
52816  2.450  -43.976  24.894 0.0000000000
68342  3.553  -29.553  33.391 0.0000000000
63966  4.232  -33.881  32.183 0.0000000000
62882  5.654  -33.687  29.896 0.0000000000
59381  4.362  -36.154  29.216 0.0000000000
60614  4.416  -36.528  25.403 0.0000000000
59199  7.468  -37.343  44.006 0.0000000000
60326  7.068  -36.830  44.408 0.0000000000
60325  7.553  -35.951  44.223 0.0000000000
60346  8.619  -36.602  42.506 0.0000000000
59225  8.811  -37.582  42.235 0.0000000000
58009  8.152  -38.170  43.277 0.0000000000
56738  7.907  -39.389  43.890 0.0000000000
43579  2.625  -51.720  25.116 0.0000000000
45807  3.496  -49.500  26.597 0.0000000000
49197  3.795  -46.264  39.885 0.0000000000
49213  3.656  -45.772  39.559 0.0000000000
50446  3.931  -44.998  40.643 0.0000000000
58101  12.581  -38.765  36.251 0.0000000000
49181  4.366  -46.279  41.133 0.0000000000
46719  4.503  -47.619  40.844 0.0000000000
47865  4.283  -46.923  40.768 0.0000000000
46727  3.682  -48.190  39.810 0.0000000000
56812  3.676  -41.332  37.858 0.0000000000
55701  3.404  -41.638  35.723 0.0000000000
56836  4.425  -40.840  36.640 0.0000000000
60470  6.322  -36.375  32.351 0.0000000000
60467  8.626  -36.794  31.982 0.0000000000
60522  7.859  -36.414  29.925 0.0000000000
59407  8.140  -36.839  27.279 0.0000000000
60524  6.405  -36.646  29.256 0.0000000000
52581  5.927  -42.636  43.891 0.0000000000
54598  5.362  -41.548  44.347 0.0000000000
55568  5.624  -40.292  45.026 0.0000000000
60311  5.610  -36.160  45.390 0.0000000000
62714  5.620  -34.172  46.500 0.0000000000
59261  12.191  -37.145  39.408 0.0000000000
56778  10.995  -38.850  38.655 0.0000000000
58049  10.451  -38.380  39.632 0.0000000000
54627  9.619  -41.618  42.324 0.0000000000
54637  10.029  -41.803  41.245 0.0000000000
52591  10.393  -43.905  42.305 0.0000000000
50429  9.658  -44.740  43.370 0.0000000000
53607  7.433  -41.786  44.799 0.0000000000
50420  7.783  -43.562  44.183 0.0000000000
51530  6.849  -43.142  44.090 0.0000000000
50432  5.892  -44.157  42.926 0.0000000000
63896  2.550  -33.543  40.186 0.0000000000
62796  3.245  -34.395  39.778 0.0000000000
63902  2.502  -33.232  39.190 0.0000000000
67162  1.677  -30.946  36.249 0.0000000000
63924  2.071  -33.243  36.798 0.0000000000
65015  1.502  -32.623  35.833 0.0000000000
62851  2.539  -33.862  34.979 0.0000000000
65038  2.202  -32.441  34.826 0.0000000000
58037  15.054  -37.991  40.327 0.0000000000
43453  2.500  -51.317  37.041 0.0000000000
44573  2.378  -50.275  36.087 0.0000000000
45693  2.675  -49.501  36.985 0.0000000000
51581  2.712  -44.387  38.649 0.0000000000
50484  2.682  -45.186  37.752 0.0000000000
52617  2.655  -43.514  38.519 0.0000000000
54675  2.833  -42.640  37.918 0.0000000000
55623  3.351  -41.131  40.462 0.0000000000
55581  4.010  -40.191  44.061 0.0000000000
54611  3.376  -40.705  42.677 0.0000000000
56731  2.899  -39.189  43.731 0.0000000000
61528  2.159  -35.750  44.011 0.0000000000
59201  2.040  -37.585  43.422 0.0000000000
60334  1.753  -36.755  42.935 0.0000000000
59241  2.980  -37.888  41.857 0.0000000000
61548  1.801  -35.875  42.356 0.0000000000
62774  1.815  -34.881  41.651 0.0000000000
63868  1.890  -33.822  42.739 0.0000000000
53672  10.920  -42.421  38.002 0.0000000000
53681  11.548  -42.202  36.641 0.0000000000
45664  7.488  -48.109  40.925 0.0000000000
45671  6.934  -48.899  40.204 0.0000000000
44527  6.365  -49.334  40.194 0.0000000000
43415  4.617  -50.452  39.778 0.0000000000
43414  4.956  -50.522  39.745 0.0000000000
44539  3.012  -50.470  37.992 0.0000000000
43444  2.611  -51.372  37.844 0.0000000000
46812  2.068  -48.386  34.234 0.0000000000
45733  2.356  -49.675  33.249 0.0000000000
47999  2.285  -47.692  33.502 0.0000000000
52721  3.578  -43.762  32.912 0.0000000000
49336  2.874  -46.068  32.223 0.0000000000
49334  4.309  -46.599  31.341 0.0000000000
46856  5.033  -48.471  30.702 0.0000000000
50572  4.794  -45.770  30.917 0.0000000000
59270  5.827  -37.197  38.346 0.0000000000
58090  5.739  -39.251  36.518 0.0000000000
58104  6.294  -39.139  35.839 0.0000000000
56973  7.159  -39.991  29.914 0.0000000000
56957  6.233  -40.162  30.923 0.0000000000
54779  6.168  -42.048  29.432 0.0000000000
53791  5.899  -43.214  29.185 0.0000000000
53799  5.876  -43.293  27.781 0.0000000000
50622  4.971  -45.699  26.849 0.0000000000
53800  5.202  -43.403  26.641 0.0000000000
55847  5.430  -40.528  24.752 0.0000000000
53828  3.539  -42.765  25.504 0.0000000000
53830  2.401  -42.659  25.205 0.0000000000
68341  4.535  -29.467  32.710 0.0000000000
66138  3.538  -32.322  32.894 0.0000000000
66136  4.763  -31.707  32.285 0.0000000000
64005  4.059  -33.416  27.920 0.0000000000
62898  4.759  -34.288  28.960 0.0000000000
62884  5.037  -34.589  30.185 0.0000000000
60543  3.615  -35.576  28.105 0.0000000000
59411  4.208  -36.592  27.398 0.0000000000
60560  3.092  -36.678  26.796 0.0000000000
55566  6.852  -40.287  45.267 0.0000000000
56718  6.252  -39.355  45.071 0.0000000000
57984  6.555  -38.021  44.902 0.0000000000
60379  10.710  -36.468  40.017 0.0000000000
58039  9.978  -38.482  40.340 0.0000000000
58030  9.348  -38.257  41.405 0.0000000000
56755  9.196  -39.552  42.203 0.0000000000
54619  9.268  -41.629  43.198 0.0000000000
52582  9.241  -43.270  43.934 0.0000000000
54609  8.634  -41.405  44.191 0.0000000000
55564  7.623  -40.834  44.879 0.0000000000
67140  2.419  -30.956  39.723 0.0000000000
67148  1.940  -31.310  38.751 0.0000000000
67147  2.567  -30.418  38.397 0.0000000000
68274  2.979  -30.011  37.371 0.0000000000
69358  3.188  -29.498  36.322 0.0000000000
46750  2.882  -48.467  38.064 0.0000000000
47913  2.798  -47.414  37.644 0.0000000000
47897  3.249  -47.452  38.357 0.0000000000
50468  3.416  -45.263  39.401 0.0000000000
52607  3.352  -43.060  40.469 0.0000000000
61514  3.649  -35.659  45.453 0.0000000000
60320  3.183  -37.059  44.817 0.0000000000
61521  3.111  -35.334  45.153 0.0000000000
63858  2.647  -34.114  44.509 0.0000000000
63861  2.082  -33.851  44.074 0.0000000000
64960  2.204  -32.827  43.136 0.0000000000
46712  5.819  -47.155  41.957 0.0000000000
44510  5.650  -48.985  40.707 0.0000000000
45652  5.092  -48.104  41.288 0.0000000000
44512  4.608  -49.511  40.230 0.0000000000
44522  3.678  -50.181  39.706 0.0000000000
42298  3.336  -51.798  39.593 0.0000000000
44523  3.398  -50.162  39.339 0.0000000000
45672  3.352  -49.444  38.896 0.0000000000
52682  2.248  -43.673  35.097 0.0000000000
50527  2.382  -45.348  34.037 0.0000000000
53707  2.477  -42.938  34.770 0.0000000000
54735  3.023  -42.496  33.991 0.0000000000
55742  3.573  -41.691  33.590 0.0000000000
60424  6.512  -36.302  34.965 0.0000000000
58119  7.420  -38.443  34.388 0.0000000000
59318  8.211  -37.137  33.447 0.0000000000
58189  8.500  -38.676  31.444 0.0000000000
56991  8.162  -39.940  28.531 0.0000000000
54797  6.897  -41.532  26.867 0.0000000000
57031  8.428  -39.373  26.782 0.0000000000
58251  7.869  -38.610  25.506 0.0000000000
59463  6.639  -38.225  24.716 0.0000000000
62930  2.496  -33.909  26.635 0.0000000000
60581  2.638  -35.338  25.682 0.0000000000
61761  2.474  -34.724  25.226 0.0000000000
50438  4.828  -44.127  41.819 0.0000000000
51550  4.450  -43.757  41.539 0.0000000000
52588  4.935  -42.793  42.665 0.0000000000
54600  4.357  -41.087  43.787 0.0000000000
56721  4.279  -39.273  44.660 0.0000000000
57974  5.562  -38.335  45.164 0.0000000000
59186  4.883  -37.396  45.361 0.0000000000
60313  4.268  -36.505  45.365 0.0000000000
62727  4.495  -34.457  46.204 0.0000000000
58057  13.723  -37.704  38.183 0.0000000000
56807  12.056  -38.798  36.864 0.0000000000
58069  11.864  -38.546  37.913 0.0000000000
56770  10.116  -39.353  40.176 0.0000000000
54650  10.189  -41.263  40.265 0.0000000000
52605  11.117  -43.443  39.891 0.0000000000
46716  8.796  -46.346  41.586 0.0000000000
47856  8.072  -46.263  42.436 0.0000000000
50423  9.002  -44.466  43.806 0.0000000000
49169  8.116  -45.080  43.137 0.0000000000
46706  6.658  -46.476  42.289 0.0000000000
49172  6.069  -45.349  42.037 0.0000000000
49179  5.230  -45.258  41.580 0.0000000000
59255  3.709  -37.498  40.544 0.0000000000
58062  4.444  -39.097  38.742 0.0000000000
60396  4.312  -36.429  39.860 0.0000000000
61589  4.784  -35.190  38.839 0.0000000000
61601  5.279  -35.525  37.702 0.0000000000
63912  2.314  -33.358  38.055 0.0000000000
61619  3.299  -34.249  36.989 0.0000000000
61617  4.535  -35.204  36.197 0.0000000000
60426  4.792  -35.551  35.119 0.0000000000
60456  4.726  -35.475  33.929 0.0000000000
60472  5.080  -35.653  32.865 0.0000000000
62752  9.255  -34.770  43.197 0.0000000000
56805  15.138  -38.217  37.634 0.0000000000
54657  18.714  -40.746  39.956 0.0000000000
53664  18.090  -41.815  41.360 0.0000000000
54659  17.032  -40.593  39.628 0.0000000000
54660  16.511  -40.102  39.236 0.0000000000
55630  15.801  -39.057  39.189 0.0000000000
56806  14.646  -37.881  38.088 0.0000000000
59260  12.968  -37.352  39.370 0.0000000000
60377  12.881  -36.680  40.226 0.0000000000
60360  13.308  -36.430  41.015 0.0000000000
61574  12.187  -35.715  40.575 0.0000000000
61562  10.928  -35.116  41.101 0.0000000000
61545  9.663  -35.223  42.122 0.0000000000
45721  2.406  -49.584  34.689 0.0000000000
47960  2.407  -47.276  35.054 0.0000000000
47929  2.581  -47.401  36.732 0.0000000000
49252  2.428  -45.569  36.362 0.0000000000
50506  2.166  -45.041  35.829 0.0000000000
53683  2.223  -42.885  36.874 0.0000000000
55664  3.108  -42.115  37.375 0.0000000000
56781  3.602  -39.881  39.998 0.0000000000
52594  4.041  -42.642  41.815 0.0000000000
53651  3.429  -41.873  41.502 0.0000000000
54638  3.292  -41.305  41.389 0.0000000000
57997  2.415  -38.421  43.665 0.0000000000
56749  2.739  -39.169  42.775 0.0000000000
55615  3.202  -40.722  41.223 0.0000000000
56772  3.161  -40.202  40.982 0.0000000000
58041  3.389  -38.799  40.994 0.0000000000
58040  3.652  -38.349  40.566 0.0000000000
61579  2.576  -36.092  41.145 0.0000000000
63888  2.220  -33.841  41.041 0.0000000000
66037  2.087  -32.294  40.515 0.0000000000
66018  2.197  -32.291  42.648 0.0000000000
67106  2.425  -31.132  42.056 0.0000000000
67131  2.587  -31.022  40.740 0.0000000000
44548  5.855  -50.399  38.329 0.0000000000
43413  5.506  -50.283  39.648 0.0000000000
48025  2.579  -47.511  32.489 0.0000000000
45752  3.248  -49.363  31.400 0.0000000000
45798  5.760  -49.223  27.786 0.0000000000
56809  4.812  -39.762  37.309 0.0000000000
56892  4.334  -41.120  34.766 0.0000000000
55741  4.155  -41.470  33.378 0.0000000000
56914  6.695  -39.491  33.692 0.0000000000
56945  5.170  -40.774  32.435 0.0000000000
53775  4.801  -43.135  31.312 0.0000000000
51673  5.688  -44.450  30.316 0.0000000000
49395  6.372  -47.012  28.413 0.0000000000
46894  4.512  -48.369  27.122 0.0000000000
48127  4.041  -47.485  27.079 0.0000000000
53814  4.533  -43.052  26.087 0.0000000000
51744  2.879  -45.026  25.607 0.0000000000
69373  3.695  -28.950  35.424 0.0000000000
70462  3.438  -28.248  34.083 0.0000000000
68328  2.606  -29.692  34.071 0.0000000000
66122  2.513  -31.857  33.770 0.0000000000
63968  3.340  -33.527  33.147 0.0000000000
60490  4.765  -35.526  32.048 0.0000000000
63976  5.402  -33.288  31.460 0.0000000000
61672  4.686  -34.903  31.114 0.0000000000
59379  5.302  -36.880  29.552 0.0000000000
59409  5.646  -36.579  27.690 0.0000000000
59443  5.758  -36.858  25.507 0.0000000000
59486  5.077  -37.965  23.673 0.0000000000
59488  3.728  -37.603  23.316 0.0000000000
61527  8.193  -35.137  44.270 0.0000000000
61547  8.354  -36.154  42.955 0.0000000000
59209  8.330  -37.438  42.927 0.0000000000
59210  7.880  -37.636  43.446 0.0000000000
43567  3.639  -51.436  26.072 0.0000000000
43568  3.015  -51.201  25.666 0.0000000000
44696  3.201  -50.465  26.083 0.0000000000
50445  4.183  -44.990  41.059 0.0000000000
58086  13.806  -38.237  36.555 0.0000000000
58100  13.006  -38.545  36.199 0.0000000000
58087  12.830  -38.438  36.680 0.0000000000
47872  3.921  -47.144  40.189 0.0000000000
56793  3.769  -40.323  38.839 0.0000000000
56811  4.098  -40.594  37.747 0.0000000000
56792  4.080  -39.696  38.720 0.0000000000
60488  5.685  -36.722  31.698 0.0000000000
60486  7.561  -36.419  31.340 0.0000000000
60487  6.478  -36.770  31.206 0.0000000000
60523  7.099  -36.464  29.563 0.0000000000
60505  6.508  -36.758  30.143 0.0000000000
53610  5.839  -41.977  44.302 0.0000000000
54588  6.252  -41.148  45.132 0.0000000000
59262  11.012  -37.413  39.367 0.0000000000
58048  11.225  -38.077  39.006 0.0000000000
53639  9.533  -42.671  42.757 0.0000000000
53650  9.833  -42.566  41.926 0.0000000000
52592  9.851  -43.656  42.662 0.0000000000
51544  10.962  -44.438  42.610 0.0000000000
52586  10.324  -43.974  42.956 0.0000000000
50428  10.300  -45.124  43.038 0.0000000000
51539  9.744  -44.010  43.255 0.0000000000
53608  6.904  -41.788  44.755 0.0000000000
52579  6.914  -42.485  44.384 0.0000000000
52580  6.370  -42.521  44.214 0.0000000000
64992  2.197  -32.823  39.503 0.0000000000
68304  1.958  -30.260  35.636 0.0000000000
66078  1.455  -31.632  35.830 0.0000000000
66093  1.620  -31.607  35.235 0.0000000000
65024  1.839  -32.491  35.335 0.0000000000
67181  1.819  -31.294  34.707 0.0000000000
44561  2.539  -50.384  36.686 0.0000000000
52611  3.032  -43.583  39.563 0.0000000000
53670  2.873  -42.800  39.197 0.0000000000
54663  3.186  -42.012  39.822 0.0000000000
56722  3.712  -39.016  44.551 0.0000000000
56730  3.407  -39.299  44.206 0.0000000000
57985  3.318  -38.593  44.523 0.0000000000
61534  1.781  -35.773  43.183 0.0000000000
62761  1.712  -34.832  42.548 0.0000000000
45655  6.940  -47.860  41.415 0.0000000000
45665  6.648  -48.774  40.735 0.0000000000
42297  3.832  -51.558  39.551 0.0000000000
42296  4.388  -51.237  39.532 0.0000000000
47961  2.288  -46.985  34.595 0.0000000000
46829  2.129  -48.500  33.643 0.0000000000
47979  2.155  -47.435  34.053 0.0000000000
52720  3.805  -43.772  32.240 0.0000000000
50549  3.407  -45.303  32.015 0.0000000000
51659  3.826  -44.478  31.841 0.0000000000
50548  4.184  -45.365  31.484 0.0000000000
52719  4.162  -43.781  31.701 0.0000000000
59275  6.262  -37.060  37.392 0.0000000000
58089  6.426  -38.456  36.483 0.0000000000
58088  6.696  -37.814  36.386 0.0000000000
55793  6.872  -40.293  29.601 0.0000000000
55794  6.173  -41.236  29.731 0.0000000000
54787  6.166  -42.544  28.457 0.0000000000
55820  6.436  -42.077  27.199 0.0000000000
55849  3.968  -40.661  24.733 0.0000000000
55839  3.707  -41.443  24.919 0.0000000000
55840  3.241  -41.467  24.684 0.0000000000
69412  5.017  -28.676  32.424 0.0000000000
68340  5.119  -29.422  32.349 0.0000000000
66119  4.873  -30.895  32.474 0.0000000000
66118  5.242  -30.738  32.324 0.0000000000
62914  3.040  -34.194  27.909 0.0000000000
62913  3.754  -34.099  28.306 0.0000000000
61715  3.707  -34.658  28.425 0.0000000000
61702  3.736  -35.126  28.486 0.0000000000
59396  3.262  -36.094  27.576 0.0000000000
60544  3.009  -35.525  27.421 0.0000000000
56717  6.828  -39.438  45.035 0.0000000000
57972  6.646  -38.672  44.901 0.0000000000
60319  6.923  -35.917  44.768 0.0000000000
60380  9.848  -36.703  40.630 0.0000000000
59238  9.485  -37.846  40.991 0.0000000000
59239  9.245  -37.621  41.486 0.0000000000
58008  8.611  -38.459  42.784 0.0000000000
56756  8.880  -39.046  42.507 0.0000000000
56747  9.035  -39.919  42.680 0.0000000000
55600  9.192  -40.532  42.806 0.0000000000
55601  8.808  -40.397  43.329 0.0000000000
55590  8.935  -40.993  43.564 0.0000000000
55591  8.341  -40.351  43.838 0.0000000000
56727  7.343  -39.444  44.655 0.0000000000
55578  7.738  -40.497  44.578 0.0000000000
55579  7.333  -40.066  44.879 0.0000000000
55565  7.301  -40.402  45.047 0.0000000000
68242  3.144  -30.284  39.447 0.0000000000
69333  4.001  -29.295  37.840 0.0000000000
69344  3.665  -29.638  37.218 0.0000000000
68290  2.686  -29.950  36.636 0.0000000000
69343  4.287  -29.544  37.101 0.0000000000
46741  3.302  -48.429  38.692 0.0000000000
47882  3.712  -47.520  38.865 0.0000000000
50454  3.733  -45.155  39.956 0.0000000000
51563  3.534  -44.446  39.797 0.0000000000
52610  3.314  -44.037  39.701 0.0000000000
52606  3.543  -43.723  40.120 0.0000000000
62728  3.902  -34.883  45.862 0.0000000000
61515  3.065  -36.009  45.234 0.0000000000
62737  3.491  -34.559  45.360 0.0000000000
63857  3.230  -33.669  44.853 0.0000000000
63860  2.606  -33.396  44.501 0.0000000000
64956  2.382  -32.701  44.071 0.0000000000
46713  5.276  -47.352  41.606 0.0000000000
45651  5.651  -47.980  41.499 0.0000000000
45659  4.399  -48.623  40.438 0.0000000000
44513  4.057  -49.611  40.012 0.0000000000
44514  3.616  -49.601  39.781 0.0000000000
46733  3.505  -48.529  39.178 0.0000000000
46740  3.366  -48.863  38.854 0.0000000000
45680  3.178  -49.466  38.346 0.0000000000
53699  2.262  -42.958  35.478 0.0000000000
54714  2.562  -42.335  35.200 0.0000000000
55714  3.375  -41.524  34.891 0.0000000000
54722  2.882  -42.135  34.352 0.0000000000
54721  3.111  -41.884  34.038 0.0000000000
54734  3.193  -42.141  33.688 0.0000000000
55726  3.316  -41.634  34.160 0.0000000000
60423  7.307  -36.687  34.664 0.0000000000
60437  7.587  -36.515  33.800 0.0000000000
59377  8.957  -37.167  30.268 0.0000000000
58175  8.891  -37.740  31.789 0.0000000000
58202  9.085  -38.066  29.907 0.0000000000
56971  8.744  -38.921  29.745 0.0000000000
56990  8.750  -39.183  28.718 0.0000000000
57011  8.597  -39.282  27.696 0.0000000000
58225  8.952  -38.315  27.798 0.0000000000
60576  7.594  -36.602  27.232 0.0000000000
59423  8.496  -37.605  26.935 0.0000000000
59424  7.628  -37.005  26.567 0.0000000000
58252  7.114  -38.796  24.949 0.0000000000
59442  7.060  -37.539  25.353 0.0000000000
65097  2.810  -32.910  27.492 0.0000000000
64020  2.396  -33.410  26.850 0.0000000000
62946  2.346  -33.805  26.264 0.0000000000
64032  2.276  -33.802  25.422 0.0000000000
51545  4.936  -43.785  42.146 0.0000000000
51542  4.893  -43.321  42.264 0.0000000000
54590  5.045  -41.060  44.526 0.0000000000
54599  4.914  -41.416  44.067 0.0000000000
55580  4.574  -40.701  44.341 0.0000000000
55570  4.360  -40.007  44.441 0.0000000000
57973  6.217  -38.187  45.071 0.0000000000
56719  5.629  -39.348  45.016 0.0000000000
60312  5.000  -36.284  45.535 0.0000000000
59187  4.229  -37.503  45.142 0.0000000000
61513  4.438  -35.487  45.769 0.0000000000
61504  4.848  -35.101  46.187 0.0000000000
58058  12.645  -37.948  38.317 0.0000000000
58059  11.668  -38.336  38.442 0.0000000000
56779  10.468  -39.207  39.241 0.0000000000
56791  10.684  -39.616  38.571 0.0000000000
55631  10.293  -40.132  39.000 0.0000000000
55614  9.865  -40.443  40.726 0.0000000000
53658  10.447  -42.744  41.080 0.0000000000
54649  10.388  -42.125  40.628 0.0000000000
53666  10.751  -42.746  40.244 0.0000000000
52600  11.385  -44.105  40.436 0.0000000000
51552  11.436  -44.703  40.868 0.0000000000
47869  11.151  -46.123  40.446 0.0000000000
47845  9.551  -45.698  42.665 0.0000000000
46708  8.691  -46.101  41.994 0.0000000000
46709  8.270  -46.524  42.017 0.0000000000
52583  8.654  -42.848  44.316 0.0000000000
51533  8.566  -43.537  44.246 0.0000000000
49164  7.485  -44.134  43.548 0.0000000000
49163  7.922  -44.312  43.502 0.0000000000
49170  7.245  -44.716  43.062 0.0000000000
47848  7.598  -45.829  42.668 0.0000000000
47849  6.830  -45.709  42.532 0.0000000000
47850  6.157  -45.953  42.091 0.0000000000
49171  6.278  -44.953  42.526 0.0000000000
51540  5.552  -43.674  42.988 0.0000000000
50436  5.604  -44.389  42.399 0.0000000000
50437  5.215  -44.310  42.083 0.0000000000
50441  4.917  -44.661  41.559 0.0000000000
60382  3.700  -36.254  40.349 0.0000000000
59266  4.182  -37.420  39.977 0.0000000000
61577  3.495  -35.438  40.176 0.0000000000
62795  3.492  -34.286  39.278 0.0000000000
61590  3.924  -35.109  39.586 0.0000000000
61603  4.129  -34.507  38.473 0.0000000000
61588  5.079  -35.344  38.324 0.0000000000
66063  1.600  -31.960  38.022 0.0000000000
65000  1.851  -32.787  38.553 0.0000000000
62835  2.307  -33.612  36.296 0.0000000000
62834  2.686  -33.862  36.623 0.0000000000
61618  3.878  -34.761  36.524 0.0000000000
61616  5.095  -35.559  35.889 0.0000000000
61628  4.083  -34.983  35.492 0.0000000000
61649  3.056  -34.578  34.576 0.0000000000
60442  4.107  -34.933  34.720 0.0000000000
61648  3.790  -34.855  34.081 0.0000000000
60473  4.524  -35.133  33.443 0.0000000000
62751  10.228  -34.231  43.393 0.0000000000
62744  9.377  -34.223  44.008 0.0000000000
62743  10.363  -33.924  44.267 0.0000000000
55661  16.094  -39.170  37.667 0.0000000000
55680  16.028  -38.773  37.162 0.0000000000
55681  15.818  -38.753  37.322 0.0000000000
55662  15.755  -38.813  37.621 0.0000000000
54634  16.762  -41.484  41.979 0.0000000000
53657  17.252  -41.907  41.920 0.0000000000
54647  17.306  -41.275  40.985 0.0000000000
56788  15.270  -38.405  38.586 0.0000000000
56776  15.276  -38.384  39.563 0.0000000000
58028  14.470  -37.723  41.092 0.0000000000
58038  14.314  -37.646  40.549 0.0000000000
59250  13.318  -37.135  40.086 0.0000000000
60345  13.841  -36.458  42.298 0.0000000000
61560  13.386  -35.817  41.755 0.0000000000
60361  12.579  -35.872  40.674 0.0000000000
61575  11.474  -35.668  40.494 0.0000000000
62758  11.108  -34.187  42.736 0.0000000000
62772  11.137  -34.574  41.842 0.0000000000
62759  10.133  -34.605  42.479 0.0000000000
62760  9.460  -34.987  42.606 0.0000000000
41254  2.335  -53.041  34.887 0.0000000000
45702  2.463  -49.599  36.271 0.0000000000
45712  2.489  -49.817  35.584 0.0000000000
46793  2.478  -48.974  35.545 0.0000000000
46810  2.463  -48.168  35.015 0.0000000000
47943  2.501  -48.020  35.492 0.0000000000
49240  2.694  -46.208  37.079 0.0000000000
50485  2.528  -44.616  37.119 0.0000000000
50495  2.537  -45.293  36.765 0.0000000000
50496  2.407  -44.689  36.466 0.0000000000
51616  2.317  -44.124  36.107 0.0000000000
52632  2.260  -43.268  37.084 0.0000000000
55632  3.340  -41.477  39.504 0.0000000000
54688  3.062  -42.344  37.946 0.0000000000
55646  3.312  -41.776  38.448 0.0000000000
56794  3.522  -40.909  39.161 0.0000000000
52593  4.453  -43.101  41.820 0.0000000000
51551  4.198  -43.645  41.365 0.0000000000
53641  3.479  -41.637  42.034 0.0000000000
54620  3.246  -40.733  42.344 0.0000000000
54628  3.218  -40.989  41.941 0.0000000000
59195  2.393  -37.645  44.088 0.0000000000
59212  2.086  -37.849  42.876 0.0000000000
58010  2.272  -38.339  43.112 0.0000000000
56750  2.674  -38.553  42.499 0.0000000000
55608  3.061  -40.315  41.841 0.0000000000
56765  3.012  -39.716  41.657 0.0000000000
58032  3.024  -38.779  41.791 0.0000000000
58031  3.103  -38.466  41.709 0.0000000000
59240  3.131  -37.765  41.643 0.0000000000
60364  2.994  -37.093  41.428 0.0000000000
60383  3.072  -36.671  40.925 0.0000000000
60384  2.782  -36.675  41.358 0.0000000000
63877  1.739  -33.874  41.852 0.0000000000
62786  2.511  -34.777  40.838 0.0000000000
56808  11.500  -39.172  37.358 0.0000000000
56833  11.671  -39.437  36.627 0.0000000000
44537  6.445  -49.512  39.614 0.0000000000
44547  6.375  -49.640  38.871 0.0000000000
44519  5.767  -49.511  40.279 0.0000000000
42365  2.341  -52.347  36.554 0.0000000000
41240  2.248  -53.063  35.758 0.0000000000
45741  2.323  -49.857  32.245 0.0000000000
44623  2.455  -50.593  32.554 0.0000000000
44651  2.583  -50.742  31.606 0.0000000000
45754  2.645  -50.081  31.627 0.0000000000
51652  2.676  -44.644  33.720 0.0000000000
49312  2.459  -46.272  33.231 0.0000000000
50536  2.488  -45.743  33.128 0.0000000000
48078  3.417  -47.979  31.540 0.0000000000
48054  2.927  -47.289  31.965 0.0000000000
46858  3.762  -48.928  31.335 0.0000000000
45768  3.702  -49.871  31.022 0.0000000000
46867  4.272  -49.315  30.934 0.0000000000
48075  5.513  -47.530  30.483 0.0000000000
45765  5.547  -49.358  29.651 0.0000000000
46865  6.253  -48.481  29.129 0.0000000000
45785  5.947  -49.354  28.665 0.0000000000
46864  6.502  -48.027  28.671 0.0000000000
58061  4.999  -38.522  38.725 0.0000000000
58073  4.707  -39.287  38.010 0.0000000000
58072  5.252  -39.083  37.589 0.0000000000
56862  5.329  -39.991  35.591 0.0000000000
56891  4.897  -40.705  34.718 0.0000000000
56917  4.342  -41.258  33.941 0.0000000000
56934  4.785  -41.145  33.201 0.0000000000
56913  7.445  -38.794  33.774 0.0000000000
56888  7.000  -39.075  34.534 0.0000000000
55776  5.475  -41.366  31.200 0.0000000000
55755  5.469  -40.720  31.618 0.0000000000
55777  4.886  -41.784  32.048 0.0000000000
54771  5.201  -42.286  31.227 0.0000000000
52730  5.316  -43.826  30.723 0.0000000000
52742  5.639  -43.460  30.196 0.0000000000
51707  6.133  -44.752  27.945 0.0000000000
50607  6.230  -45.665  28.525 0.0000000000
49396  6.144  -46.568  27.996 0.0000000000
48125  5.978  -47.488  27.584 0.0000000000
48126  4.996  -47.470  27.151 0.0000000000
49409  4.469  -46.572  27.026 0.0000000000
51723  4.459  -44.884  26.610 0.0000000000
50639  3.189  -45.792  25.915 0.0000000000
55828  6.653  -41.311  26.452 0.0000000000
54808  5.325  -42.103  26.021 0.0000000000
53817  2.297  -43.128  25.838 0.0000000000
53816  3.120  -43.345  25.931 0.0000000000
52798  2.630  -44.037  25.745 0.0000000000
50669  2.645  -45.584  24.597 0.0000000000
70473  3.647  -28.108  33.673 0.0000000000
69400  3.241  -28.853  33.883 0.0000000000
69401  3.027  -29.079  34.304 0.0000000000
68327  3.111  -29.343  33.760 0.0000000000
67192  2.415  -30.750  33.892 0.0000000000
67208  2.815  -31.109  33.604 0.0000000000
65067  3.886  -32.770  32.466 0.0000000000
65068  3.445  -32.745  32.979 0.0000000000
63978  3.669  -33.260  32.663 0.0000000000
62865  4.031  -34.288  32.590 0.0000000000
62864  4.365  -34.138  32.099 0.0000000000
63993  5.990  -33.212  29.458 0.0000000000
63992  6.505  -32.894  30.146 0.0000000000
63984  6.433  -32.730  30.923 0.0000000000
63975  6.061  -32.789  31.345 0.0000000000
63986  5.571  -33.772  30.628 0.0000000000
60525  4.310  -35.594  29.474 0.0000000000
61685  4.745  -34.921  30.292 0.0000000000
61686  4.641  -35.264  30.384 0.0000000000
60507  4.572  -35.768  30.554 0.0000000000
59380  4.780  -36.620  29.364 0.0000000000
59393  5.136  -36.726  28.532 0.0000000000
59445  4.268  -36.609  26.264 0.0000000000
59426  5.311  -36.540  26.651 0.0000000000
59444  4.677  -36.589  25.837 0.0000000000
59465  4.867  -36.926  24.585 0.0000000000
60598  3.242  -35.737  25.130 0.0000000000
57996  7.315  -38.120  44.320 0.0000000000
57983  6.979  -38.390  44.715 0.0000000000
59200  7.086  -37.616  44.465 0.0000000000
61519  7.799  -34.949  44.951 0.0000000000
60363  9.142  -36.826  41.734 0.0000000000
57994  8.217  -38.818  43.377 0.0000000000
57995  7.720  -38.417  43.877 0.0000000000
44707  2.707  -50.570  25.429 0.0000000000
45808  2.882  -49.543  25.853 0.0000000000
47881  3.814  -47.561  39.441 0.0000000000
49198  3.953  -46.951  39.232 0.0000000000
51553  3.925  -43.946  40.918 0.0000000000
47864  4.698  -46.643  41.327 0.0000000000
46714  4.845  -47.490  41.304 0.0000000000
46720  4.121  -47.893  40.313 0.0000000000
55684  3.321  -41.815  36.641 0.0000000000
55702  2.899  -42.044  35.820 0.0000000000
56837  3.917  -41.344  36.678 0.0000000000
60454  6.127  -36.029  33.319 0.0000000000
60452  7.815  -36.471  32.888 0.0000000000
60469  7.202  -36.335  32.148 0.0000000000
60485  8.354  -36.481  31.425 0.0000000000
60521  8.442  -36.591  30.255 0.0000000000
59390  8.869  -37.250  29.211 0.0000000000
60557  8.428  -36.626  28.740 0.0000000000
60558  7.915  -36.289  27.971 0.0000000000
60559  7.061  -36.414  27.531 0.0000000000
52584  5.620  -42.814  43.487 0.0000000000
52585  5.264  -42.741  43.146 0.0000000000
53616  5.433  -42.120  43.775 0.0000000000
59185  5.527  -37.210  45.238 0.0000000000
60302  5.772  -35.433  45.775 0.0000000000
61503  5.391  -35.104  46.152 0.0000000000
55607  9.603  -40.550  41.770 0.0000000000
53659  10.096  -42.607  41.445 0.0000000000
52597  10.609  -43.693  41.515 0.0000000000
49166  9.900  -45.415  42.952 0.0000000000
49167  9.365  -45.393  43.271 0.0000000000
53606  7.806  -41.670  44.784 0.0000000000
51528  7.990  -43.368  44.397 0.0000000000
52578  7.474  -42.551  44.533 0.0000000000
50421  7.359  -43.510  44.079 0.0000000000
50426  7.003  -43.860  43.687 0.0000000000
51535  6.499  -43.425  43.750 0.0000000000
51536  5.945  -43.347  43.463 0.0000000000
62785  2.930  -34.591  40.338 0.0000000000
61591  3.398  -35.061  40.059 0.0000000000
62797  2.858  -33.932  39.964 0.0000000000
62810  2.872  -33.554  39.062 0.0000000000
66070  1.474  -31.865  36.788 0.0000000000
63925  1.677  -33.060  36.140 0.0000000000
63938  2.047  -33.428  36.017 0.0000000000
61640  2.824  -34.463  35.319 0.0000000000
63950  2.258  -33.447  35.519 0.0000000000
62852  2.444  -33.403  34.799 0.0000000000
63961  2.365  -33.080  34.577 0.0000000000
55641  16.400  -39.641  38.065 0.0000000000
54635  16.544  -40.858  41.422 0.0000000000
58027  14.922  -38.009  41.384 0.0000000000
59223  14.565  -37.725  41.678 0.0000000000
61544  12.654  -34.691  42.470 0.0000000000
43462  2.327  -51.132  36.092 0.0000000000
46777  2.512  -48.563  36.376 0.0000000000
51582  2.581  -44.138  37.759 0.0000000000
52618  2.481  -43.405  37.654 0.0000000000
53674  2.491  -42.919  37.489 0.0000000000
53673  2.717  -42.914  38.241 0.0000000000
54674  3.026  -42.284  38.738 0.0000000000
54601  3.882  -40.744  43.489 0.0000000000
53629  3.776  -41.582  42.500 0.0000000000
54610  3.577  -40.711  43.078 0.0000000000
55592  3.305  -40.173  43.071 0.0000000000
55583  3.102  -39.636  43.262 0.0000000000
60327  2.021  -36.719  43.724 0.0000000000
59227  2.294  -37.680  42.486 0.0000000000
59242  2.533  -37.909  42.323 0.0000000000
60349  2.237  -37.227  42.378 0.0000000000
60348  2.152  -36.892  42.340 0.0000000000
61565  2.178  -35.932  41.686 0.0000000000
54687  11.098  -41.473  37.117 0.0000000000
53682  11.106  -42.329  37.271 0.0000000000
46726  7.981  -47.576  41.034 0.0000000000
44530  3.142  -50.466  38.493 0.0000000000
42324  2.441  -52.040  38.840 0.0000000000
43436  2.708  -51.363  38.603 0.0000000000
42351  2.409  -52.250  37.485 0.0000000000
45726  2.178  -49.947  33.881 0.0000000000
45732  2.384  -50.186  33.488 0.0000000000
46844  2.338  -48.686  33.107 0.0000000000
51661  3.270  -44.677  33.043 0.0000000000
49337  2.724  -45.706  32.603 0.0000000000
50550  3.070  -45.275  32.564 0.0000000000
49335  3.500  -46.294  31.734 0.0000000000
48052  4.139  -47.356  31.373 0.0000000000
46857  4.411  -48.586  31.115 0.0000000000
49364  5.158  -46.583  30.749 0.0000000000
49363  6.051  -46.577  30.127 0.0000000000
58060  5.509  -38.190  38.255 0.0000000000
58071  6.042  -38.240  37.473 0.0000000000
58105  5.798  -39.569  35.840 0.0000000000
56861  5.979  -39.751  35.296 0.0000000000
56943  7.178  -39.691  31.819 0.0000000000
56956  6.878  -40.007  30.583 0.0000000000
55775  6.086  -40.479  30.721 0.0000000000
55795  5.811  -41.865  30.356 0.0000000000
53784  5.775  -43.331  29.889 0.0000000000
53792  5.996  -42.726  29.490 0.0000000000
52757  5.970  -43.952  28.569 0.0000000000
51722  5.459  -44.834  26.953 0.0000000000
52776  4.850  -44.150  26.664 0.0000000000
55837  5.226  -41.121  25.300 0.0000000000
55830  5.082  -41.727  25.684 0.0000000000
55838  4.465  -41.434  25.219 0.0000000000
53829  2.916  -42.685  25.381 0.0000000000
51745  1.497  -43.598  25.852 0.0000000000
69413  4.187  -28.698  32.967 0.0000000000
67206  4.278  -30.338  32.837 0.0000000000
67207  3.485  -30.708  33.245 0.0000000000
66137  3.988  -32.048  32.558 0.0000000000
65066  4.607  -32.619  32.047 0.0000000000
63995  5.007  -33.726  28.486 0.0000000000
62897  5.362  -33.880  29.244 0.0000000000
62883  5.344  -34.147  29.992 0.0000000000
61700  4.607  -34.739  29.504 0.0000000000
61701  4.263  -35.056  29.260 0.0000000000
60542  4.099  -35.771  28.686 0.0000000000
59394  4.569  -36.454  28.330 0.0000000000
59395  4.014  -36.113  27.997 0.0000000000
59428  3.912  -36.724  26.590 0.0000000000
60596  4.044  -36.546  25.882 0.0000000000
54587  6.882  -41.105  45.253 0.0000000000
55567  6.276  -40.279  45.241 0.0000000000
59192  6.662  -37.264  44.662 0.0000000000
59183  6.350  -36.427  44.909 0.0000000000
59252  10.563  -37.179  39.730 0.0000000000
59263  10.307  -37.803  39.814 0.0000000000
59253  9.875  -37.525  40.311 0.0000000000
58029  9.597  -38.403  40.954 0.0000000000
58020  9.416  -38.819  41.575 0.0000000000
58021  9.053  -38.497  42.019 0.0000000000
53625  9.211  -42.331  43.756 0.0000000000
53626  8.848  -42.107  44.226 0.0000000000
53615  8.445  -42.096  44.495 0.0000000000
56726  7.764  -39.950  44.235 0.0000000000
54597  7.978  -41.278  44.708 0.0000000000
54585  7.587  -41.071  44.954 0.0000000000
54586  7.339  -41.067  45.122 0.0000000000
67141  1.968  -31.764  39.755 0.0000000000
68258  3.465  -29.736  38.362 0.0000000000
67155  2.484  -30.345  37.587 0.0000000000
68275  2.489  -30.290  37.102 0.0000000000
68291  2.189  -30.295  36.497 0.0000000000
68303  2.476  -29.691  35.937 0.0000000000
45686  2.891  -49.468  37.666 0.0000000000
49214  3.625  -46.348  38.937 0.0000000000
50469  3.042  -45.349  38.719 0.0000000000
51564  3.079  -44.522  39.360 0.0000000000
60314  3.559  -36.692  45.112 0.0000000000
59194  3.059  -37.797  44.627 0.0000000000
60315  2.931  -36.484  44.970 0.0000000000
61522  2.636  -35.702  44.763 0.0000000000
62738  2.942  -34.716  44.779 0.0000000000
62746  2.445  -34.835  44.238 0.0000000000
63864  1.980  -33.718  43.358 0.0000000000
64957  2.046  -33.252  43.656 0.0000000000
45650  6.287  -47.724  41.663 0.0000000000
45656  6.091  -48.604  41.032 0.0000000000
45657  5.439  -48.619  40.996 0.0000000000
44511  5.238  -49.209  40.523 0.0000000000
45653  4.731  -48.126  40.950 0.0000000000
45658  4.900  -48.724  40.777 0.0000000000
43408  4.419  -50.089  39.967 0.0000000000
43416  4.074  -50.511  39.755 0.0000000000
43417  3.567  -50.950  39.427 0.0000000000
44529  3.225  -50.404  38.876 0.0000000000
45667  3.467  -49.132  39.537 0.0000000000
50520  2.113  -45.356  34.561 0.0000000000
51643  2.277  -44.739  34.367 0.0000000000
51644  2.424  -44.514  34.192 0.0000000000
52709  2.810  -43.774  33.993 0.0000000000
53723  2.823  -42.981  34.227 0.0000000000
52722  3.226  -43.845  33.529 0.0000000000
53765  3.232  -43.167  33.495 0.0000000000
53764  3.287  -42.808  33.232 0.0000000000
54755  3.695  -42.147  32.844 0.0000000000
60412  6.378  -36.434  35.824 0.0000000000
59285  6.773  -37.206  36.135 0.0000000000
59297  7.080  -36.964  35.438 0.0000000000
58139  7.850  -38.148  33.815 0.0000000000
56930  7.858  -38.634  33.159 0.0000000000
59331  8.462  -36.914  32.617 0.0000000000
58160  8.503  -37.874  32.626 0.0000000000
56942  8.125  -38.921  32.127 0.0000000000
56955  8.154  -39.152  30.845 0.0000000000
56972  7.871  -39.844  29.657 0.0000000000
55809  7.487  -40.404  28.428 0.0000000000
55819  6.914  -41.527  27.399 0.0000000000
55818  7.461  -40.859  27.384 0.0000000000
57032  8.004  -40.181  26.545 0.0000000000
58235  8.663  -38.537  26.924 0.0000000000
58250  8.408  -38.607  26.192 0.0000000000
57051  7.539  -39.802  25.580 0.0000000000
57052  6.737  -39.862  24.910 0.0000000000
58269  6.334  -38.916  24.498 0.0000000000
58271  4.970  -39.418  24.008 0.0000000000
64006  2.985  -33.437  27.676 0.0000000000
62915  2.702  -34.246  27.096 0.0000000000
61717  2.789  -34.966  27.003 0.0000000000
62916  2.637  -34.594  26.700 0.0000000000
62962  2.385  -34.148  25.082 0.0000000000
43566  4.481  -51.335  26.635 0.0000000000
49186  4.345  -45.227  41.187 0.0000000000
50442  4.510  -44.412  41.391 0.0000000000
51546  4.655  -43.598  41.843 0.0000000000
53628  4.356  -42.078  42.622 0.0000000000
53617  4.810  -41.965  43.201 0.0000000000
56729  3.949  -39.554  44.401 0.0000000000
57977  3.717  -38.421  44.725 0.0000000000
57975  4.901  -38.396  45.136 0.0000000000
57976  4.287  -38.402  44.915 0.0000000000
62715  5.052  -34.622  46.394 0.0000000000
58068  12.574  -38.259  37.470 0.0000000000
56790  11.202  -39.116  38.121 0.0000000000
55644  10.846  -40.250  37.951 0.0000000000
54672  10.506  -41.548  38.510 0.0000000000
53669  10.819  -42.740  39.133 0.0000000000
54661  10.412  -41.946  39.709 0.0000000000
52609  11.325  -43.345  39.132 0.0000000000
46725  8.450  -47.102  41.007 0.0000000000
46717  7.922  -47.264  41.499 0.0000000000
46718  7.417  -47.450  41.592 0.0000000000
46710  7.336  -46.909  42.090 0.0000000000
50422  9.324  -44.455  43.652 0.0000000000
49161  8.978  -45.026  43.550 0.0000000000
50424  8.215  -43.852  43.991 0.0000000000
49162  8.534  -44.658  43.536 0.0000000000
47847  8.398  -45.781  42.842 0.0000000000
46705  7.097  -46.274  42.468 0.0000000000
46711  6.492  -47.119  42.072 0.0000000000
46707  6.173  -46.676  42.122 0.0000000000
47857  5.866  -46.532  42.009 0.0000000000
47858  5.450  -46.253  41.732 0.0000000000
49175  5.859  -44.602  42.457 0.0000000000
49176  5.778  -44.989  41.924 0.0000000000
47863  4.985  -45.959  41.523 0.0000000000
49180  4.621  -45.554  41.351 0.0000000000
58051  4.040  -38.649  39.761 0.0000000000
58050  4.529  -38.259  39.421 0.0000000000
59265  4.835  -37.342  39.447 0.0000000000
60395  4.864  -36.099  39.397 0.0000000000
59264  5.357  -36.850  39.064 0.0000000000
60394  5.454  -35.982  38.630 0.0000000000
60403  5.838  -36.311  37.908 0.0000000000
60407  5.881  -36.073  37.131 0.0000000000
66056  1.794  -32.189  39.079 0.0000000000
65007  1.643  -32.718  37.455 0.0000000000
63911  2.555  -33.495  37.782 0.0000000000
62823  3.601  -34.091  38.005 0.0000000000
61612  3.935  -34.449  37.498 0.0000000000
61611  4.524  -35.082  37.105 0.0000000000
60413  5.730  -36.005  36.254 0.0000000000
60425  5.481  -35.980  35.294 0.0000000000
60439  5.826  -36.102  34.289 0.0000000000
61638  4.083  -34.907  34.970 0.0000000000
60441  4.422  -35.230  34.777 0.0000000000
60455  5.346  -35.878  33.580 0.0000000000
60471  5.575  -36.151  32.566 0.0000000000
60489  5.061  -36.355  31.695 0.0000000000
61532  8.798  -35.196  43.212 0.0000000000
62745  8.688  -34.792  43.824 0.0000000000
54646  18.313  -41.244  40.709 0.0000000000
54670  16.773  -40.109  38.606 0.0000000000
54671  16.331  -39.844  38.529 0.0000000000
55620  16.272  -39.733  39.754 0.0000000000
55629  16.122  -39.512  38.898 0.0000000000
55643  15.757  -38.946  38.303 0.0000000000
58046  13.886  -37.626  39.312 0.0000000000
60392  11.651  -36.897  39.527 0.0000000000
58018  14.930  -38.079  42.399 0.0000000000
59224  14.273  -37.326  42.076 0.0000000000
60378  12.161  -36.314  39.964 0.0000000000
61576  10.375  -35.876  40.705 0.0000000000
61563  9.996  -35.516  41.417 0.0000000000
61564  9.265  -35.957  41.902 0.0000000000
61546  8.911  -35.510  42.713 0.0000000000
44585  2.454  -50.445  35.522 0.0000000000
44584  2.548  -50.381  35.000 0.0000000000
44598  2.365  -50.356  34.250 0.0000000000
45722  2.143  -48.930  34.413 0.0000000000
47978  2.255  -47.748  34.589 0.0000000000
49269  2.053  -46.224  35.074 0.0000000000
46763  2.636  -48.489  37.304 0.0000000000
47944  2.505  -47.540  35.764 0.0000000000
49268  2.363  -46.769  35.464 0.0000000000
49254  2.043  -45.630  35.517 0.0000000000
50512  1.820  -45.180  35.164 0.0000000000
51625  2.110  -44.344  35.428 0.0000000000
52665  2.208  -43.558  35.787 0.0000000000
54698  2.438  -42.553  36.637 0.0000000000
54689  2.645  -42.535  37.305 0.0000000000
50443  4.160  -44.393  41.097 0.0000000000
52598  3.797  -43.116  41.237 0.0000000000
53640  3.707  -42.041  42.045 0.0000000000
52599  3.649  -42.368  41.602 0.0000000000
52603  3.489  -42.703  41.091 0.0000000000
53660  3.347  -42.225  40.804 0.0000000000
57986  2.825  -38.511  44.226 0.0000000000
56740  2.690  -39.106  43.216 0.0000000000
55602  3.041  -40.013  42.319 0.0000000000
54651  3.308  -41.684  40.690 0.0000000000
56764  3.133  -39.279  41.414 0.0000000000
56771  3.295  -39.762  40.754 0.0000000000
58052  3.692  -39.066  40.198 0.0000000000
64982  2.268  -32.957  40.386 0.0000000000
64963  1.918  -32.817  42.175 0.0000000000
66022  2.137  -31.780  42.203 0.0000000000
66029  2.051  -32.119  41.348 0.0000000000
67132  2.156  -31.554  40.584 0.0000000000
68226  2.959  -30.613  40.356 0.0000000000
56832  12.175  -38.972  36.369 0.0000000000
56859  11.893  -39.475  36.156 0.0000000000
55682  11.893  -40.582  35.863 0.0000000000
54696  11.807  -41.453  36.283 0.0000000000
45666  6.221  -49.021  40.600 0.0000000000
44518  6.283  -49.190  40.425 0.0000000000
44528  5.959  -49.940  39.688 0.0000000000
43423  5.468  -50.744  39.181 0.0000000000
43496  2.483  -51.300  32.629 0.0000000000
49297  2.387  -46.559  33.666 0.0000000000
48026  2.467  -47.335  33.114 0.0000000000
46843  2.439  -48.182  32.586 0.0000000000
49310  2.670  -46.848  32.430 0.0000000000
48055  2.842  -47.928  31.915 0.0000000000
45739  2.765  -49.063  31.613 0.0000000000
45769  3.289  -50.084  31.224 0.0000000000
44666  3.441  -50.503  30.801 0.0000000000
45751  4.936  -49.047  30.608 0.0000000000
44694  4.680  -50.400  26.942 0.0000000000
56810  4.449  -39.949  37.683 0.0000000000
56864  4.502  -41.057  35.592 0.0000000000
56834  5.070  -39.876  36.543 0.0000000000
56863  4.834  -40.578  35.620 0.0000000000
55725  3.737  -41.524  33.853 0.0000000000
55757  3.950  -41.709  33.114 0.0000000000
54773  4.103  -42.086  32.567 0.0000000000
58103  7.085  -38.189  35.446 0.0000000000
56889  6.255  -39.676  34.492 0.0000000000
56915  5.832  -40.018  33.680 0.0000000000
56932  6.376  -39.862  32.753 0.0000000000
56933  5.418  -40.344  32.870 0.0000000000
56946  4.985  -41.125  32.788 0.0000000000
54772  4.513  -42.156  32.221 0.0000000000
53762  4.215  -43.262  31.914 0.0000000000
52718  4.617  -43.667  31.354 0.0000000000
51674  4.999  -44.854  30.865 0.0000000000
50571  5.638  -45.521  30.340 0.0000000000
52741  5.911  -43.825  29.869 0.0000000000
50592  6.238  -45.790  29.523 0.0000000000
49383  6.496  -46.688  29.025 0.0000000000
48124  6.288  -47.954  27.904 0.0000000000
46893  5.419  -48.382  27.309 0.0000000000
45806  4.237  -49.768  26.802 0.0000000000
45800  4.103  -49.113  27.041 0.0000000000
46895  3.660  -48.417  26.918 0.0000000000
46908  3.100  -48.528  26.241 0.0000000000
54799  5.050  -42.860  26.274 0.0000000000
53801  4.309  -43.605  26.329 0.0000000000
53827  4.148  -42.803  25.617 0.0000000000
53802  3.651  -43.661  26.235 0.0000000000
51725  3.196  -44.819  25.991 0.0000000000
50656  2.641  -45.772  25.306 0.0000000000
69357  3.991  -29.454  36.225 0.0000000000
69374  2.956  -29.196  35.340 0.0000000000
68315  2.308  -29.583  35.054 0.0000000000
69389  3.363  -28.609  34.596 0.0000000000
69390  2.839  -29.200  34.665 0.0000000000
68316  1.926  -30.369  34.792 0.0000000000
67194  1.985  -31.564  34.515 0.0000000000
66106  2.151  -31.927  34.397 0.0000000000
65060  2.441  -32.788  33.934 0.0000000000
66121  3.353  -31.669  33.182 0.0000000000
65059  2.793  -32.758  33.548 0.0000000000
62866  3.225  -34.111  33.582 0.0000000000
61659  4.131  -34.718  33.123 0.0000000000
65065  5.464  -32.282  31.793 0.0000000000
63977  4.461  -33.619  32.000 0.0000000000
62872  5.218  -34.095  31.020 0.0000000000
62873  4.823  -34.495  31.296 0.0000000000
62874  4.521  -34.600  31.793 0.0000000000
61673  4.608  -35.013  31.693 0.0000000000
60506  4.718  -36.213  30.982 0.0000000000
59362  5.481  -36.966  30.416 0.0000000000
59378  5.888  -36.849  29.789 0.0000000000
59392  5.897  -36.759  28.745 0.0000000000
59425  6.505  -36.613  26.715 0.0000000000
59410  4.876  -36.584  27.546 0.0000000000
59464  5.900  -37.880  24.394 0.0000000000
59485  5.343  -38.465  23.914 0.0000000000
57090  4.315  -39.135  23.913 0.0000000000
60580  2.985  -36.036  25.932 0.0000000000
60597  3.583  -36.231  25.483 0.0000000000
59466  4.117  -36.779  24.028 0.0000000000
59487  4.375  -37.648  23.514 0.0000000000
57072  3.094  -40.335  24.475 0.0000000000
42350  2.425  -52.717  37.136 0.0000000000
43409  4.244  -49.923  40.008 0.0000000000
43470  2.506  -50.572  34.789 0.0000000000
43526  3.515  -51.088  30.502 0.0000000000
43527  3.252  -50.909  30.744 0.0000000000
44597  2.482  -50.242  34.666 0.0000000000
44622  2.514  -50.603  33.138 0.0000000000
44637  2.399  -50.798  32.029 0.0000000000
44668  2.826  -50.551  31.357 0.0000000000
45654  7.447  -47.690  41.364 0.0000000000
45673  3.292  -49.952  38.610 0.0000000000
45679  3.292  -49.055  38.684 0.0000000000
45711  2.573  -50.027  35.152 0.0000000000
45720  2.551  -50.031  34.860 0.0000000000
45727  1.936  -49.196  34.000 0.0000000000
45740  2.461  -49.343  31.811 0.0000000000
45750  5.249  -49.005  30.343 0.0000000000
45753  2.892  -49.701  31.495 0.0000000000
45766  4.829  -49.603  30.429 0.0000000000
45770  2.977  -50.231  31.349 0.0000000000
45784  6.147  -48.934  28.219 0.0000000000
45797  6.129  -48.739  27.959 0.0000000000
45799  4.883  -49.358  27.156 0.0000000000
46792  2.492  -48.326  35.283 0.0000000000
46811  2.363  -48.514  34.796 0.0000000000
46849  3.001  -48.441  31.636 0.0000000000
46850  2.482  -48.467  31.984 0.0000000000
46855  5.628  -48.397  30.007 0.0000000000
46866  4.662  -49.024  30.784 0.0000000000
46877  6.338  -48.381  28.281 0.0000000000
46878  6.201  -48.800  28.563 0.0000000000
46892  6.043  -48.367  27.739 0.0000000000
47851  5.862  -45.626  41.874 0.0000000000
47854  9.136  -45.812  42.192 0.0000000000
47855  8.624  -46.032  42.383 0.0000000000
47959  2.471  -47.877  35.230 0.0000000000
47977  2.394  -47.917  34.904 0.0000000000
47997  2.604  -47.046  32.738 0.0000000000
47998  2.551  -47.236  32.675 0.0000000000
48024  2.586  -47.360  32.536 0.0000000000
48053  3.665  -47.247  31.546 0.0000000000
48076  4.682  -47.594  31.113 0.0000000000
48094  6.550  -47.586  28.962 0.0000000000
48109  6.397  -47.588  28.299 0.0000000000
48110  6.214  -47.152  28.069 0.0000000000
49168  8.752  -45.358  43.284 0.0000000000
49184  11.262  -45.618  40.705 0.0000000000
49239  2.501  -45.713  36.557 0.0000000000
49253  2.357  -46.126  36.053 0.0000000000
49295  2.603  -47.174  32.533 0.0000000000
49296  2.675  -47.062  32.333 0.0000000000
49311  2.533  -46.240  32.761 0.0000000000
49382  6.490  -47.195  28.682 0.0000000000
49408  5.489  -46.565  27.174 0.0000000000
50419  8.017  -43.607  44.212 0.0000000000
50425  7.659  -43.836  43.857 0.0000000000
50427  6.366  -43.805  43.426 0.0000000000
50430  9.271  -44.937  43.523 0.0000000000
50433  5.452  -44.011  42.619 0.0000000000
50494  2.495  -45.437  36.560 0.0000000000
50504  2.450  -45.332  36.436 0.0000000000
50505  2.365  -45.316  36.248 0.0000000000
50519  2.260  -45.037  34.315 0.0000000000
50526  2.366  -44.861  34.177 0.0000000000
50537  2.511  -45.539  33.453 0.0000000000
50551  2.706  -45.375  32.920 0.0000000000
50552  2.587  -45.368  33.196 0.0000000000
50623  3.880  -45.733  26.545 0.0000000000
50624  3.482  -45.267  26.173 0.0000000000
51527  8.207  -43.224  44.412 0.0000000000
51529  7.409  -43.121  44.308 0.0000000000
51531  6.320  -43.016  43.917 0.0000000000
51532  9.303  -44.106  43.773 0.0000000000
51534  8.257  -43.602  44.234 0.0000000000
51537  5.495  -43.233  43.159 0.0000000000
51538  10.435  -44.581  43.102 0.0000000000
51547  4.387  -43.352  41.642 0.0000000000
51555  3.810  -44.231  40.376 0.0000000000
51634  2.165  -44.895  34.494 0.0000000000
51635  2.143  -44.543  34.699 0.0000000000
51658  4.506  -44.308  31.361 0.0000000000
51660  3.526  -44.557  32.490 0.0000000000
51691  6.093  -44.803  29.324 0.0000000000
51726  1.556  -43.354  26.082 0.0000000000
51727  1.273  -43.251  26.094 0.0000000000
51746  1.579  -43.300  25.767 0.0000000000
51764  2.580  -44.833  25.122 0.0000000000
51765  1.647  -43.543  25.677 0.0000000000
51766  1.438  -43.394  25.658 0.0000000000
52589  4.550  -42.792  42.185 0.0000000000
52590  4.151  -42.296  42.260 0.0000000000
52595  3.741  -42.248  41.913 0.0000000000
52649  2.193  -43.414  36.487 0.0000000000
52699  2.465  -43.730  34.481 0.0000000000
52729  5.669  -43.992  30.336 0.0000000000
52775  5.652  -44.038  27.367 0.0000000000
52777  3.996  -44.182  26.435 0.0000000000
52778  3.305  -44.124  26.218 0.0000000000
52779  1.864  -43.171  26.118 0.0000000000
52780  1.552  -43.031  26.162 0.0000000000
52799  2.182  -43.367  25.736 0.0000000000
52800  1.214  -43.105  25.798 0.0000000000
52817  2.143  -43.468  25.382 0.0000000000
52818  1.768  -43.296  25.393 0.0000000000
53614  8.910  -42.547  44.199 0.0000000000
53619  3.829  -41.101  43.066 0.0000000000
53627  4.673  -42.422  42.645 0.0000000000
53630  3.426  -41.168  42.369 0.0000000000
53638  9.832  -43.351  42.195 0.0000000000
53649  10.122  -43.262  41.668 0.0000000000
53665  17.606  -41.871  41.546 0.0000000000
53691  2.158  -42.933  36.195 0.0000000000
53742  3.215  -42.568  33.537 0.0000000000
53743  3.127  -42.936  33.720 0.0000000000
53761  4.414  -43.428  31.584 0.0000000000
53776  4.443  -42.673  31.992 0.0000000000
53777  4.076  -42.362  32.451 0.0000000000
53803  2.073  -43.056  26.168 0.0000000000
53804  1.890  -42.924  26.134 0.0000000000
53815  3.842  -43.230  25.931 0.0000000000
53818  1.892  -42.896  25.807 0.0000000000
54589  5.585  -41.217  44.787 0.0000000000
54608  9.066  -41.595  43.737 0.0000000000
54636  10.307  -42.231  40.997 0.0000000000
54686  11.511  -41.731  36.674 0.0000000000
54697  11.548  -40.778  36.497 0.0000000000
54754  4.300  -41.844  32.631 0.0000000000
54756  3.375  -42.183  33.260 0.0000000000
54780  5.925  -42.409  30.083 0.0000000000
54788  6.127  -42.437  29.379 0.0000000000
54796  7.131  -41.330  26.846 0.0000000000
54798  5.643  -42.580  26.721 0.0000000000
54806  6.976  -41.235  26.571 0.0000000000
54807  6.868  -41.384  26.671 0.0000000000
54809  4.792  -42.365  25.805 0.0000000000
54814  4.034  -42.224  25.208 0.0000000000
54815  3.408  -42.167  24.963 0.0000000000
55569  4.922  -40.288  44.695 0.0000000000
55582  3.472  -39.965  43.559 0.0000000000
55665  2.709  -42.366  36.961 0.0000000000
55685  2.803  -42.241  36.553 0.0000000000
55700  11.859  -39.822  35.801 0.0000000000
55715  2.933  -41.793  35.038 0.0000000000
55727  3.072  -41.698  34.532 0.0000000000
55740  4.537  -41.370  33.121 0.0000000000
55754  5.766  -40.415  31.280 0.0000000000
55756  4.807  -41.357  32.624 0.0000000000
55758  3.506  -41.918  33.310 0.0000000000
55774  6.548  -40.199  30.270 0.0000000000
55792  7.601  -40.154  29.053 0.0000000000
55810  6.769  -40.950  28.458 0.0000000000
55827  7.283  -40.828  26.386 0.0000000000
55829  5.743  -41.655  26.111 0.0000000000
55836  6.076  -40.741  25.351 0.0000000000
55848  4.743  -40.620  24.685 0.0000000000
55850  3.327  -40.782  24.681 0.0000000000
56716  7.179  -39.848  44.996 0.0000000000
56739  7.587  -38.996  44.258 0.0000000000
56757  2.858  -39.147  42.238 0.0000000000
56758  2.710  -38.653  42.344 0.0000000000
56835  4.713  -40.362  36.564 0.0000000000
56858  12.378  -39.056  35.803 0.0000000000
56860  6.569  -39.242  35.160 0.0000000000
56865  3.952  -41.337  35.630 0.0000000000
56912  7.715  -38.533  33.588 0.0000000000
56916  5.090  -40.623  33.813 0.0000000000
56918  3.812  -41.409  34.245 0.0000000000
56935  4.363  -41.362  33.509 0.0000000000
56944  5.986  -40.208  31.630 0.0000000000
56954  8.791  -38.621  30.375 0.0000000000
57012  8.128  -40.105  27.559 0.0000000000
57050  8.196  -39.352  26.005 0.0000000000
57068  5.905  -39.872  24.540 0.0000000000
57069  5.163  -39.938  24.240 0.0000000000
57071  3.529  -40.068  24.413 0.0000000000
57982  7.382  -38.695  44.410 0.0000000000
58011  2.208  -38.027  42.972 0.0000000000
58023  2.516  -38.146  42.505 0.0000000000
58033  2.686  -38.088  42.246 0.0000000000
58070  6.448  -37.802  36.946 0.0000000000
58102  7.366  -37.851  35.056 0.0000000000
58118  7.513  -37.899  34.684 0.0000000000
58140  7.576  -38.473  34.001 0.0000000000
58159  8.797  -37.514  32.145 0.0000000000
58176  8.665  -38.324  31.815 0.0000000000
58188  8.966  -38.198  30.981 0.0000000000
58270  5.493  -39.009  24.090 0.0000000000
58289  5.234  -38.761  23.922 0.0000000000
58290  4.884  -38.886  23.846 0.0000000000
59211  1.889  -37.504  42.948 0.0000000000
59226  1.976  -37.212  42.609 0.0000000000
59236  14.521  -37.737  41.334 0.0000000000
59251  12.669  -36.817  39.886 0.0000000000
59254  9.552  -37.333  40.896 0.0000000000
59256  3.379  -37.669  41.119 0.0000000000
59274  6.505  -37.312  36.720 0.0000000000
59296  7.419  -37.467  34.975 0.0000000000
59307  7.786  -37.281  34.310 0.0000000000
59330  8.727  -37.245  32.274 0.0000000000
59343  8.946  -37.195  31.854 0.0000000000
59344  6.054  -36.967  30.941 0.0000000000
59346  5.296  -36.887  31.080 0.0000000000
59360  9.075  -37.255  31.216 0.0000000000
59361  5.994  -36.931  30.588 0.0000000000
59363  4.947  -36.724  30.463 0.0000000000
59364  4.654  -36.342  30.109 0.0000000000
59391  6.335  -36.584  28.496 0.0000000000
59397  2.819  -35.958  27.197 0.0000000000
59406  8.747  -37.163  28.044 0.0000000000
59408  6.345  -36.506  27.947 0.0000000000
59412  3.507  -36.684  27.159 0.0000000000
59413  2.887  -36.436  27.145 0.0000000000
59414  2.743  -36.091  26.889 0.0000000000
59427  4.519  -36.627  26.714 0.0000000000
59429  3.583  -36.781  26.691 0.0000000000
59440  8.500  -38.094  26.451 0.0000000000
59441  8.103  -37.808  26.035 0.0000000000
60318  7.364  -35.506  44.771 0.0000000000
60332  8.293  -36.835  42.923 0.0000000000
60347  8.310  -36.575  42.940 0.0000000000
60366  2.399  -37.408  42.308 0.0000000000
60381  9.447  -36.946  41.168 0.0000000000
60427  4.472  -35.253  35.212 0.0000000000
60440  5.019  -35.773  34.497 0.0000000000
60453  7.027  -36.034  33.087 0.0000000000
60457  4.206  -35.041  34.330 0.0000000000
60468  8.049  -36.458  32.085 0.0000000000
60484  8.824  -36.812  31.484 0.0000000000
60502  8.705  -36.680  30.884 0.0000000000
60503  8.061  -36.357  30.710 0.0000000000
60504  7.263  -36.557  30.478 0.0000000000
60526  4.035  -35.422  28.776 0.0000000000
60538  8.444  -36.643  29.557 0.0000000000
60539  7.792  -36.313  29.042 0.0000000000
60540  6.868  -36.340  28.562 0.0000000000
60541  6.349  -36.613  28.758 0.0000000000
60561  2.869  -36.298  26.581 0.0000000000
60562  2.709  -35.648  26.636 0.0000000000
60578  3.785  -36.653  26.269 0.0000000000
60579  3.442  -36.587  26.339 0.0000000000
60595  4.357  -36.530  25.717 0.0000000000
61533  8.368  -35.542  43.501 0.0000000000
61602  4.638  -34.944  37.994 0.0000000000
61610  5.175  -35.533  36.713 0.0000000000
61613  3.415  -34.101  37.566 0.0000000000
61626  4.970  -35.612  35.444 0.0000000000
61627  4.641  -35.342  35.535 0.0000000000
61629  3.135  -34.586  35.964 0.0000000000
61630  2.749  -34.335  35.762 0.0000000000
61639  3.633  -34.816  34.926 0.0000000000
61660  3.354  -34.550  33.938 0.0000000000
61714  4.219  -34.598  28.863 0.0000000000
61731  2.563  -34.918  26.372 0.0000000000
62753  8.753  -35.053  43.438 0.0000000000
62773  10.349  -34.947  41.753 0.0000000000
62809  3.185  -33.814  38.868 0.0000000000
62824  2.970  -33.748  37.831 0.0000000000
62825  2.809  -33.511  38.434 0.0000000000
62845  2.504  -33.913  35.803 0.0000000000
62858  2.834  -34.155  34.271 0.0000000000
62859  2.553  -33.630  34.455 0.0000000000
62896  5.611  -33.584  29.378 0.0000000000
62931  2.516  -34.297  26.359 0.0000000000
62947  2.395  -34.089  25.694 0.0000000000
63923  2.507  -33.491  37.418 0.0000000000
63939  1.869  -33.034  35.647 0.0000000000
63951  2.267  -33.068  35.127 0.0000000000
63967  3.967  -33.811  32.435 0.0000000000
63969  2.597  -33.337  33.923 0.0000000000
63974  6.287  -32.548  31.238 0.0000000000
63979  3.282  -33.010  33.154 0.0000000000
63985  6.028  -33.319  30.595 0.0000000000
63994  5.466  -33.448  28.867 0.0000000000
64007  2.697  -33.809  27.440 0.0000000000
64019  2.549  -32.923  27.304 0.0000000000
64953  3.036  -32.720  44.645 0.0000000000
65014  1.498  -32.662  36.501 0.0000000000
65050  2.332  -32.639  34.291 0.0000000000
65058  3.145  -32.353  33.324 0.0000000000
65069  3.176  -32.723  33.294 0.0000000000
66010  2.969  -32.220  44.364 0.0000000000
66071  1.335  -32.206  36.061 0.0000000000
66079  1.494  -32.092  35.500 0.0000000000
66094  1.873  -31.889  34.978 0.0000000000
66105  2.230  -31.721  34.141 0.0000000000
66120  4.084  -31.221  32.733 0.0000000000
66123  2.369  -32.392  33.984 0.0000000000
66135  5.633  -31.103  32.010 0.0000000000
67182  1.929  -31.682  34.714 0.0000000000
67193  2.142  -31.394  34.195 0.0000000000
67205  5.168  -30.200  32.354 0.0000000000
67209  2.413  -31.288  33.863 0.0000000000
67224  5.717  -30.277  31.889 0.0000000000
68329  2.065  -30.688  34.266 0.0000000000
68343  2.906  -30.344  33.584 0.0000000000
70461  3.806  -27.764  34.147 0.0000000000
