#!ascii label  , from subject sub-01 vox2ras=TkReg
1135
59573  31.232  -37.550  18.336 0.0000000000
80021  42.649  -18.664  9.354 0.0000000000
72967  32.697  -25.645  14.926 0.0000000000
48107  11.295  -47.553  27.855 0.0000000000
64055  23.757  -32.536  24.480 0.0000000000
78761  33.716  -20.770  15.100 0.0000000000
52842  17.327  -43.365  22.802 0.0000000000
46905  15.954  -48.504  25.778 0.0000000000
57123  20.613  -39.662  20.917 0.0000000000
80017  46.571  -20.126  8.930 0.0000000000
65193  32.464  -33.132  21.105 0.0000000000
68511  32.825  -30.397  18.385 0.0000000000
61852  35.737  -36.168  20.147 0.0000000000
84879  45.756  -14.789  7.257 0.0000000000
82412  48.575  -17.465  6.196 0.0000000000
83585  39.399  -16.439  11.847 0.0000000000
77642  41.485  -21.832  12.480 0.0000000000
77625  37.608  -21.738  12.984 0.0000000000
70702  37.514  -27.370  15.301 0.0000000000
57105  28.446  -39.981  22.058 0.0000000000
44633  10.615  -51.704  31.127 0.0000000000
42386  6.197  -52.450  32.839 0.0000000000
42349  5.426  -52.873  37.115 0.0000000000
63045  27.691  -33.633  19.744 0.0000000000
60652  24.600  -37.321  21.845 0.0000000000
72919  28.591  -25.390  18.188 0.0000000000
71774  34.032  -27.731  19.818 0.0000000000
87106  50.900  -13.734  2.709 0.0000000000
80019  44.378  -19.517  9.159 0.0000000000
77652  44.111  -21.930  11.605 0.0000000000
63074  32.431  -34.956  18.377 0.0000000000
63085  33.733  -34.568  17.790 0.0000000000
59553  33.731  -37.596  19.277 0.0000000000
83625  42.681  -16.158  9.369 0.0000000000
84843  44.867  -14.601  9.879 0.0000000000
82389  43.859  -16.794  8.420 0.0000000000
82387  45.688  -17.631  7.830 0.0000000000
36672  6.170  -57.541  37.437 0.0000000000
81131  38.050  -18.606  11.847 0.0000000000
82292  36.573  -17.513  14.209 0.0000000000
75193  33.025  -23.049  15.507 0.0000000000
75207  34.758  -23.459  14.289 0.0000000000
71863  34.666  -26.553  14.656 0.0000000000
71824  35.134  -27.899  17.211 0.0000000000
48120  13.694  -48.088  26.548 0.0000000000
45778  15.784  -50.498  28.018 0.0000000000
45781  12.886  -50.053  28.216 0.0000000000
44645  12.760  -51.484  30.314 0.0000000000
45763  10.515  -49.920  29.257 0.0000000000
45725  6.991  -49.170  32.986 0.0000000000
42371  5.555  -52.412  34.798 0.0000000000
64085  26.401  -32.489  21.645 0.0000000000
61861  25.194  -35.443  20.010 0.0000000000
63050  23.077  -34.743  20.620 0.0000000000
52841  21.060  -43.835  22.752 0.0000000000
54827  22.646  -41.655  22.921 0.0000000000
66253  37.028  -31.462  19.612 0.0000000000
68489  33.744  -29.068  19.446 0.0000000000
81088  35.894  -18.390  16.646 0.0000000000
76390  33.958  -21.659  17.736 0.0000000000
75175  32.408  -23.236  16.602 0.0000000000
50681  18.810  -45.931  22.789 0.0000000000
46902  19.173  -48.306  25.563 0.0000000000
50668  16.351  -45.800  23.646 0.0000000000
49424  14.653  -46.183  25.580 0.0000000000
50620  12.928  -45.182  27.531 0.0000000000
61809  21.379  -35.602  22.106 0.0000000000
58288  19.773  -38.007  23.190 0.0000000000
54847  19.242  -41.546  21.611 0.0000000000
68471  30.642  -30.207  22.812 0.0000000000
68481  29.340  -29.480  20.885 0.0000000000
65216  32.430  -32.107  18.807 0.0000000000
65214  35.881  -32.756  18.046 0.0000000000
85996  47.960  -14.010  5.499 0.0000000000
83648  46.951  -15.827  6.429 0.0000000000
81174  48.046  -19.100  7.791 0.0000000000
82364  40.424  -17.222  10.569 0.0000000000
78806  41.960  -20.755  10.937 0.0000000000
79989  39.368  -19.532  11.363 0.0000000000
77623  39.754  -22.073  12.655 0.0000000000
76418  39.685  -23.433  14.362 0.0000000000
78776  35.158  -20.523  13.592 0.0000000000
74036  37.212  -24.228  14.274 0.0000000000
58343  29.762  -39.547  20.033 0.0000000000
57135  32.730  -39.550  20.964 0.0000000000
83564  42.534  -15.258  12.013 0.0000000000
49362  9.327  -47.039  30.335 0.0000000000
45749  8.500  -49.647  30.510 0.0000000000
43493  8.241  -52.023  31.570 0.0000000000
41274  8.699  -54.100  33.056 0.0000000000
40049  7.225  -54.950  34.068 0.0000000000
38961  5.658  -55.273  35.710 0.0000000000
40002  5.203  -54.473  37.709 0.0000000000
39976  4.171  -54.393  39.220 0.0000000000
60717  29.277  -36.315  18.646 0.0000000000
59558  26.817  -37.496  19.103 0.0000000000
58308  25.803  -38.822  21.846 0.0000000000
59520  22.822  -37.936  20.947 0.0000000000
72946  30.251  -25.521  16.290 0.0000000000
69570  28.880  -28.291  18.581 0.0000000000
70665  30.796  -28.044  17.519 0.0000000000
71827  32.252  -27.760  17.072 0.0000000000
58280  35.385  -38.960  22.553 0.0000000000
84928  51.859  -15.330  1.472 0.0000000000
84904  49.487  -15.160  4.038 0.0000000000
83675  51.094  -16.890  3.517 0.0000000000
80020  43.311  -19.347  9.314 0.0000000000
78824  44.136  -20.927  9.955 0.0000000000
78825  43.096  -20.409  9.799 0.0000000000
60736  31.694  -36.671  18.197 0.0000000000
60735  32.671  -36.580  18.059 0.0000000000
59572  32.191  -37.461  18.273 0.0000000000
82376  42.574  -17.209  9.197 0.0000000000
83624  43.318  -16.233  8.827 0.0000000000
81161  43.086  -18.216  9.022 0.0000000000
81160  44.032  -18.438  8.742 0.0000000000
36667  5.471  -57.417  38.080 0.0000000000
82291  37.356  -16.826  14.353 0.0000000000
82271  37.529  -16.969  15.581 0.0000000000
74024  33.098  -24.325  14.855 0.0000000000
72979  33.915  -24.698  14.590 0.0000000000
71864  33.499  -26.672  14.940 0.0000000000
70684  34.975  -28.214  15.818 0.0000000000
70685  34.057  -28.030  15.941 0.0000000000
48122  12.325  -47.514  27.275 0.0000000000
46873  13.280  -49.625  27.419 0.0000000000
46874  12.351  -49.268  27.574 0.0000000000
45782  11.970  -49.755  28.319 0.0000000000
46876  10.525  -48.860  28.472 0.0000000000
64071  25.325  -32.346  22.967 0.0000000000
64127  24.211  -33.259  20.887 0.0000000000
63028  23.075  -33.428  21.499 0.0000000000
51775  21.146  -44.946  24.434 0.0000000000
71737  28.951  -26.392  22.420 0.0000000000
67340  37.510  -30.323  20.808 0.0000000000
75144  33.113  -22.618  17.294 0.0000000000
75122  32.913  -22.628  18.222 0.0000000000
51791  18.062  -45.149  22.647 0.0000000000
50682  17.453  -45.888  23.021 0.0000000000
51793  16.745  -44.663  23.180 0.0000000000
51763  14.977  -44.680  25.565 0.0000000000
50618  14.194  -44.511  26.904 0.0000000000
49425  13.804  -46.148  26.416 0.0000000000
60613  20.893  -35.561  24.537 0.0000000000
55856  17.803  -40.897  23.533 0.0000000000
55865  18.903  -40.547  22.629 0.0000000000
53854  18.177  -42.252  22.367 0.0000000000
52847  18.806  -43.721  21.839 0.0000000000
66256  31.240  -31.503  20.724 0.0000000000
65206  32.337  -32.494  19.583 0.0000000000
61900  35.128  -35.136  18.506 0.0000000000
64149  34.876  -33.686  17.562 0.0000000000
63059  35.997  -34.823  19.190 0.0000000000
64121  37.258  -34.122  20.232 0.0000000000
63041  36.808  -34.837  20.640 0.0000000000
84859  45.360  -14.216  9.300 0.0000000000
85982  47.193  -13.953  6.617 0.0000000000
83642  46.169  -16.140  6.715 0.0000000000
80040  46.108  -19.385  8.414 0.0000000000
81188  46.956  -18.340  7.688 0.0000000000
80039  46.937  -19.484  8.360 0.0000000000
83584  39.994  -16.443  11.448 0.0000000000
81141  39.792  -18.231  10.844 0.0000000000
82350  39.081  -17.182  11.615 0.0000000000
79976  37.584  -19.597  12.223 0.0000000000
78790  38.266  -20.443  12.034 0.0000000000
78773  38.049  -21.037  12.544 0.0000000000
77604  39.363  -22.666  13.230 0.0000000000
77605  38.384  -22.505  13.219 0.0000000000
78740  34.609  -19.778  15.902 0.0000000000
79957  34.791  -19.186  14.846 0.0000000000
78760  34.144  -20.715  14.494 0.0000000000
72976  36.578  -25.411  14.588 0.0000000000
75206  35.814  -23.630  14.205 0.0000000000
74023  36.975  -25.114  14.672 0.0000000000
74021  38.613  -24.792  14.694 0.0000000000
58323  29.074  -39.869  20.677 0.0000000000
57119  29.880  -39.895  21.276 0.0000000000
83553  40.371  -15.591  13.181 0.0000000000
83566  40.636  -15.772  12.296 0.0000000000
83583  40.966  -16.047  11.453 0.0000000000
46904  17.336  -48.891  25.875 0.0000000000
45794  17.373  -50.037  27.321 0.0000000000
44646  11.742  -51.480  30.353 0.0000000000
44617  13.304  -52.145  32.177 0.0000000000
44618  12.485  -52.475  32.115 0.0000000000
43490  11.090  -52.591  32.006 0.0000000000
48051  9.097  -47.027  30.967 0.0000000000
46854  8.913  -48.648  30.179 0.0000000000
46848  8.094  -48.351  31.394 0.0000000000
44621  6.553  -50.946  32.286 0.0000000000
43505  7.225  -50.759  31.600 0.0000000000
42395  7.717  -52.543  32.036 0.0000000000
42394  8.812  -52.872  32.099 0.0000000000
42385  7.139  -53.062  32.472 0.0000000000
41263  8.162  -54.571  33.673 0.0000000000
41276  6.502  -53.398  33.055 0.0000000000
41237  5.427  -53.136  35.986 0.0000000000
41252  5.540  -53.632  35.279 0.0000000000
41238  5.465  -53.634  36.316 0.0000000000
38949  5.566  -55.214  36.257 0.0000000000
41222  5.358  -53.635  37.381 0.0000000000
61830  29.312  -34.014  20.882 0.0000000000
61857  29.637  -34.566  20.006 0.0000000000
61886  28.651  -35.480  18.746 0.0000000000
60718  28.434  -36.960  18.502 0.0000000000
61887  27.187  -35.107  18.691 0.0000000000
60672  25.036  -36.186  20.964 0.0000000000
60671  25.462  -36.849  20.914 0.0000000000
59501  25.545  -37.855  21.634 0.0000000000
59540  20.747  -38.066  20.931 0.0000000000
60675  21.985  -36.953  20.606 0.0000000000
58347  21.695  -38.592  20.611 0.0000000000
55844  23.654  -40.957  23.670 0.0000000000
78786  41.706  -21.284  11.607 0.0000000000
77641  42.594  -21.986  12.394 0.0000000000
77621  42.375  -22.827  13.545 0.0000000000
73972  29.686  -23.817  18.511 0.0000000000
73985  30.285  -24.298  17.224 0.0000000000
72932  29.430  -25.333  17.104 0.0000000000
67367  30.328  -30.491  19.442 0.0000000000
68503  29.556  -29.687  19.455 0.0000000000
68501  30.960  -29.616  18.393 0.0000000000
69555  34.093  -28.587  19.775 0.0000000000
70631  31.839  -28.489  18.509 0.0000000000
71795  32.623  -27.892  18.734 0.0000000000
71828  30.969  -27.725  16.972 0.0000000000
71812  33.393  -27.668  18.169 0.0000000000
71793  34.476  -27.254  19.234 0.0000000000
58321  33.803  -39.099  21.115 0.0000000000
86043  51.746  -14.717  1.682 0.0000000000
84892  48.096  -15.354  5.037 0.0000000000
85995  48.619  -14.240  4.834 0.0000000000
83656  48.760  -16.346  5.016 0.0000000000
82433  50.580  -17.318  4.693 0.0000000000
81216  52.146  -18.580  4.654 0.0000000000
53839  16.749  -42.134  24.125 0.0000000000
52814  16.161  -42.868  24.700 0.0000000000
80018  45.433  -19.843  9.016 0.0000000000
78821  46.832  -21.741  10.343 0.0000000000
78822  45.807  -21.294  10.232 0.0000000000
63060  32.848  -34.127  19.755 0.0000000000
64143  33.114  -33.436  18.371 0.0000000000
63073  32.967  -34.286  18.489 0.0000000000
60733  34.198  -36.518  18.496 0.0000000000
60691  35.155  -36.689  19.746 0.0000000000
83600  45.352  -14.757  10.751 0.0000000000
84844  44.012  -14.819  9.641 0.0000000000
84860  44.353  -14.844  8.912 0.0000000000
84873  44.450  -15.577  8.275 0.0000000000
82401  45.679  -16.793  7.278 0.0000000000
82388  44.494  -17.562  8.331 0.0000000000
81177  45.334  -18.650  8.344 0.0000000000
37849  7.178  -57.144  36.433 0.0000000000
82329  39.409  -15.915  13.212 0.0000000000
82351  38.505  -17.990  11.687 0.0000000000
82309  38.085  -16.579  13.452 0.0000000000
82310  37.171  -17.509  13.185 0.0000000000
79966  36.454  -19.562  13.077 0.0000000000
76420  33.385  -22.312  15.313 0.0000000000
76430  34.319  -22.327  14.243 0.0000000000
74039  34.334  -24.204  14.507 0.0000000000
72977  35.686  -25.564  14.495 0.0000000000
71862  35.836  -26.693  14.573 0.0000000000
70683  36.060  -28.212  15.842 0.0000000000
70646  36.409  -28.101  17.540 0.0000000000
57061  28.252  -40.346  23.859 0.0000000000
46906  14.692  -48.420  26.166 0.0000000000
45795  16.264  -49.947  27.348 0.0000000000
45796  15.252  -49.911  27.272 0.0000000000
45779  14.680  -50.394  27.756 0.0000000000
45745  14.064  -51.374  29.505 0.0000000000
44661  12.140  -50.937  29.621 0.0000000000
44647  10.447  -51.138  30.346 0.0000000000
46841  7.793  -48.147  32.132 0.0000000000
44595  6.465  -49.745  33.976 0.0000000000
43484  5.980  -51.430  33.413 0.0000000000
42378  5.740  -52.316  33.757 0.0000000000
44583  6.261  -50.626  35.196 0.0000000000
43461  5.907  -51.507  36.534 0.0000000000
43452  5.821  -51.592  37.282 0.0000000000
64105  27.247  -32.904  20.702 0.0000000000
63063  26.301  -34.616  19.114 0.0000000000
64125  25.430  -33.324  20.084 0.0000000000
61862  24.351  -35.016  20.228 0.0000000000
61833  23.552  -35.872  20.743 0.0000000000
54834  21.152  -41.826  21.574 0.0000000000
55864  21.877  -41.236  21.532 0.0000000000
53844  22.139  -43.057  23.042 0.0000000000
77602  41.451  -22.943  13.996 0.0000000000
72910  28.352  -25.495  19.488 0.0000000000
67377  35.288  -30.899  18.433 0.0000000000
68499  33.310  -29.679  18.802 0.0000000000
68497  35.289  -30.076  19.248 0.0000000000
68487  35.699  -29.614  20.034 0.0000000000
87088  50.496  -13.486  3.457 0.0000000000
37823  4.012  -56.581  39.050 0.0000000000
79941  35.821  -19.089  17.360 0.0000000000
77579  34.976  -20.098  17.458 0.0000000000
77581  33.522  -21.317  16.652 0.0000000000
76411  33.323  -22.106  16.587 0.0000000000
75194  32.451  -23.631  15.774 0.0000000000
74025  32.214  -24.645  15.495 0.0000000000
50666  20.390  -46.026  24.489 0.0000000000
49440  19.936  -47.087  25.690 0.0000000000
48172  19.108  -47.263  24.464 0.0000000000
48174  17.965  -47.438  24.405 0.0000000000
48162  16.153  -47.534  24.929 0.0000000000
51762  15.610  -44.709  24.659 0.0000000000
49443  15.427  -46.684  24.996 0.0000000000
48143  14.854  -47.390  25.553 0.0000000000
48144  13.890  -47.603  26.169 0.0000000000
49426  13.303  -47.061  26.557 0.0000000000
49407  12.039  -46.842  27.513 0.0000000000
62993  22.129  -33.891  22.949 0.0000000000
61775  21.393  -35.139  23.948 0.0000000000
60655  20.509  -36.708  22.767 0.0000000000
57107  19.918  -39.229  21.714 0.0000000000
57066  19.231  -38.696  23.956 0.0000000000
57108  19.395  -39.871  22.187 0.0000000000
55876  20.277  -40.701  21.293 0.0000000000
53863  19.928  -42.585  21.445 0.0000000000
51790  20.083  -45.121  22.605 0.0000000000
70593  30.422  -28.392  23.817 0.0000000000
70605  29.709  -28.194  22.541 0.0000000000
68479  30.183  -30.148  22.141 0.0000000000
67366  30.809  -31.084  19.989 0.0000000000
67380  32.433  -30.966  18.318 0.0000000000
65223  33.516  -32.858  17.719 0.0000000000
66287  34.304  -32.218  17.449 0.0000000000
66276  35.331  -31.734  17.823 0.0000000000
65204  37.043  -32.376  19.336 0.0000000000
65190  37.815  -32.440  20.471 0.0000000000
85981  47.763  -13.658  6.223 0.0000000000
84893  47.670  -14.891  5.605 0.0000000000
82413  47.792  -16.988  6.176 0.0000000000
82400  46.584  -17.637  7.264 0.0000000000
83641  47.139  -16.755  6.579 0.0000000000
81149  41.960  -18.173  9.669 0.0000000000
78826  42.174  -20.251  10.302 0.0000000000
80003  41.330  -19.416  10.285 0.0000000000
78807  41.089  -20.346  10.883 0.0000000000
78787  40.781  -21.092  11.657 0.0000000000
79990  38.706  -18.931  11.593 0.0000000000
78789  39.128  -20.446  11.714 0.0000000000
77643  40.413  -21.656  12.230 0.0000000000
77603  40.397  -22.632  13.541 0.0000000000
75189  40.724  -23.383  15.200 0.0000000000
81096  36.067  -17.757  15.270 0.0000000000
79967  35.489  -19.406  13.747 0.0000000000
78775  36.054  -20.431  13.176 0.0000000000
76437  34.924  -22.171  13.850 0.0000000000
76428  36.216  -22.835  13.845 0.0000000000
76427  37.391  -22.799  13.470 0.0000000000
75203  38.701  -23.834  14.135 0.0000000000
58368  30.234  -38.800  19.036 0.0000000000
58367  31.281  -38.723  19.287 0.0000000000
58342  30.817  -39.279  19.972 0.0000000000
57102  31.478  -40.213  22.318 0.0000000000
83581  42.783  -15.321  11.032 0.0000000000
83603  42.124  -16.239  10.055 0.0000000000
49379  11.268  -45.726  29.365 0.0000000000
49360  10.499  -45.947  30.113 0.0000000000
48092  10.110  -47.769  28.781 0.0000000000
46862  9.921  -48.797  29.149 0.0000000000
45747  9.764  -50.195  29.790 0.0000000000
44648  9.303  -50.673  30.199 0.0000000000
45738  7.499  -49.599  31.435 0.0000000000
44635  8.187  -50.290  30.909 0.0000000000
43502  9.960  -51.805  31.133 0.0000000000
43483  9.948  -53.020  32.148 0.0000000000
42383  9.781  -53.552  32.985 0.0000000000
38958  8.145  -56.049  35.245 0.0000000000
40050  6.090  -54.527  34.236 0.0000000000
38974  6.564  -55.301  34.498 0.0000000000
37862  7.110  -56.604  35.611 0.0000000000
37850  6.199  -56.588  36.288 0.0000000000
37838  5.484  -56.286  37.165 0.0000000000
37830  5.201  -56.485  38.021 0.0000000000
41208  5.198  -53.541  38.321 0.0000000000
38926  4.559  -55.253  38.549 0.0000000000
38919  4.188  -55.555  38.902 0.0000000000
61905  30.695  -35.654  18.730 0.0000000000
61884  30.578  -35.232  19.492 0.0000000000
60738  29.765  -36.963  18.454 0.0000000000
59556  28.729  -38.060  18.559 0.0000000000
58370  28.345  -38.724  19.233 0.0000000000
58325  27.036  -39.238  20.687 0.0000000000
61888  25.892  -35.613  19.154 0.0000000000
59517  26.186  -38.498  20.604 0.0000000000
58307  26.243  -39.400  21.473 0.0000000000
61834  22.311  -35.392  20.943 0.0000000000
60674  23.597  -37.175  21.186 0.0000000000
57121  22.736  -39.896  21.443 0.0000000000
58309  23.789  -39.084  22.201 0.0000000000
59504  24.220  -38.607  22.124 0.0000000000
78805  42.690  -21.084  10.703 0.0000000000
75146  31.337  -23.444  17.677 0.0000000000
74006  31.092  -24.827  16.269 0.0000000000
71866  31.569  -26.364  15.512 0.0000000000
70606  29.263  -28.274  21.606 0.0000000000
71775  28.466  -26.675  20.113 0.0000000000
70634  28.368  -27.103  18.474 0.0000000000
69563  31.467  -29.055  18.300 0.0000000000
70649  30.252  -28.414  17.741 0.0000000000
71815  28.742  -26.448  17.596 0.0000000000
71845  29.754  -26.665  16.647 0.0000000000
71843  31.219  -27.065  15.857 0.0000000000
70687  32.765  -27.609  15.934 0.0000000000
70664  33.987  -28.075  16.656 0.0000000000
58365  33.148  -38.092  19.479 0.0000000000
59516  34.627  -37.907  20.591 0.0000000000
60644  35.827  -37.105  21.753 0.0000000000
59477  36.203  -37.419  22.708 0.0000000000
60643  36.179  -36.578  21.962 0.0000000000
86054  52.632  -14.965  0.621 0.0000000000
87070  49.847  -13.185  4.168 0.0000000000
86024  50.327  -14.513  3.103 0.0000000000
83655  49.677  -16.763  4.902 0.0000000000
83665  50.445  -16.749  4.190 0.0000000000
84912  50.520  -15.383  2.912 0.0000000000
83686  51.821  -16.772  2.460 0.0000000000
83685  52.267  -17.004  2.126 0.0000000000
80001  42.943  -19.762  9.565 0.0000000000
81162  42.559  -18.065  9.304 0.0000000000
72966  33.846  -25.571  14.692 0.0000000000
70705  34.277  -27.548  15.182 0.0000000000
70706  33.382  -27.468  15.503 0.0000000000
48123  11.819  -47.724  27.523 0.0000000000
46890  12.050  -48.324  27.420 0.0000000000
46891  11.627  -48.080  27.618 0.0000000000
46875  11.413  -48.721  27.869 0.0000000000
48108  10.766  -48.050  28.176 0.0000000000
64072  24.249  -32.420  23.235 0.0000000000
64088  23.588  -32.797  22.346 0.0000000000
64073  23.261  -32.755  23.395 0.0000000000
50652  21.006  -45.903  25.298 0.0000000000
51760  21.156  -45.159  25.472 0.0000000000
71736  29.412  -27.220  23.092 0.0000000000
51792  17.125  -44.430  22.891 0.0000000000
51776  16.683  -44.104  23.280 0.0000000000
53847  17.416  -42.387  23.171 0.0000000000
54829  17.791  -41.670  23.116 0.0000000000
53855  17.712  -42.919  22.551 0.0000000000
52849  17.690  -43.340  22.465 0.0000000000
66255  31.839  -32.218  20.512 0.0000000000
65194  32.242  -32.819  20.384 0.0000000000
61880  35.479  -35.609  19.158 0.0000000000
61879  36.066  -35.143  19.546 0.0000000000
63058  36.541  -34.619  19.708 0.0000000000
61851  36.206  -35.481  20.154 0.0000000000
84872  44.979  -14.803  8.084 0.0000000000
84871  46.083  -13.829  8.477 0.0000000000
85983  46.558  -14.214  7.070 0.0000000000
80016  47.515  -20.280  8.770 0.0000000000
38947  8.889  -56.375  36.567 0.0000000000
82349  39.755  -17.238  11.043 0.0000000000
78774  37.129  -20.469  12.745 0.0000000000
78791  37.733  -20.402  12.361 0.0000000000
78741  34.119  -20.218  15.604 0.0000000000
79958  34.359  -19.904  14.878 0.0000000000
72964  36.457  -26.029  14.592 0.0000000000
72963  37.211  -25.731  14.711 0.0000000000
57104  29.438  -39.921  22.256 0.0000000000
57084  28.881  -39.942  23.091 0.0000000000
83567  39.638  -15.961  12.460 0.0000000000
46886  16.745  -49.302  26.662 0.0000000000
44632  11.412  -51.987  31.379 0.0000000000
44619  11.825  -52.683  32.182 0.0000000000
43501  10.664  -52.029  31.570 0.0000000000
46840  8.405  -47.617  31.630 0.0000000000
43495  6.382  -51.538  32.515 0.0000000000
42396  6.792  -52.275  32.166 0.0000000000
41275  7.614  -53.810  33.003 0.0000000000
42363  5.436  -52.854  36.440 0.0000000000
40015  5.421  -54.468  36.748 0.0000000000
63044  28.535  -33.586  20.447 0.0000000000
61858  28.485  -34.216  19.491 0.0000000000
61859  27.623  -34.277  19.220 0.0000000000
60651  25.141  -36.917  21.767 0.0000000000
60650  25.351  -36.888  21.395 0.0000000000
59502  25.209  -37.991  21.731 0.0000000000
59503  24.838  -38.292  21.937 0.0000000000
58348  20.960  -38.667  20.707 0.0000000000
57141  21.404  -39.225  20.702 0.0000000000
73967  28.959  -24.480  19.004 0.0000000000
73966  29.435  -23.803  19.609 0.0000000000
73973  29.326  -24.555  17.827 0.0000000000
67382  30.717  -30.298  18.762 0.0000000000
68512  32.162  -30.271  18.372 0.0000000000
70616  34.453  -27.972  20.078 0.0000000000
70629  33.573  -28.098  19.684 0.0000000000
71794  33.456  -27.695  19.151 0.0000000000
71773  34.664  -27.370  20.277 0.0000000000
87105  51.877  -13.332  2.617 0.0000000000
86031  52.158  -13.883  1.960 0.0000000000
86032  51.314  -14.402  2.137 0.0000000000
83646  48.179  -16.497  5.611 0.0000000000
83645  49.109  -17.108  5.601 0.0000000000
53838  16.941  -41.525  24.850 0.0000000000
53825  16.797  -41.256  25.691 0.0000000000
54813  17.430  -40.966  25.089 0.0000000000
78838  45.439  -20.697  9.679 0.0000000000
78839  44.721  -20.390  9.544 0.0000000000
78803  44.545  -21.596  10.709 0.0000000000
60734  33.624  -36.480  18.162 0.0000000000
60715  34.635  -36.508  18.959 0.0000000000
59552  34.301  -37.118  19.156 0.0000000000
83602  43.244  -15.351  9.918 0.0000000000
83601  44.309  -14.754  10.503 0.0000000000
84861  43.709  -15.345  9.138 0.0000000000
83623  43.938  -15.753  8.607 0.0000000000
83634  44.253  -16.389  8.303 0.0000000000
83633  45.041  -16.275  7.888 0.0000000000
81178  44.653  -18.415  8.539 0.0000000000
81159  44.776  -18.961  8.793 0.0000000000
36677  6.875  -57.510  37.076 0.0000000000
82308  38.997  -15.969  13.796 0.0000000000
82311  36.560  -18.136  13.546 0.0000000000
81117  36.953  -18.753  12.816 0.0000000000
81118  36.233  -18.804  13.548 0.0000000000
75208  33.719  -23.277  14.643 0.0000000000
72965  34.514  -25.803  14.605 0.0000000000
72978  34.642  -25.172  14.564 0.0000000000
71881  35.265  -26.195  14.514 0.0000000000
70703  36.487  -27.571  15.163 0.0000000000
70704  35.361  -27.666  14.990 0.0000000000
70662  35.651  -28.093  16.831 0.0000000000
71810  35.660  -27.670  17.989 0.0000000000
82307  39.961  -15.880  13.860 0.0000000000
46907  14.050  -48.330  26.407 0.0000000000
46887  15.494  -49.273  26.621 0.0000000000
46888  14.128  -48.994  27.000 0.0000000000
46872  13.965  -49.922  27.414 0.0000000000
45780  13.688  -50.554  27.869 0.0000000000
45759  14.349  -51.249  28.590 0.0000000000
45760  13.413  -50.899  28.970 0.0000000000
45746  13.601  -51.248  29.544 0.0000000000
45762  11.615  -50.190  29.095 0.0000000000
44662  11.282  -50.761  29.702 0.0000000000
45719  6.558  -49.642  34.436 0.0000000000
44596  6.270  -50.393  34.123 0.0000000000
43476  5.888  -51.415  34.474 0.0000000000
64070  26.294  -32.338  22.666 0.0000000000
64069  27.214  -32.597  22.387 0.0000000000
64084  27.254  -32.769  21.345 0.0000000000
64106  26.479  -32.860  20.447 0.0000000000
64107  25.405  -32.592  21.052 0.0000000000
63049  23.723  -33.918  20.492 0.0000000000
61832  24.288  -35.711  20.673 0.0000000000
61863  23.659  -35.082  20.466 0.0000000000
53852  20.907  -42.918  21.813 0.0000000000
53851  21.881  -42.645  22.104 0.0000000000
52840  21.719  -43.534  22.938 0.0000000000
72903  28.505  -24.696  20.889 0.0000000000
72902  28.361  -25.495  20.862 0.0000000000
67362  36.552  -30.851  19.440 0.0000000000
67363  35.802  -30.556  19.081 0.0000000000
67351  36.334  -30.305  19.783 0.0000000000
68476  37.571  -30.085  21.195 0.0000000000
68486  36.506  -30.047  20.228 0.0000000000
68477  36.947  -29.729  20.900 0.0000000000
36662  3.765  -57.390  39.106 0.0000000000
78723  35.330  -19.638  17.361 0.0000000000
77580  33.761  -21.073  17.285 0.0000000000
75174  32.757  -22.852  16.324 0.0000000000
74005  31.855  -23.979  16.370 0.0000000000
49470  19.845  -46.268  23.997 0.0000000000
49454  19.675  -46.781  24.581 0.0000000000
49471  19.339  -46.509  23.600 0.0000000000
50667  17.013  -46.435  23.446 0.0000000000
49456  17.704  -46.923  23.879 0.0000000000
49441  17.041  -46.991  24.167 0.0000000000
48161  17.285  -47.484  24.662 0.0000000000
49442  16.351  -46.774  24.335 0.0000000000
52830  16.043  -43.784  24.319 0.0000000000
52815  15.676  -43.533  25.265 0.0000000000
50636  14.484  -45.181  26.091 0.0000000000
50655  15.007  -45.544  25.128 0.0000000000
49405  13.174  -45.622  27.047 0.0000000000
49406  12.593  -46.252  27.325 0.0000000000
62976  22.156  -33.835  24.016 0.0000000000
61774  21.678  -34.352  24.474 0.0000000000
59484  20.166  -36.967  23.545 0.0000000000
60635  20.542  -36.558  23.294 0.0000000000
59505  20.226  -37.446  22.509 0.0000000000
58311  20.106  -38.348  22.157 0.0000000000
54836  18.696  -41.494  22.121 0.0000000000
55877  19.440  -40.834  21.739 0.0000000000
54846  19.998  -41.651  21.394 0.0000000000
52862  19.388  -42.883  21.350 0.0000000000
50700  18.771  -45.104  22.419 0.0000000000
51805  19.356  -44.561  22.176 0.0000000000
50699  19.450  -45.396  22.546 0.0000000000
50680  20.074  -45.879  23.295 0.0000000000
69533  30.614  -29.253  23.304 0.0000000000
69546  30.311  -29.697  22.676 0.0000000000
66266  31.989  -31.907  19.347 0.0000000000
67352  30.710  -31.032  21.019 0.0000000000
66280  31.695  -31.522  19.055 0.0000000000
67381  31.275  -31.031  18.724 0.0000000000
66279  32.142  -31.532  18.684 0.0000000000
64151  33.482  -33.780  17.926 0.0000000000
64150  34.075  -33.742  17.569 0.0000000000
64142  35.577  -33.634  17.920 0.0000000000
65222  34.484  -32.957  17.416 0.0000000000
66286  34.881  -32.406  17.426 0.0000000000
66277  34.016  -31.502  17.692 0.0000000000
66275  36.053  -32.150  18.269 0.0000000000
65213  36.499  -32.643  18.627 0.0000000000
64102  37.354  -34.441  20.869 0.0000000000
64120  37.518  -33.238  20.055 0.0000000000
84842  45.838  -14.707  10.112 0.0000000000
87053  48.287  -13.136  6.177 0.0000000000
87041  48.046  -13.070  7.021 0.0000000000
84883  47.279  -15.114  6.081 0.0000000000
83647  47.516  -16.143  6.092 0.0000000000
82386  46.218  -17.932  7.693 0.0000000000
81175  47.284  -18.893  7.952 0.0000000000
81187  47.530  -18.374  7.493 0.0000000000
82399  47.861  -17.705  6.856 0.0000000000
82363  41.384  -17.198  10.038 0.0000000000
81150  40.990  -18.126  10.198 0.0000000000
79988  40.418  -19.508  10.714 0.0000000000
78808  40.135  -20.372  11.150 0.0000000000
82331  38.090  -17.408  12.302 0.0000000000
78772  38.869  -21.276  12.213 0.0000000000
77644  39.587  -21.350  12.017 0.0000000000
76425  40.012  -22.997  13.950 0.0000000000
81087  36.797  -17.596  16.316 0.0000000000
81097  35.389  -18.632  15.595 0.0000000000
78759  34.669  -20.014  14.167 0.0000000000
77627  35.754  -21.320  13.450 0.0000000000
76429  35.233  -22.775  13.966 0.0000000000
75205  36.840  -23.665  14.054 0.0000000000
76435  36.427  -22.070  13.465 0.0000000000
75204  37.870  -23.860  14.036 0.0000000000
57103  30.431  -40.122  22.298 0.0000000000
57118  30.926  -39.957  21.472 0.0000000000
83563  43.493  -15.307  11.947 0.0000000000
83604  41.171  -16.416  10.644 0.0000000000
48140  19.614  -47.925  26.206 0.0000000000
48141  19.233  -48.449  26.853 0.0000000000
44630  13.432  -51.662  31.247 0.0000000000
49392  11.930  -45.377  28.710 0.0000000000
49332  9.814  -46.328  30.746 0.0000000000
49331  10.666  -45.969  31.312 0.0000000000
49361  9.705  -46.763  29.858 0.0000000000
49380  10.517  -46.656  28.908 0.0000000000
49381  9.896  -47.066  29.145 0.0000000000
48093  9.524  -48.067  29.325 0.0000000000
45736  8.617  -49.039  30.470 0.0000000000
45748  9.016  -49.590  29.986 0.0000000000
44649  8.705  -50.218  30.362 0.0000000000
46842  7.351  -48.447  32.765 0.0000000000
45731  7.268  -49.009  32.132 0.0000000000
43504  7.816  -51.071  31.341 0.0000000000
43503  8.801  -51.473  30.880 0.0000000000
43492  9.362  -52.452  31.624 0.0000000000
42384  8.302  -53.397  32.494 0.0000000000
41251  8.844  -54.657  34.491 0.0000000000
40048  8.175  -55.200  34.468 0.0000000000
38973  7.425  -55.538  34.577 0.0000000000
41265  5.819  -53.399  33.906 0.0000000000
40030  5.675  -54.660  34.930 0.0000000000
38960  5.856  -55.479  35.076 0.0000000000
38959  6.888  -55.995  34.923 0.0000000000
37863  6.335  -56.169  35.485 0.0000000000
38948  5.838  -55.798  35.855 0.0000000000
38936  5.359  -55.301  37.059 0.0000000000
38925  5.068  -55.453  37.976 0.0000000000
42322  5.318  -52.515  38.749 0.0000000000
39975  4.479  -53.958  39.112 0.0000000000
39988  4.328  -54.895  38.813 0.0000000000
38912  3.715  -54.887  39.202 0.0000000000
61904  31.311  -35.795  18.483 0.0000000000
61885  29.834  -35.284  19.245 0.0000000000
60716  30.092  -35.992  18.729 0.0000000000
59575  29.428  -37.694  18.422 0.0000000000
60739  29.091  -37.213  18.511 0.0000000000
60719  27.446  -36.636  18.537 0.0000000000
59557  27.666  -37.996  18.912 0.0000000000
58345  27.807  -38.855  19.967 0.0000000000
59536  26.876  -38.360  19.789 0.0000000000
63064  25.613  -35.071  19.350 0.0000000000
61860  25.559  -35.778  19.677 0.0000000000
59500  25.783  -38.424  21.309 0.0000000000
59518  25.744  -37.603  20.743 0.0000000000
58283  26.962  -39.922  22.391 0.0000000000
58284  26.102  -39.612  22.295 0.0000000000
61808  21.708  -34.690  22.310 0.0000000000
59519  23.478  -38.199  21.585 0.0000000000
54833  22.127  -41.800  22.087 0.0000000000
55863  22.545  -40.924  22.088 0.0000000000
57065  23.906  -40.632  23.710 0.0000000000
57087  23.806  -40.429  23.112 0.0000000000
58287  23.960  -39.979  22.926 0.0000000000
75123  32.056  -22.936  18.319 0.0000000000
75124  31.289  -23.073  18.424 0.0000000000
74007  30.500  -24.830  16.521 0.0000000000
73984  31.476  -24.002  17.018 0.0000000000
72945  31.088  -25.858  15.736 0.0000000000
69548  29.390  -29.179  21.362 0.0000000000
69556  29.020  -28.992  20.672 0.0000000000
69565  29.079  -29.011  19.238 0.0000000000
70617  28.697  -27.945  20.437 0.0000000000
70633  28.503  -27.666  19.105 0.0000000000
68500  31.935  -29.588  18.475 0.0000000000
69562  32.424  -28.936  18.745 0.0000000000
70648  31.367  -28.166  18.053 0.0000000000
70632  31.099  -28.677  18.044 0.0000000000
70650  28.843  -27.763  17.828 0.0000000000
70666  29.977  -27.806  17.261 0.0000000000
71830  29.403  -26.497  16.937 0.0000000000
71829  29.870  -27.177  16.814 0.0000000000
71842  32.445  -27.645  16.231 0.0000000000
71841  32.963  -27.792  16.357 0.0000000000
71826  33.404  -27.940  17.072 0.0000000000
71811  34.499  -27.519  18.191 0.0000000000
58341  31.802  -39.211  20.062 0.0000000000
58366  32.257  -38.604  19.396 0.0000000000
58340  32.848  -38.973  20.442 0.0000000000
58303  34.610  -39.259  21.832 0.0000000000
58320  34.575  -38.341  21.020 0.0000000000
58302  35.168  -38.556  21.660 0.0000000000
59515  35.052  -37.708  20.881 0.0000000000
59499  35.666  -37.835  21.879 0.0000000000
61803  36.835  -35.608  22.373 0.0000000000
86042  52.329  -14.543  1.298 0.0000000000
86041  53.140  -14.062  1.126 0.0000000000
84927  52.234  -15.689  1.044 0.0000000000
87052  48.769  -12.948  5.479 0.0000000000
84891  49.071  -15.481  4.610 0.0000000000
86012  49.231  -14.301  4.278 0.0000000000
86011  49.797  -14.347  3.689 0.0000000000
84903  50.038  -15.513  3.600 0.0000000000
83664  50.864  -17.177  4.021 0.0000000000
83676  50.590  -16.146  3.380 0.0000000000
84911  51.069  -16.011  2.789 0.0000000000
78840  43.924  -20.153  9.495 0.0000000000
78804  43.586  -21.412  10.626 0.0000000000
61903  32.159  -35.764  18.191 0.0000000000
59571  33.153  -37.398  18.528 0.0000000000
82375  43.584  -17.485  8.620 0.0000000000
82374  44.029  -17.843  8.525 0.0000000000
82290  38.565  -16.363  14.821 0.0000000000
82272  36.795  -17.171  15.003 0.0000000000
74040  33.755  -24.135  14.626 0.0000000000
70663  34.717  -28.064  16.644 0.0000000000
48121  13.160  -47.736  26.838 0.0000000000
46889  12.850  -48.603  27.108 0.0000000000
45761  12.515  -50.433  28.986 0.0000000000
45783  11.168  -49.558  28.517 0.0000000000
45701  6.254  -49.977  35.674 0.0000000000
64086  25.525  -32.383  22.016 0.0000000000
65181  25.004  -32.549  21.555 0.0000000000
64087  24.633  -32.485  22.061 0.0000000000
64109  23.930  -33.053  21.376 0.0000000000
51789  20.700  -44.846  23.344 0.0000000000
52828  21.335  -44.196  24.000 0.0000000000
66252  37.621  -31.455  20.208 0.0000000000
67350  37.061  -30.588  20.169 0.0000000000
67349  37.766  -30.840  20.610 0.0000000000
76391  33.558  -22.168  17.325 0.0000000000
75143  33.679  -22.187  17.651 0.0000000000
75145  32.108  -23.292  17.306 0.0000000000
49472  18.429  -46.597  23.331 0.0000000000
51742  15.317  -44.073  25.701 0.0000000000
51743  14.803  -44.110  26.461 0.0000000000
55855  18.349  -40.238  23.569 0.0000000000
54828  18.245  -41.036  22.885 0.0000000000
54837  18.221  -41.606  22.611 0.0000000000
53853  18.571  -41.983  21.941 0.0000000000
52863  18.913  -43.126  21.436 0.0000000000
52848  18.135  -43.304  22.147 0.0000000000
51806  18.229  -44.324  22.266 0.0000000000
67342  30.854  -30.905  22.035 0.0000000000
66242  31.655  -31.543  21.787 0.0000000000
63072  34.964  -34.804  18.185 0.0000000000
63084  34.499  -34.535  17.771 0.0000000000
63083  35.148  -34.264  17.925 0.0000000000
63071  35.650  -34.542  18.495 0.0000000000
64141  36.199  -33.568  18.518 0.0000000000
64135  36.867  -33.481  19.358 0.0000000000
63022  37.120  -34.739  21.557 0.0000000000
84884  46.555  -14.975  6.542 0.0000000000
81176  46.402  -18.482  7.968 0.0000000000
80038  47.763  -19.683  8.198 0.0000000000
81151  40.406  -18.063  10.446 0.0000000000
81142  38.985  -18.394  11.438 0.0000000000
81132  37.484  -18.778  12.284 0.0000000000
77624  38.661  -21.929  12.761 0.0000000000
76426  38.850  -23.300  13.727 0.0000000000
81089  35.386  -18.863  16.232 0.0000000000
78777  34.632  -20.662  13.954 0.0000000000
74038  35.291  -24.439  14.469 0.0000000000
74037  36.508  -24.604  14.438 0.0000000000
74022  37.618  -24.787  14.480 0.0000000000
72962  38.153  -25.615  14.730 0.0000000000
58344  28.698  -39.308  19.982 0.0000000000
82306  40.993  -15.752  13.925 0.0000000000
83552  41.336  -15.466  13.099 0.0000000000
83565  41.600  -15.529  12.172 0.0000000000
83605  40.590  -16.466  10.964 0.0000000000
46903  18.708  -48.834  26.007 0.0000000000
46885  17.935  -49.502  26.653 0.0000000000
44631  12.537  -51.974  31.207 0.0000000000
44607  12.467  -52.953  32.934 0.0000000000
43482  10.716  -53.103  32.564 0.0000000000
48050  9.635  -46.207  31.642 0.0000000000
48074  9.150  -47.694  30.018 0.0000000000
46847  8.607  -48.205  30.796 0.0000000000
45737  8.090  -49.109  30.928 0.0000000000
44620  6.760  -50.138  32.085 0.0000000000
43494  7.062  -51.455  31.771 0.0000000000
41264  6.863  -54.188  33.536 0.0000000000
42362  5.515  -52.433  35.914 0.0000000000
41253  5.555  -53.932  35.787 0.0000000000
40031  5.576  -54.537  35.754 0.0000000000
61831  24.710  -35.613  20.456 0.0000000000
60696  25.272  -36.277  20.452 0.0000000000
58285  25.700  -39.100  22.276 0.0000000000
59479  25.624  -38.744  22.112 0.0000000000
60676  20.977  -36.938  21.181 0.0000000000
61835  21.427  -36.180  21.285 0.0000000000
60698  21.347  -37.364  20.770 0.0000000000
60697  21.639  -37.517  20.634 0.0000000000
58346  22.435  -38.609  20.843 0.0000000000
53836  22.820  -42.537  24.594 0.0000000000
55854  23.130  -40.933  23.073 0.0000000000
54821  23.249  -41.656  23.933 0.0000000000
77654  42.395  -21.448  11.391 0.0000000000
75113  30.153  -23.259  19.307 0.0000000000
75125  30.518  -23.352  18.387 0.0000000000
73986  29.633  -24.662  17.324 0.0000000000
72931  29.882  -24.951  16.749 0.0000000000
67354  29.889  -30.196  20.043 0.0000000000
68491  29.395  -29.770  20.204 0.0000000000
67368  29.816  -30.025  19.580 0.0000000000
68502  30.088  -29.859  18.844 0.0000000000
69561  33.273  -28.757  19.319 0.0000000000
70630  32.689  -28.211  19.077 0.0000000000
70647  32.075  -27.987  18.593 0.0000000000
71814  31.328  -27.913  17.682 0.0000000000
71813  32.188  -27.776  18.076 0.0000000000
58305  32.961  -39.750  21.822 0.0000000000
58322  33.110  -39.549  21.308 0.0000000000
58304  33.537  -39.798  22.190 0.0000000000
58281  34.463  -39.748  23.087 0.0000000000
82432  51.194  -17.762  4.426 0.0000000000
82447  51.731  -17.530  3.337 0.0000000000
82431  52.171  -18.187  3.879 0.0000000000
54823  17.158  -41.881  23.665 0.0000000000
52829  16.660  -43.417  23.551 0.0000000000
55845  18.186  -39.802  24.569 0.0000000000
55846  17.761  -40.533  24.330 0.0000000000
54822  17.294  -41.356  23.998 0.0000000000
78837  46.220  -20.775  9.603 0.0000000000
78823  44.999  -21.097  10.124 0.0000000000
77664  45.304  -21.652  10.671 0.0000000000
64123  32.886  -33.588  20.630 0.0000000000
65205  32.715  -33.014  19.956 0.0000000000
64136  32.968  -33.519  19.308 0.0000000000
61902  33.212  -35.449  17.919 0.0000000000
61919  33.865  -35.204  17.735 0.0000000000
61918  34.149  -34.996  17.688 0.0000000000
61901  34.437  -35.587  18.242 0.0000000000
60714  35.054  -36.212  19.166 0.0000000000
84880  45.234  -15.439  7.587 0.0000000000
37848  8.069  -57.075  36.652 0.0000000000
83568  39.147  -16.442  12.107 0.0000000000
82330  38.882  -16.457  12.680 0.0000000000
82332  37.491  -18.173  12.417 0.0000000000
79965  37.014  -19.593  12.686 0.0000000000
77607  33.665  -21.546  14.875 0.0000000000
76431  33.711  -22.370  14.702 0.0000000000
71861  36.883  -26.673  14.872 0.0000000000
70682  37.259  -28.120  15.963 0.0000000000
70661  36.709  -28.320  16.786 0.0000000000
57085  27.844  -40.019  22.793 0.0000000000
83554  39.794  -15.708  13.215 0.0000000000
44608  6.563  -49.871  33.353 0.0000000000
44609  6.316  -50.688  32.946 0.0000000000
41277  5.943  -52.919  33.321 0.0000000000
43469  5.910  -51.484  35.529 0.0000000000
42348  5.584  -52.220  36.831 0.0000000000
63026  27.923  -33.051  20.808 0.0000000000
63027  27.235  -33.106  20.178 0.0000000000
63062  27.084  -34.264  19.242 0.0000000000
63046  26.635  -33.677  19.600 0.0000000000
64124  26.018  -33.411  19.739 0.0000000000
63047  25.619  -34.206  19.518 0.0000000000
64126  24.656  -33.301  20.555 0.0000000000
63048  24.773  -34.188  20.023 0.0000000000
60673  24.383  -36.488  21.236 0.0000000000
54845  20.651  -41.228  21.359 0.0000000000
55875  21.199  -40.769  21.169 0.0000000000
53850  22.343  -42.336  22.716 0.0000000000
52827  21.729  -43.567  23.607 0.0000000000
53837  22.287  -43.104  24.125 0.0000000000
53843  22.581  -42.386  23.566 0.0000000000
77622  40.997  -22.200  13.221 0.0000000000
73958  28.827  -24.252  20.469 0.0000000000
67378  34.558  -30.850  18.154 0.0000000000
67365  34.186  -30.278  18.593 0.0000000000
68498  34.656  -29.841  19.152 0.0000000000
68488  34.433  -29.203  19.601 0.0000000000
69554  35.133  -28.533  20.364 0.0000000000
36661  4.459  -57.705  39.054 0.0000000000
81074  36.267  -18.703  17.414 0.0000000000
79942  35.341  -19.180  16.713 0.0000000000
78724  34.651  -19.840  16.660 0.0000000000
78725  33.821  -20.595  16.654 0.0000000000
78742  33.571  -20.907  15.712 0.0000000000
77588  33.396  -21.538  15.886 0.0000000000
50653  20.466  -46.266  25.562 0.0000000000
48159  19.260  -47.733  25.012 0.0000000000
48173  18.543  -47.391  24.401 0.0000000000
48160  18.289  -47.829  24.797 0.0000000000
46917  17.866  -48.329  25.266 0.0000000000
46918  16.814  -48.103  25.354 0.0000000000
46919  16.151  -48.061  25.278 0.0000000000
51777  16.427  -44.492  23.539 0.0000000000
50654  15.630  -45.928  24.444 0.0000000000
48142  15.673  -47.851  25.252 0.0000000000
48106  11.776  -47.198  27.589 0.0000000000
62992  22.634  -33.284  23.622 0.0000000000
61793  21.716  -34.514  23.448 0.0000000000
61794  21.406  -35.198  23.007 0.0000000000
60634  20.920  -36.024  23.270 0.0000000000
60654  20.902  -36.368  22.060 0.0000000000
60677  20.526  -36.986  21.963 0.0000000000
58328  20.419  -38.598  21.265 0.0000000000
57089  19.136  -39.705  23.231 0.0000000000
57088  19.654  -39.014  22.755 0.0000000000
57124  19.805  -40.042  21.413 0.0000000000
54835  20.497  -42.246  21.535 0.0000000000
52846  19.844  -43.542  21.804 0.0000000000
51804  20.276  -44.430  22.431 0.0000000000
69534  30.010  -28.738  22.876 0.0000000000
69547  29.858  -29.183  22.258 0.0000000000
68480  29.670  -29.963  21.216 0.0000000000
67343  30.321  -30.523  21.399 0.0000000000
67353  30.194  -30.510  20.513 0.0000000000
65215  32.828  -32.758  18.760 0.0000000000
66278  32.907  -31.825  17.970 0.0000000000
67379  33.448  -30.747  18.194 0.0000000000
66264  36.341  -31.557  18.749 0.0000000000
64134  37.312  -32.933  19.580 0.0000000000
65203  37.478  -32.597  19.839 0.0000000000
65191  37.444  -32.048  19.864 0.0000000000
85997  47.559  -14.329  5.986 0.0000000000
84882  47.724  -15.626  5.665 0.0000000000
83643  45.418  -15.903  7.214 0.0000000000
80002  42.454  -19.467  9.677 0.0000000000
78827  41.623  -20.214  10.573 0.0000000000
80004  40.572  -18.677  10.463 0.0000000000
79987  40.938  -19.768  10.607 0.0000000000
79975  38.558  -19.646  11.701 0.0000000000
79974  39.023  -19.881  11.607 0.0000000000
78809  39.617  -20.334  11.455 0.0000000000
78788  39.908  -20.948  11.618 0.0000000000
76424  40.747  -22.842  14.083 0.0000000000
81095  36.774  -17.331  15.563 0.0000000000
81107  36.166  -18.274  14.202 0.0000000000
81108  35.550  -18.589  14.573 0.0000000000
81119  35.848  -18.753  13.999 0.0000000000
77626  36.657  -21.343  13.146 0.0000000000
77606  34.172  -21.507  14.301 0.0000000000
77628  34.766  -21.421  13.837 0.0000000000
76436  35.551  -22.096  13.738 0.0000000000
76434  37.002  -22.007  13.203 0.0000000000
76419  39.110  -23.647  14.180 0.0000000000
75192  38.413  -24.287  14.320 0.0000000000
75191  39.129  -24.009  14.557 0.0000000000
58387  30.932  -38.275  18.646 0.0000000000
58386  31.759  -38.207  18.650 0.0000000000
57136  32.219  -39.601  20.818 0.0000000000
57138  30.547  -39.736  20.677 0.0000000000
57117  31.864  -39.892  21.511 0.0000000000
83582  41.833  -15.729  11.205 0.0000000000
82362  41.988  -17.196  9.706 0.0000000000
49393  11.475  -46.473  28.062 0.0000000000
49394  10.970  -46.957  28.214 0.0000000000
48091  10.686  -47.362  28.314 0.0000000000
46863  9.304  -48.707  29.649 0.0000000000
45764  9.667  -49.459  29.512 0.0000000000
43510  9.515  -51.301  30.556 0.0000000000
45730  7.700  -48.809  31.569 0.0000000000
44636  7.444  -50.369  31.407 0.0000000000
44634  8.794  -50.776  30.546 0.0000000000
43491  10.300  -52.516  31.814 0.0000000000
42393  9.477  -53.021  32.175 0.0000000000
42382  10.782  -53.393  33.226 0.0000000000
37861  7.924  -56.723  36.036 0.0000000000
36678  6.463  -57.179  36.823 0.0000000000
37851  5.618  -55.874  36.491 0.0000000000
37837  5.907  -57.013  36.982 0.0000000000
36673  5.594  -57.027  37.517 0.0000000000
37822  4.758  -56.832  38.693 0.0000000000
42335  5.486  -52.797  37.974 0.0000000000
41195  4.735  -53.258  39.139 0.0000000000
39987  4.684  -54.398  38.611 0.0000000000
38918  4.732  -55.931  38.461 0.0000000000
69532  31.156  -29.770  23.734 0.0000000000
61882  31.759  -35.008  18.848 0.0000000000
60737  30.687  -36.659  18.396 0.0000000000
59574  30.229  -37.807  18.380 0.0000000000
59555  29.523  -38.323  18.587 0.0000000000
58369  29.166  -38.926  19.121 0.0000000000
58324  28.139  -39.823  20.861 0.0000000000
58306  27.384  -39.929  21.699 0.0000000000
60720  26.345  -36.558  18.969 0.0000000000
60695  25.647  -36.484  19.958 0.0000000000
59537  26.128  -37.581  19.788 0.0000000000
63007  22.779  -33.324  22.594 0.0000000000
63008  22.228  -33.988  21.746 0.0000000000
63029  22.727  -34.176  20.860 0.0000000000
61864  23.108  -35.263  20.586 0.0000000000
60653  24.349  -37.794  21.835 0.0000000000
57122  21.706  -39.926  20.953 0.0000000000
57140  22.121  -39.242  20.851 0.0000000000
57139  22.619  -39.141  21.140 0.0000000000
57106  23.163  -40.360  22.425 0.0000000000
58310  23.548  -39.723  22.403 0.0000000000
58327  23.113  -38.863  21.592 0.0000000000
58326  23.655  -38.645  21.917 0.0000000000
59481  24.956  -39.066  22.581 0.0000000000
77653  43.140  -21.790  11.493 0.0000000000
75110  32.738  -22.557  19.050 0.0000000000
74026  31.716  -24.755  15.888 0.0000000000
72968  31.771  -25.565  15.508 0.0000000000
71753  29.445  -27.600  22.179 0.0000000000
71754  28.980  -26.872  21.573 0.0000000000
71796  28.218  -26.579  19.062 0.0000000000
72911  28.214  -25.987  18.652 0.0000000000
69564  30.300  -29.104  18.245 0.0000000000
69569  29.424  -28.557  18.281 0.0000000000
70651  28.444  -26.877  18.029 0.0000000000
72920  28.321  -26.136  18.125 0.0000000000
72947  29.706  -26.159  16.570 0.0000000000
71844  30.161  -26.814  16.324 0.0000000000
71865  32.408  -26.905  15.430 0.0000000000
70707  32.934  -27.497  15.717 0.0000000000
71825  34.557  -27.877  17.333 0.0000000000
58385  32.595  -37.960  18.820 0.0000000000
58364  33.628  -37.878  19.730 0.0000000000
58339  33.836  -38.187  20.274 0.0000000000
59535  33.899  -37.761  19.840 0.0000000000
59534  34.521  -37.581  19.973 0.0000000000
59533  35.164  -37.273  20.358 0.0000000000
60666  35.659  -36.864  20.976 0.0000000000
58260  35.571  -39.316  24.030 0.0000000000
59478  35.985  -38.358  23.159 0.0000000000
59498  35.950  -37.221  22.089 0.0000000000
60665  36.061  -36.286  21.252 0.0000000000
61823  36.438  -35.647  21.257 0.0000000000
87071  49.174  -13.425  4.743 0.0000000000
83666  49.731  -15.960  4.273 0.0000000000
83654  50.292  -17.107  4.803 0.0000000000
86033  50.694  -14.650  2.556 0.0000000000
84919  50.921  -15.238  2.389 0.0000000000
84918  51.463  -15.542  2.039 0.0000000000
83697  51.914  -16.082  1.674 0.0000000000
38975  5.977  -55.036  34.598 0.0000000000
43511  9.093  -51.090  30.514 0.0000000000
44659  13.386  -51.158  29.576 0.0000000000
46916  18.693  -48.274  25.283 0.0000000000
48073  9.585  -47.422  29.366 0.0000000000
48145  13.498  -47.617  26.524 0.0000000000
48163  15.506  -47.379  25.146 0.0000000000
49333  9.470  -46.755  30.491 0.0000000000
49455  18.815  -46.949  24.019 0.0000000000
49457  16.837  -46.673  23.822 0.0000000000
50665  21.060  -45.584  24.704 0.0000000000
50679  20.641  -45.424  24.063 0.0000000000
50683  16.761  -45.068  23.186 0.0000000000
51761  20.762  -45.563  25.837 0.0000000000
51807  17.665  -43.760  22.464 0.0000000000
52864  18.554  -43.248  21.761 0.0000000000
53845  21.662  -43.333  22.412 0.0000000000
53846  17.835  -42.116  22.917 0.0000000000
53864  18.906  -42.207  21.439 0.0000000000
53865  18.474  -42.824  21.757 0.0000000000
54830  17.382  -41.793  23.466 0.0000000000
55874  22.088  -40.612  21.281 0.0000000000
57086  24.103  -40.117  23.218 0.0000000000
57116  32.597  -39.765  21.445 0.0000000000
57120  28.993  -39.954  21.453 0.0000000000
57137  31.362  -39.676  20.729 0.0000000000
58319  35.113  -38.096  21.365 0.0000000000
58338  34.369  -37.970  20.488 0.0000000000
58384  33.029  -37.785  18.948 0.0000000000
59483  20.557  -36.498  23.565 0.0000000000
59521  20.913  -37.563  20.923 0.0000000000
59522  20.530  -37.697  21.535 0.0000000000
59538  22.000  -37.898  20.506 0.0000000000
59539  21.297  -37.930  20.659 0.0000000000
59554  33.260  -37.717  19.039 0.0000000000
59569  34.264  -36.813  18.792 0.0000000000
59570  33.921  -37.059  18.641 0.0000000000
60692  34.669  -36.993  19.452 0.0000000000
61824  36.016  -36.087  20.765 0.0000000000
61881  34.934  -36.009  18.822 0.0000000000
61889  25.550  -35.499  19.549 0.0000000000
63070  36.276  -34.219  19.034 0.0000000000
64108  24.610  -32.821  21.215 0.0000000000
65162  25.391  -32.474  21.863 0.0000000000
65163  25.149  -32.475  21.838 0.0000000000
65180  25.291  -32.505  21.638 0.0000000000
65221  35.258  -32.852  17.540 0.0000000000
66243  31.113  -31.285  21.401 0.0000000000
66265  35.718  -31.148  18.486 0.0000000000
66267  31.432  -31.591  19.680 0.0000000000
66288  33.656  -32.083  17.608 0.0000000000
67364  34.964  -30.403  18.775 0.0000000000
68490  29.769  -30.130  20.501 0.0000000000
68513  31.275  -30.128  18.450 0.0000000000
68514  30.746  -29.966  18.580 0.0000000000
70594  29.960  -28.312  23.266 0.0000000000
70667  29.301  -27.177  17.212 0.0000000000
70686  33.319  -27.851  16.156 0.0000000000
71797  28.290  -26.524  18.401 0.0000000000
71816  28.392  -26.490  18.019 0.0000000000
71882  34.937  -25.873  14.514 0.0000000000
73952  28.617  -24.525  21.030 0.0000000000
73959  28.666  -24.475  20.799 0.0000000000
73983  31.810  -23.749  16.901 0.0000000000
75147  30.836  -23.433  17.882 0.0000000000
76410  33.622  -21.543  17.098 0.0000000000
78726  33.490  -21.070  16.244 0.0000000000
79948  34.968  -19.306  15.917 0.0000000000
79949  34.547  -19.656  15.429 0.0000000000
81143  38.567  -18.482  11.642 0.0000000000
83635  43.841  -16.299  8.530 0.0000000000
