#!ascii label  , from subject sub-01 vox2ras=TkReg
1280
119027  39.676  19.158  1.672 0.0000000000
124312  44.236  26.073  5.624 0.0000000000
116037  48.658  15.973  9.354 0.0000000000
116828  35.975  16.887  4.671 0.0000000000
116074  39.225  15.254  6.590 0.0000000000
123654  44.157  25.804  -0.832 0.0000000000
123534  39.888  25.020  11.180 0.0000000000
125574  42.604  28.845  14.452 0.0000000000
112573  46.830  11.254  9.850 0.0000000000
113532  48.292  12.625  2.310 0.0000000000
120616  46.594  21.221  0.666 0.0000000000
118208  44.037  18.435  6.846 0.0000000000
121345  47.220  21.861  8.188 0.0000000000
116757  46.895  16.578  13.605 0.0000000000
126876  38.781  30.578  9.678 0.0000000000
125020  44.309  27.638  4.271 0.0000000000
114454  44.024  13.479  5.445 0.0000000000
118234  37.662  18.611  2.795 0.0000000000
116815  37.203  16.721  6.292 0.0000000000
118977  38.924  19.452  5.823 0.0000000000
120637  41.667  20.815  -1.196 0.0000000000
119048  38.156  19.627  0.579 0.0000000000
124931  39.500  27.527  14.627 0.0000000000
109824  47.279  8.329  11.303 0.0000000000
109845  47.385  8.436  6.680 0.0000000000
107800  50.146  6.570  8.318 0.0000000000
129232  41.649  34.594  6.591 0.0000000000
122889  46.055  23.944  2.284 0.0000000000
120593  46.900  20.719  3.525 0.0000000000
121389  44.731  22.535  5.277 0.0000000000
118869  45.145  19.181  16.070 0.0000000000
119669  46.610  20.783  14.050 0.0000000000
116717  46.899  16.717  16.976 0.0000000000
114342  47.736  13.469  15.411 0.0000000000
124260  44.498  27.271  9.651 0.0000000000
125643  42.824  28.811  9.320 0.0000000000
125003  46.947  27.556  5.511 0.0000000000
123629  47.462  25.755  1.364 0.0000000000
117478  45.498  17.131  9.614 0.0000000000
116054  43.077  15.291  8.913 0.0000000000
114409  46.308  13.896  8.313 0.0000000000
113504  39.121  12.911  6.339 0.0000000000
112618  40.530  11.862  5.190 0.0000000000
125730  44.567  29.295  0.478 0.0000000000
125067  41.998  27.584  0.286 0.0000000000
124273  41.962  26.228  8.997 0.0000000000
121365  42.608  22.863  7.605 0.0000000000
127380  38.750  32.031  18.180 0.0000000000
126817  40.048  30.608  16.332 0.0000000000
124235  42.874  26.336  14.076 0.0000000000
114396  49.490  13.560  9.239 0.0000000000
114448  48.979  14.063  5.928 0.0000000000
112616  47.222  11.666  6.046 0.0000000000
110800  48.308  9.432  3.231 0.0000000000
119817  43.444  20.158  0.191 0.0000000000
119004  41.827  20.294  4.701 0.0000000000
119774  45.799  19.526  3.301 0.0000000000
118969  46.700  19.761  6.839 0.0000000000
118938  47.109  19.482  9.808 0.0000000000
121334  45.594  22.250  9.549 0.0000000000
119699  47.593  20.767  11.102 0.0000000000
116769  48.694  16.384  10.673 0.0000000000
113454  48.225  12.951  12.185 0.0000000000
111617  46.782  10.839  12.624 0.0000000000
128085  38.498  32.645  8.330 0.0000000000
127488  40.313  31.248  5.711 0.0000000000
125675  40.568  28.608  6.798 0.0000000000
125712  42.644  28.743  3.109 0.0000000000
124377  45.592  26.671  -0.090 0.0000000000
121454  45.537  22.734  -1.520 0.0000000000
117502  41.260  17.553  8.090 0.0000000000
115297  41.427  14.294  6.567 0.0000000000
113527  42.248  12.758  3.044 0.0000000000
114475  46.332  14.072  3.310 0.0000000000
119017  38.446  19.039  2.485 0.0000000000
118221  37.768  18.879  4.938 0.0000000000
119006  39.622  20.083  3.840 0.0000000000
119045  40.550  18.827  -0.316 0.0000000000
119832  39.815  20.076  -0.155 0.0000000000
118256  39.452  18.342  0.058 0.0000000000
118250  37.822  18.673  1.074 0.0000000000
108807  49.006  7.417  11.457 0.0000000000
108816  48.991  7.365  9.366 0.0000000000
108805  50.640  6.749  10.799 0.0000000000
110802  39.168  9.887  3.059 0.0000000000
123608  45.431  25.004  3.750 0.0000000000
122139  45.149  22.970  3.593 0.0000000000
122869  43.779  24.216  4.623 0.0000000000
118111  45.668  18.045  18.380 0.0000000000
118134  46.338  18.266  16.789 0.0000000000
124276  44.522  26.809  6.894 0.0000000000
124984  45.752  27.944  7.168 0.0000000000
123585  45.674  26.413  5.179 0.0000000000
123607  46.773  25.660  3.470 0.0000000000
116782  47.264  16.827  10.118 0.0000000000
116040  45.737  15.468  9.747 0.0000000000
115256  47.400  15.229  9.206 0.0000000000
116085  35.169  16.190  5.864 0.0000000000
116077  36.190  15.742  5.982 0.0000000000
116067  38.277  16.196  6.819 0.0000000000
116075  38.070  15.612  6.708 0.0000000000
114443  39.186  13.838  6.245 0.0000000000
113513  39.836  12.708  5.926 0.0000000000
115314  40.081  14.058  5.468 0.0000000000
125074  44.216  27.562  -0.676 0.0000000000
126319  43.386  28.668  -0.374 0.0000000000
124391  43.278  26.756  -0.404 0.0000000000
117533  36.084  17.639  3.499 0.0000000000
117519  35.299  17.097  5.131 0.0000000000
123537  40.408  25.313  9.827 0.0000000000
122830  40.562  24.707  8.645 0.0000000000
122084  39.273  23.291  9.676 0.0000000000
123509  40.181  25.903  13.013 0.0000000000
124222  41.196  26.739  14.596 0.0000000000
123517  41.436  25.469  12.466 0.0000000000
123525  42.555  25.876  11.286 0.0000000000
113471  48.323  12.358  9.598 0.0000000000
113494  48.213  12.328  7.573 0.0000000000
112598  46.821  11.021  7.742 0.0000000000
108845  48.604  7.680  5.369 0.0000000000
109861  47.562  8.984  4.927 0.0000000000
109870  48.836  8.590  3.378 0.0000000000
119816  44.573  20.407  0.528 0.0000000000
119791  43.759  20.597  2.219 0.0000000000
119803  45.788  20.254  1.742 0.0000000000
120576  47.383  21.146  5.310 0.0000000000
119761  47.255  20.028  4.770 0.0000000000
120562  47.418  20.740  7.315 0.0000000000
118948  46.345  19.682  8.410 0.0000000000
119724  47.196  20.536  9.045 0.0000000000
121336  43.370  21.888  9.157 0.0000000000
121348  44.677  22.245  8.557 0.0000000000
120527  44.685  21.597  10.482 0.0000000000
118147  46.692  18.433  14.577 0.0000000000
118898  46.933  19.898  12.905 0.0000000000
118155  47.005  18.404  12.758 0.0000000000
118166  47.647  18.612  11.490 0.0000000000
116766  47.683  16.139  12.144 0.0000000000
115244  48.447  14.571  11.471 0.0000000000
115242  47.700  14.686  12.883 0.0000000000
112537  46.741  11.631  14.315 0.0000000000
112554  47.199  11.703  13.750 0.0000000000
128073  38.984  32.160  9.063 0.0000000000
127472  40.095  31.973  7.384 0.0000000000
126880  39.202  30.740  7.197 0.0000000000
126197  40.800  29.267  15.407 0.0000000000
126834  39.359  30.154  14.337 0.0000000000
125613  40.618  28.689  12.825 0.0000000000
125672  43.925  28.657  6.357 0.0000000000
125663  41.764  28.445  7.584 0.0000000000
125687  42.912  28.274  5.506 0.0000000000
125702  41.902  28.709  4.683 0.0000000000
125034  43.157  27.838  3.229 0.0000000000
125057  44.200  27.648  0.969 0.0000000000
124352  45.371  26.417  1.952 0.0000000000
122170  46.946  23.176  -0.062 0.0000000000
122185  47.374  24.107  -1.182 0.0000000000
121444  45.896  22.158  -1.162 0.0000000000
120626  44.353  21.280  -1.083 0.0000000000
118973  43.153  19.100  6.214 0.0000000000
118960  41.324  19.143  6.959 0.0000000000
118196  43.208  18.134  7.512 0.0000000000
114411  43.742  13.594  8.432 0.0000000000
114413  42.274  14.131  8.177 0.0000000000
114455  43.046  13.661  5.767 0.0000000000
115322  41.889  13.964  4.886 0.0000000000
114465  43.009  13.563  4.551 0.0000000000
114460  48.428  13.548  4.676 0.0000000000
115319  47.916  14.624  4.444 0.0000000000
114485  47.769  13.922  2.662 0.0000000000
117524  36.922  17.881  3.838 0.0000000000
116821  36.658  17.161  5.432 0.0000000000
117517  37.088  17.937  5.233 0.0000000000
117512  37.604  17.935  6.484 0.0000000000
117504  38.918  17.812  7.430 0.0000000000
122188  43.601  23.358  -0.549 0.0000000000
117539  36.732  18.006  2.590 0.0000000000
110736  46.152  9.581  10.082 0.0000000000
110743  46.270  9.462  7.953 0.0000000000
109832  47.285  8.200  9.136 0.0000000000
108825  48.743  7.498  7.341 0.0000000000
121427  46.706  22.255  1.170 0.0000000000
120601  46.684  21.115  2.571 0.0000000000
120602  46.274  21.882  2.705 0.0000000000
121388  46.213  21.851  5.002 0.0000000000
121376  45.978  22.171  6.213 0.0000000000
118900  44.001  19.855  13.625 0.0000000000
119689  45.354  21.105  12.906 0.0000000000
118878  45.418  19.756  15.023 0.0000000000
118141  46.529  18.882  15.425 0.0000000000
116744  46.723  16.608  15.228 0.0000000000
115222  47.645  14.273  14.511 0.0000000000
115202  47.450  14.859  16.602 0.0000000000
114343  47.076  13.156  16.066 0.0000000000
113430  45.501  12.363  14.893 0.0000000000
127438  39.408  31.527  11.599 0.0000000000
125609  44.417  28.197  11.654 0.0000000000
125626  42.841  28.232  11.319 0.0000000000
125632  44.589  28.684  9.685 0.0000000000
125659  45.614  28.720  6.873 0.0000000000
125004  46.069  28.280  4.800 0.0000000000
125044  46.674  27.071  2.802 0.0000000000
125043  47.272  27.131  3.126 0.0000000000
122887  47.245  25.249  2.213 0.0000000000
118186  45.017  17.946  8.353 0.0000000000
117490  43.485  16.847  8.469 0.0000000000
116793  44.496  16.677  9.022 0.0000000000
115272  44.833  14.124  9.198 0.0000000000
114423  45.539  13.450  7.397 0.0000000000
112646  48.426  11.679  0.357 0.0000000000
113540  47.236  13.120  1.123 0.0000000000
113496  37.266  12.675  7.441 0.0000000000
116076  37.011  15.566  6.366 0.0000000000
114445  37.666  13.361  6.964 0.0000000000
112613  38.197  11.276  6.687 0.0000000000
111657  39.204  11.427  6.241 0.0000000000
111683  39.785  10.532  4.644 0.0000000000
111695  40.647  10.835  3.968 0.0000000000
126928  44.331  30.261  0.577 0.0000000000
126930  42.758  30.046  0.559 0.0000000000
124294  42.921  26.023  6.721 0.0000000000
122861  42.759  24.299  5.734 0.0000000000
122853  41.820  24.419  6.983 0.0000000000
121351  41.548  22.802  8.362 0.0000000000
119718  42.347  20.539  10.841 0.0000000000
119692  42.735  19.791  12.237 0.0000000000
118880  43.486  19.169  15.461 0.0000000000
127379  39.434  31.798  18.157 0.0000000000
126808  40.429  30.152  17.849 0.0000000000
125541  41.820  29.110  16.891 0.0000000000
124927  43.625  27.641  14.812 0.0000000000
124248  44.266  26.727  12.395 0.0000000000
124266  43.722  26.764  9.150 0.0000000000
115255  49.661  14.784  8.988 0.0000000000
115269  49.122  14.840  8.138 0.0000000000
113482  49.338  13.426  7.490 0.0000000000
113502  48.658  13.135  6.098 0.0000000000
113518  47.832  12.268  4.452 0.0000000000
111670  46.522  10.207  5.980 0.0000000000
111680  46.995  10.245  4.510 0.0000000000
112635  48.254  11.489  2.444 0.0000000000
119807  41.286  19.560  0.607 0.0000000000
119766  40.689  20.456  3.331 0.0000000000
119777  42.732  20.682  2.983 0.0000000000
119763  43.895  20.113  4.067 0.0000000000
118986  44.981  19.232  5.508 0.0000000000
119788  46.964  20.053  2.886 0.0000000000
119000  45.932  19.294  4.796 0.0000000000
118970  45.719  19.186  6.642 0.0000000000
118949  45.868  19.054  8.152 0.0000000000
118176  45.917  18.525  9.484 0.0000000000
117467  47.900  17.456  9.843 0.0000000000
121378  43.611  22.685  6.537 0.0000000000
121362  45.838  22.276  7.361 0.0000000000
121346  46.615  22.260  8.317 0.0000000000
120506  46.115  21.809  12.487 0.0000000000
120512  47.291  21.746  11.230 0.0000000000
120525  47.554  21.583  10.204 0.0000000000
118932  47.512  19.405  10.509 0.0000000000
118173  47.844  18.195  10.395 0.0000000000
116780  48.780  16.566  9.892 0.0000000000
115246  49.534  14.839  9.780 0.0000000000
113460  48.970  12.947  9.952 0.0000000000
112565  47.566  11.841  11.222 0.0000000000
113447  48.202  13.129  13.381 0.0000000000
112562  47.507  11.835  12.083 0.0000000000
111619  46.583  10.590  11.550 0.0000000000
109822  46.623  8.976  11.762 0.0000000000
129224  40.221  33.985  7.198 0.0000000000
128092  41.435  33.305  6.446 0.0000000000
128104  41.851  32.152  4.864 0.0000000000
125636  40.713  28.255  10.749 0.0000000000
126260  38.901  29.260  8.086 0.0000000000
126887  39.879  30.337  5.993 0.0000000000
126890  41.881  30.467  3.985 0.0000000000
126895  43.330  30.595  2.943 0.0000000000
126289  44.047  29.899  1.799 0.0000000000
125065  44.598  28.292  0.344 0.0000000000
124389  44.845  26.601  -1.095 0.0000000000
123642  46.848  25.983  0.012 0.0000000000
123665  46.249  25.616  -1.452 0.0000000000
122205  44.540  23.691  -1.293 0.0000000000
121445  44.071  21.896  -1.296 0.0000000000
119060  42.519  19.767  -1.189 0.0000000000
118990  40.839  19.928  5.421 0.0000000000
118199  39.885  18.664  7.327 0.0000000000
116805  40.337  16.672  7.985 0.0000000000
116796  41.891  16.239  8.642 0.0000000000
116056  41.139  15.470  8.168 0.0000000000
115298  40.526  14.713  6.255 0.0000000000
115324  40.872  14.053  4.813 0.0000000000
112624  41.692  12.289  3.959 0.0000000000
114436  47.758  14.589  6.252 0.0000000000
114452  46.603  14.236  5.096 0.0000000000
114463  45.791  13.992  4.202 0.0000000000
114496  46.654  13.464  1.544 0.0000000000
114477  44.004  13.623  3.190 0.0000000000
107791  51.394  5.747  9.855 0.0000000000
107810  50.959  6.124  7.246 0.0000000000
119007  38.605  19.525  3.530 0.0000000000
119016  39.326  19.727  2.709 0.0000000000
119036  40.312  18.962  0.598 0.0000000000
118262  39.992  18.408  -0.476 0.0000000000
119037  39.462  18.506  1.129 0.0000000000
119038  39.100  18.441  1.250 0.0000000000
108806  49.971  7.204  11.072 0.0000000000
123597  44.495  24.958  4.301 0.0000000000
122868  44.310  24.200  4.120 0.0000000000
123598  43.906  24.819  4.690 0.0000000000
124292  44.723  26.558  6.000 0.0000000000
124275  45.374  27.060  6.721 0.0000000000
123569  44.757  26.377  5.552 0.0000000000
123596  45.579  25.713  4.425 0.0000000000
116038  47.891  15.831  9.395 0.0000000000
116053  48.465  15.533  8.949 0.0000000000
116829  35.806  16.737  4.879 0.0000000000
116084  35.754  16.073  5.612 0.0000000000
116083  36.052  16.055  5.559 0.0000000000
116066  38.896  16.060  6.916 0.0000000000
115300  38.714  14.546  6.500 0.0000000000
115299  39.737  14.486  5.975 0.0000000000
124390  43.884  26.747  -0.675 0.0000000000
123655  43.334  25.907  -0.347 0.0000000000
117526  35.662  17.281  4.550 0.0000000000
116823  35.457  16.650  5.290 0.0000000000
123538  40.016  25.118  10.548 0.0000000000
122819  39.968  24.674  9.395 0.0000000000
122820  39.392  24.507  10.196 0.0000000000
123518  40.450  25.375  12.513 0.0000000000
123508  41.151  25.783  13.176 0.0000000000
123527  40.657  25.182  11.815 0.0000000000
123526  41.553  25.537  11.595 0.0000000000
112584  47.550  11.807  9.205 0.0000000000
112597  47.540  11.708  8.165 0.0000000000
112585  46.768  11.202  8.781 0.0000000000
108856  48.931  7.819  4.370 0.0000000000
120617  46.104  20.811  -0.026 0.0000000000
119815  45.734  20.456  0.759 0.0000000000
119814  46.387  20.649  1.334 0.0000000000
121374  47.617  21.398  6.354 0.0000000000
120569  47.678  20.830  6.452 0.0000000000
121360  47.512  21.524  7.086 0.0000000000
120553  47.336  21.129  8.135 0.0000000000
120528  43.905  20.971  10.536 0.0000000000
120543  44.075  21.485  9.866 0.0000000000
120515  44.197  20.844  11.159 0.0000000000
117454  46.832  17.334  13.466 0.0000000000
118156  46.834  17.966  13.301 0.0000000000
117453  47.094  17.386  12.762 0.0000000000
116756  47.092  16.449  12.996 0.0000000000
116024  47.757  15.504  12.220 0.0000000000
116018  47.448  15.369  12.835 0.0000000000
111598  46.126  10.815  14.399 0.0000000000
127466  39.133  31.513  9.916 0.0000000000
128061  39.027  32.237  10.232 0.0000000000
127469  39.159  31.243  9.031 0.0000000000
127468  39.323  31.747  8.490 0.0000000000
127474  39.053  31.075  8.325 0.0000000000
125575  41.501  29.048  14.893 0.0000000000
125576  40.389  29.184  14.619 0.0000000000
125593  41.631  28.706  13.691 0.0000000000
125686  44.151  28.117  5.242 0.0000000000
125673  42.854  28.547  6.497 0.0000000000
125700  43.678  27.781  4.495 0.0000000000
125701  42.902  28.050  4.293 0.0000000000
125021  43.517  27.654  3.958 0.0000000000
125046  44.193  27.080  2.832 0.0000000000
125032  44.748  27.214  3.445 0.0000000000
121435  46.705  22.269  0.288 0.0000000000
121443  46.447  22.347  -0.585 0.0000000000
120624  46.430  21.512  -0.159 0.0000000000
119826  45.342  20.576  -0.043 0.0000000000
118972  44.057  18.936  6.189 0.0000000000
118209  43.208  18.667  6.869 0.0000000000
114440  43.599  13.400  6.530 0.0000000000
114425  43.127  13.511  7.516 0.0000000000
113525  48.174  12.955  3.270 0.0000000000
114472  48.289  13.730  3.872 0.0000000000
114484  48.145  13.511  2.935 0.0000000000
117518  36.547  17.375  4.801 0.0000000000
118227  37.551  18.543  4.031 0.0000000000
118220  38.192  19.135  5.590 0.0000000000
118214  37.666  18.620  5.796 0.0000000000
118213  38.277  18.867  6.442 0.0000000000
117505  38.047  17.615  7.102 0.0000000000
117511  38.256  18.255  7.052 0.0000000000
120628  42.303  21.507  -1.268 0.0000000000
121447  42.310  22.438  -0.410 0.0000000000
120629  41.298  21.231  -0.493 0.0000000000
119046  39.256  19.792  -0.026 0.0000000000
120620  40.000  20.834  0.768 0.0000000000
118240  37.581  18.496  1.938 0.0000000000
117538  37.015  18.056  2.181 0.0000000000
117531  37.074  17.994  2.713 0.0000000000
117532  36.547  17.780  3.274 0.0000000000
109825  46.540  8.823  10.719 0.0000000000
109829  46.512  8.720  9.610 0.0000000000
109828  47.232  8.170  10.243 0.0000000000
108815  49.606  6.860  8.892 0.0000000000
108821  48.810  7.345  8.301 0.0000000000
108820  49.391  6.963  7.864 0.0000000000
108824  49.297  7.182  6.908 0.0000000000
107805  49.914  6.666  7.383 0.0000000000
129233  40.662  34.572  6.714 0.0000000000
129824  40.342  35.186  6.342 0.0000000000
122147  46.457  23.430  1.640 0.0000000000
121417  46.468  22.209  2.051 0.0000000000
122148  46.087  23.087  2.215 0.0000000000
121400  45.262  22.440  4.296 0.0000000000
121410  45.506  22.385  3.753 0.0000000000
118879  44.495  19.369  15.263 0.0000000000
118889  44.771  19.867  14.332 0.0000000000
117433  46.647  17.339  17.305 0.0000000000
117442  46.674  17.538  16.365 0.0000000000
117447  46.685  17.561  15.395 0.0000000000
116733  46.884  16.495  16.153 0.0000000000
115988  47.267  15.587  15.967 0.0000000000
115978  47.316  15.611  16.780 0.0000000000
114335  46.625  13.706  16.693 0.0000000000
114344  45.877  13.379  15.885 0.0000000000
113422  46.079  12.683  15.320 0.0000000000
114351  45.670  12.951  15.236 0.0000000000
124969  44.694  27.771  11.133 0.0000000000
125624  44.415  28.375  10.660 0.0000000000
124972  44.801  27.948  10.169 0.0000000000
124992  46.443  27.812  6.402 0.0000000000
125649  45.377  28.700  7.753 0.0000000000
125669  46.596  28.315  5.833 0.0000000000
125670  45.986  28.831  5.993 0.0000000000
125698  46.726  28.056  4.734 0.0000000000
125030  46.800  27.585  3.631 0.0000000000
125016  47.192  27.475  4.604 0.0000000000
122876  46.591  25.050  2.963 0.0000000000
123620  47.094  25.397  2.826 0.0000000000
122888  46.792  24.900  2.358 0.0000000000
117488  44.946  17.346  8.974 0.0000000000
117498  44.570  17.595  8.397 0.0000000000
116784  44.900  16.309  9.527 0.0000000000
115257  46.619  14.662  9.155 0.0000000000
115258  45.344  14.551  9.438 0.0000000000
114397  45.745  14.025  9.054 0.0000000000
114410  44.984  13.700  8.568 0.0000000000
113497  36.564  12.544  7.952 0.0000000000
114428  37.143  13.491  7.307 0.0000000000
116816  36.607  16.130  5.986 0.0000000000
114444  38.407  13.638  6.550 0.0000000000
115301  37.560  14.428  6.677 0.0000000000
113505  38.221  12.724  6.784 0.0000000000
112612  38.633  11.864  6.621 0.0000000000
112619  40.117  12.106  5.760 0.0000000000
111682  40.410  11.239  4.850 0.0000000000
112625  41.244  11.778  4.334 0.0000000000
126300  44.561  29.828  1.134 0.0000000000
126308  44.511  29.587  0.395 0.0000000000
125740  42.610  28.372  -0.136 0.0000000000
126310  43.219  29.315  0.080 0.0000000000
125741  41.532  28.355  0.389 0.0000000000
124279  42.044  26.035  8.025 0.0000000000
123572  41.928  25.171  6.953 0.0000000000
123553  41.662  25.277  7.536 0.0000000000
122094  40.734  23.461  8.450 0.0000000000
120545  41.993  21.525  9.580 0.0000000000
119693  41.656  19.791  12.215 0.0000000000
118901  42.993  19.359  13.716 0.0000000000
127979  39.721  33.061  18.258 0.0000000000
127367  39.300  32.626  18.400 0.0000000000
126800  40.456  30.060  18.820 0.0000000000
126172  41.133  29.569  18.307 0.0000000000
126179  41.494  29.312  17.219 0.0000000000
124221  42.293  26.737  14.976 0.0000000000
124200  42.917  27.020  15.480 0.0000000000
124906  43.201  27.442  15.620 0.0000000000
124219  43.654  27.162  14.584 0.0000000000
124234  43.867  27.007  13.894 0.0000000000
124268  42.072  26.171  9.948 0.0000000000
124267  42.845  26.460  9.572 0.0000000000
124272  42.818  26.524  8.590 0.0000000000
124278  42.848  26.369  7.628 0.0000000000
114395  49.701  14.112  8.662 0.0000000000
114407  49.638  13.985  7.877 0.0000000000
113469  49.452  13.477  8.348 0.0000000000
113503  47.959  12.479  6.585 0.0000000000
113493  48.860  12.867  7.034 0.0000000000
113511  47.794  12.395  5.498 0.0000000000
109838  46.697  8.799  7.500 0.0000000000
110750  46.487  9.452  7.117 0.0000000000
109846  46.752  8.969  6.891 0.0000000000
110786  48.072  9.099  3.829 0.0000000000
110787  47.405  9.413  4.342 0.0000000000
111693  47.962  9.894  3.263 0.0000000000
111710  47.742  11.072  3.007 0.0000000000
111709  48.374  10.200  2.702 0.0000000000
111724  48.803  10.667  1.815 0.0000000000
111723  49.079  9.929  2.081 0.0000000000
119806  42.420  20.215  0.872 0.0000000000
119793  41.431  20.286  1.604 0.0000000000
119792  42.574  20.658  1.920 0.0000000000
119790  44.894  20.246  2.434 0.0000000000
119776  43.861  20.358  3.183 0.0000000000
119762  44.642  19.702  4.107 0.0000000000
119002  43.953  19.773  4.804 0.0000000000
119001  44.997  19.371  4.584 0.0000000000
119754  47.227  19.879  5.435 0.0000000000
118999  46.689  19.584  5.125 0.0000000000
118984  46.784  19.584  6.001 0.0000000000
118985  45.867  19.257  5.701 0.0000000000
118958  45.838  19.171  7.399 0.0000000000
118947  46.739  19.973  8.968 0.0000000000
118939  46.389  19.285  9.302 0.0000000000
118175  46.667  18.563  9.908 0.0000000000
117476  47.258  17.713  10.108 0.0000000000
118174  47.206  18.251  10.053 0.0000000000
122113  42.510  23.470  6.597 0.0000000000
122112  43.015  23.155  6.043 0.0000000000
121379  43.028  22.760  7.049 0.0000000000
121347  45.705  22.251  8.465 0.0000000000
121333  46.458  22.354  9.407 0.0000000000
120491  45.881  21.372  13.775 0.0000000000
120507  45.502  21.487  12.329 0.0000000000
119679  46.403  21.288  13.571 0.0000000000
119688  47.118  20.868  12.055 0.0000000000
119715  47.528  20.461  10.109 0.0000000000
118922  47.679  19.711  10.994 0.0000000000
117466  48.384  17.341  11.035 0.0000000000
118168  48.127  18.218  10.868 0.0000000000
117474  48.363  17.404  10.442 0.0000000000
116026  49.249  15.658  10.178 0.0000000000
116027  48.744  15.370  10.871 0.0000000000
114382  48.620  13.795  11.256 0.0000000000
113457  48.635  13.028  10.988 0.0000000000
113461  48.261  12.357  10.622 0.0000000000
113458  47.998  12.400  11.597 0.0000000000
114350  48.002  13.392  14.563 0.0000000000
114349  47.932  13.669  13.845 0.0000000000
113427  48.078  13.142  14.132 0.0000000000
111613  47.126  11.247  13.156 0.0000000000
112559  47.459  11.698  12.867 0.0000000000
112560  47.201  11.390  12.462 0.0000000000
112563  47.063  11.314  11.823 0.0000000000
110734  46.324  9.706  11.158 0.0000000000
128074  37.789  32.504  8.931 0.0000000000
128075  37.088  32.687  9.268 0.0000000000
128634  37.759  33.031  7.818 0.0000000000
128632  39.776  33.345  7.548 0.0000000000
127480  40.255  31.736  6.541 0.0000000000
128093  40.821  32.716  6.788 0.0000000000
128098  40.739  32.181  5.978 0.0000000000
128097  41.721  32.880  5.779 0.0000000000
127487  41.093  31.821  5.287 0.0000000000
125634  42.827  28.513  10.310 0.0000000000
125627  41.739  28.241  11.562 0.0000000000
125644  41.792  28.429  9.527 0.0000000000
125664  40.777  28.475  7.814 0.0000000000
125654  40.781  28.309  8.734 0.0000000000
125665  39.768  28.659  7.973 0.0000000000
126259  39.314  28.985  7.643 0.0000000000
126267  39.673  29.790  6.358 0.0000000000
126266  40.192  29.350  6.072 0.0000000000
126279  42.131  29.432  3.756 0.0000000000
126269  41.457  29.582  4.306 0.0000000000
126889  42.661  30.853  3.594 0.0000000000
126278  42.684  29.726  3.061 0.0000000000
126290  43.290  29.585  2.398 0.0000000000
125056  44.643  27.266  0.637 0.0000000000
125064  44.987  27.401  0.170 0.0000000000
125073  44.858  27.463  -0.455 0.0000000000
124388  45.592  26.599  -0.812 0.0000000000
124363  47.287  26.235  1.423 0.0000000000
124364  46.854  26.334  1.324 0.0000000000
123630  47.202  26.105  0.811 0.0000000000
122203  46.524  23.829  -1.587 0.0000000000
122938  46.947  24.996  -1.531 0.0000000000
122204  45.333  23.758  -1.583 0.0000000000
122940  44.932  24.713  -1.397 0.0000000000
121456  44.066  23.129  -1.102 0.0000000000
119828  43.138  20.032  -0.920 0.0000000000
119829  42.587  19.679  -0.657 0.0000000000
119819  41.686  19.455  0.103 0.0000000000
119765  41.725  20.559  3.715 0.0000000000
119005  40.720  20.315  4.404 0.0000000000
118198  41.034  18.557  7.503 0.0000000000
118211  40.666  19.076  7.072 0.0000000000
117503  40.098  17.697  7.749 0.0000000000
116795  42.841  16.123  8.669 0.0000000000
114427  41.657  14.140  7.163 0.0000000000
115276  41.740  14.820  8.297 0.0000000000
115285  41.386  14.547  7.600 0.0000000000
116064  40.792  15.040  7.567 0.0000000000
115286  40.764  14.752  7.076 0.0000000000
115312  41.298  14.313  5.524 0.0000000000
114479  42.160  13.076  3.418 0.0000000000
114466  41.845  13.502  4.048 0.0000000000
113528  41.828  12.691  3.549 0.0000000000
112630  41.675  11.903  3.474 0.0000000000
113536  41.961  12.210  2.827 0.0000000000
115293  49.202  14.303  6.814 0.0000000000
115283  48.241  14.712  6.913 0.0000000000
115295  48.265  14.670  6.042 0.0000000000
115320  47.327  14.753  4.067 0.0000000000
115309  47.412  14.570  4.798 0.0000000000
114503  47.023  13.379  0.437 0.0000000000
113541  46.766  13.131  1.012 0.0000000000
114504  46.497  13.415  0.618 0.0000000000
118233  38.067  18.740  2.381 0.0000000000
119008  37.936  19.061  3.284 0.0000000000
118992  38.641  19.538  4.741 0.0000000000
119062  41.166  19.719  -1.274 0.0000000000
119838  40.736  20.235  -0.893 0.0000000000
119054  40.403  19.260  -0.683 0.0000000000
118263  39.448  18.748  -0.448 0.0000000000
118257  38.694  18.693  0.133 0.0000000000
118258  38.127  19.109  0.484 0.0000000000
118249  38.787  18.455  1.038 0.0000000000
118239  38.242  18.587  2.015 0.0000000000
108813  48.114  7.765  10.860 0.0000000000
108812  49.099  7.454  10.436 0.0000000000
108811  50.099  7.012  10.024 0.0000000000
122877  46.023  24.615  3.011 0.0000000000
122138  45.611  23.374  2.827 0.0000000000
122878  44.925  24.194  3.591 0.0000000000
122131  44.387  23.332  4.292 0.0000000000
122122  44.050  23.099  4.885 0.0000000000
118136  44.950  18.793  16.850 0.0000000000
118135  45.645  18.687  16.856 0.0000000000
118124  45.980  18.202  17.629 0.0000000000
116705  46.806  16.511  17.778 0.0000000000
124265  44.491  27.218  8.671 0.0000000000
124976  44.950  28.159  8.966 0.0000000000
124985  45.107  27.280  7.371 0.0000000000
124993  46.036  27.298  6.528 0.0000000000
124309  46.661  26.796  5.191 0.0000000000
124325  47.011  26.505  4.417 0.0000000000
123595  46.363  26.250  4.672 0.0000000000
117477  46.239  17.624  9.979 0.0000000000
116783  46.042  16.512  9.937 0.0000000000
116039  46.847  15.730  9.696 0.0000000000
115271  47.089  14.315  8.478 0.0000000000
116814  37.911  16.302  6.766 0.0000000000
114457  39.811  13.544  5.764 0.0000000000
113512  40.378  12.893  5.349 0.0000000000
125746  44.390  28.380  -0.450 0.0000000000
126317  44.434  29.087  -0.172 0.0000000000
125747  43.783  28.278  -0.579 0.0000000000
125075  43.276  27.561  -0.477 0.0000000000
125066  42.584  27.571  -0.160 0.0000000000
118235  35.663  18.145  3.790 0.0000000000
118228  35.270  18.064  4.652 0.0000000000
117520  34.791  17.073  5.576 0.0000000000
116824  34.964  16.569  5.694 0.0000000000
123536  41.268  25.830  9.464 0.0000000000
123540  41.243  25.445  8.456 0.0000000000
123541  40.765  25.421  9.048 0.0000000000
122083  39.886  23.912  9.128 0.0000000000
124223  40.311  26.886  14.311 0.0000000000
124930  40.556  27.313  15.128 0.0000000000
124237  40.721  26.352  13.740 0.0000000000
124236  41.775  26.258  13.966 0.0000000000
123507  42.210  25.783  13.224 0.0000000000
123515  43.352  26.000  11.952 0.0000000000
123516  42.444  25.669  12.288 0.0000000000
123532  41.572  25.842  10.562 0.0000000000
113470  49.056  12.853  8.950 0.0000000000
113483  48.918  12.904  7.987 0.0000000000
113484  48.336  12.290  8.577 0.0000000000
112609  47.396  11.706  7.126 0.0000000000
109844  47.993  7.951  6.456 0.0000000000
109853  47.546  8.723  5.519 0.0000000000
109860  48.133  8.562  4.700 0.0000000000
109880  49.007  8.827  2.799 0.0000000000
119805  43.596  20.432  1.206 0.0000000000
119804  44.748  20.385  1.476 0.0000000000
119789  45.992  19.848  2.615 0.0000000000
120577  46.961  21.344  4.812 0.0000000000
120584  47.101  20.672  4.514 0.0000000000
120583  47.412  20.537  5.137 0.0000000000
119753  47.507  20.094  6.015 0.0000000000
119747  47.267  20.160  6.806 0.0000000000
118957  46.314  19.680  7.637 0.0000000000
119740  47.162  20.364  7.356 0.0000000000
121350  42.559  22.440  8.413 0.0000000000
121349  43.584  22.235  8.476 0.0000000000
121335  44.609  21.894  9.669 0.0000000000
121320  45.527  22.097  10.624 0.0000000000
118146  46.776  19.378  14.604 0.0000000000
119678  46.752  20.947  13.109 0.0000000000
118152  46.852  19.093  13.765 0.0000000000
118908  47.267  19.742  11.835 0.0000000000
117464  47.632  17.358  12.016 0.0000000000
116765  48.193  16.698  11.486 0.0000000000
116023  48.160  15.515  11.658 0.0000000000
115241  48.028  14.467  12.420 0.0000000000
114379  48.267  13.755  12.300 0.0000000000
113428  47.497  12.547  14.497 0.0000000000
112536  47.167  11.973  14.207 0.0000000000
112555  46.858  11.284  13.953 0.0000000000
128051  38.699  32.773  10.622 0.0000000000
128084  39.473  32.395  8.113 0.0000000000
127473  39.350  31.405  7.726 0.0000000000
127481  39.649  31.250  6.944 0.0000000000
126188  40.029  30.152  15.680 0.0000000000
126825  39.530  30.614  15.120 0.0000000000
126198  39.936  29.691  15.043 0.0000000000
125595  39.868  29.232  13.962 0.0000000000
125651  43.663  29.097  8.046 0.0000000000
125652  42.802  28.820  8.323 0.0000000000
125662  42.785  28.694  7.400 0.0000000000
125674  41.809  28.448  6.638 0.0000000000
125688  41.945  28.460  5.733 0.0000000000
125689  41.035  28.658  5.866 0.0000000000
125713  42.349  28.710  3.955 0.0000000000
125048  43.124  28.295  2.458 0.0000000000
125047  43.706  27.553  2.248 0.0000000000
124354  44.112  27.261  1.681 0.0000000000
124366  44.755  26.773  0.980 0.0000000000
122909  47.516  24.782  0.576 0.0000000000
122922  47.491  24.934  -0.683 0.0000000000
122169  47.503  23.963  -0.330 0.0000000000
121453  46.334  22.842  -1.236 0.0000000000
120635  44.748  22.100  -1.390 0.0000000000
120625  45.608  21.289  -0.714 0.0000000000
119827  44.432  20.615  -0.369 0.0000000000
118988  43.009  19.543  5.537 0.0000000000
118989  41.947  19.836  5.585 0.0000000000
118974  42.108  19.297  6.394 0.0000000000
118210  42.515  18.908  6.847 0.0000000000
118197  42.219  18.388  7.495 0.0000000000
115274  43.412  14.401  8.894 0.0000000000
115275  42.444  14.578  8.533 0.0000000000
114412  42.774  13.879  8.300 0.0000000000
114441  42.532  13.749  6.631 0.0000000000
115296  41.949  13.938  6.439 0.0000000000
115311  42.127  13.914  5.745 0.0000000000
114478  42.811  13.168  3.080 0.0000000000
114449  48.740  13.721  5.577 0.0000000000
115307  48.628  14.305  5.750 0.0000000000
115318  48.378  14.176  4.784 0.0000000000
115329  47.794  14.661  3.809 0.0000000000
114474  47.314  14.440  3.462 0.0000000000
117525  36.233  17.381  4.282 0.0000000000
116822  36.213  16.576  5.307 0.0000000000
116808  37.717  17.252  6.785 0.0000000000
116807  38.224  16.796  7.079 0.0000000000
122925  43.618  24.680  -0.409 0.0000000000
122912  42.976  24.425  0.188 0.0000000000
122173  41.788  23.243  0.709 0.0000000000
120630  40.788  20.898  -0.173 0.0000000000
118251  37.291  18.852  1.408 0.0000000000
118241  37.068  18.405  1.893 0.0000000000
117540  36.430  17.885  2.996 0.0000000000
124238  39.583  26.625  13.456 0.0000000000
123510  39.646  25.988  12.904 0.0000000000
123519  39.322  25.345  12.551 0.0000000000
111624  46.314  10.436  9.428 0.0000000000
110739  46.228  9.518  8.983 0.0000000000
109833  46.612  8.745  8.518 0.0000000000
109837  47.301  8.215  8.013 0.0000000000
108817  48.148  7.795  9.787 0.0000000000
108822  48.082  7.738  8.701 0.0000000000
108826  48.057  7.792  7.644 0.0000000000
108833  48.535  7.588  6.401 0.0000000000
108832  49.123  7.132  5.952 0.0000000000
120609  46.650  21.289  1.628 0.0000000000
120594  46.386  21.470  3.332 0.0000000000
121409  45.782  22.304  3.202 0.0000000000
121399  45.894  21.860  3.950 0.0000000000
120585  46.594  21.259  4.183 0.0000000000
121387  47.009  21.584  5.258 0.0000000000
121375  47.204  21.835  5.987 0.0000000000
121361  46.928  22.329  7.167 0.0000000000
119691  43.865  20.162  12.559 0.0000000000
119690  44.878  20.778  12.490 0.0000000000
119681  44.658  20.311  13.375 0.0000000000
119671  45.437  20.534  14.168 0.0000000000
119662  46.117  20.488  14.649 0.0000000000
118868  45.961  19.238  16.004 0.0000000000
118877  46.128  19.834  15.176 0.0000000000
118140  46.692  19.475  14.961 0.0000000000
117450  46.702  17.407  14.459 0.0000000000
116748  46.789  16.361  14.285 0.0000000000
116008  47.064  15.436  13.933 0.0000000000
116000  47.190  15.171  15.026 0.0000000000
115212  47.609  14.546  15.696 0.0000000000
114334  47.472  13.915  16.424 0.0000000000
113420  47.364  12.894  15.436 0.0000000000
113421  46.778  12.714  15.452 0.0000000000
113429  46.473  12.142  14.978 0.0000000000
112538  45.858  11.539  14.633 0.0000000000
126872  38.831  30.907  10.807 0.0000000000
125591  43.652  28.424  13.139 0.0000000000
125592  42.691  28.543  13.419 0.0000000000
125610  43.783  28.454  12.101 0.0000000000
125625  43.755  28.524  11.056 0.0000000000
125642  43.969  29.124  8.987 0.0000000000
125640  45.240  28.670  8.493 0.0000000000
126249  44.863  29.197  8.801 0.0000000000
126254  44.380  29.260  8.405 0.0000000000
125671  45.012  28.819  6.179 0.0000000000
125685  45.383  28.458  5.382 0.0000000000
125019  45.325  27.726  4.244 0.0000000000
125031  45.876  27.306  3.461 0.0000000000
124350  47.228  26.482  2.223 0.0000000000
123606  47.430  25.884  3.210 0.0000000000
123619  47.377  25.671  2.544 0.0000000000
122898  47.323  25.120  1.720 0.0000000000
122899  47.025  24.249  1.228 0.0000000000
122158  46.801  23.226  0.762 0.0000000000
118207  44.788  18.536  7.056 0.0000000000
118195  44.023  18.009  7.546 0.0000000000
117499  44.045  17.520  8.159 0.0000000000
117489  44.257  16.980  8.618 0.0000000000
116794  43.907  16.130  8.987 0.0000000000
116041  44.761  15.292  9.564 0.0000000000
115260  43.981  14.535  9.217 0.0000000000
115273  44.204  14.068  9.057 0.0000000000
114424  44.282  13.255  7.504 0.0000000000
114439  44.797  13.279  6.372 0.0000000000
114494  48.093  13.355  2.142 0.0000000000
113539  48.116  12.809  1.144 0.0000000000
112601  36.642  11.714  7.751 0.0000000000
115302  36.535  14.875  6.603 0.0000000000
115287  37.300  13.837  7.006 0.0000000000
113506  37.764  12.787  7.090 0.0000000000
112600  37.715  11.707  7.117 0.0000000000
111659  37.682  10.766  6.665 0.0000000000
112611  39.525  12.004  6.195 0.0000000000
111672  39.754  11.138  5.604 0.0000000000
126309  44.091  29.618  0.044 0.0000000000
126929  43.616  30.144  0.417 0.0000000000
123644  42.686  25.391  0.256 0.0000000000
123645  41.872  25.748  0.701 0.0000000000
124293  43.769  26.193  6.214 0.0000000000
123587  43.615  25.196  5.269 0.0000000000
123571  42.374  25.130  6.382 0.0000000000
122852  42.276  24.338  6.362 0.0000000000
122114  41.991  23.731  7.105 0.0000000000
122842  41.220  24.643  7.922 0.0000000000
122102  41.608  23.564  7.687 0.0000000000
121366  42.044  22.890  7.974 0.0000000000
121337  42.297  22.045  9.021 0.0000000000
120529  42.719  20.919  10.219 0.0000000000
119702  43.101  20.213  11.569 0.0000000000
118910  43.317  19.698  12.998 0.0000000000
118890  43.726  19.409  14.505 0.0000000000
127388  39.913  31.465  17.197 0.0000000000
127378  39.933  30.760  18.168 0.0000000000
126809  40.151  30.604  17.249 0.0000000000
126187  40.647  29.671  16.243 0.0000000000
125558  41.360  29.270  16.401 0.0000000000
125556  42.620  28.982  15.496 0.0000000000
124908  41.022  27.718  16.013 0.0000000000
125526  42.450  28.501  17.052 0.0000000000
125539  43.079  28.504  15.791 0.0000000000
125573  43.429  28.453  14.141 0.0000000000
124948  43.928  27.940  13.798 0.0000000000
124961  44.602  27.574  11.929 0.0000000000
124255  44.473  27.175  10.659 0.0000000000
124256  43.716  26.501  11.233 0.0000000000
124261  43.723  26.698  10.146 0.0000000000
124271  43.692  26.719  8.185 0.0000000000
124277  43.675  26.590  7.222 0.0000000000
116051  49.430  15.098  8.660 0.0000000000
116052  48.951  15.449  8.694 0.0000000000
115281  49.338  14.358  7.594 0.0000000000
114434  49.157  13.848  6.314 0.0000000000
113492  49.170  13.437  6.703 0.0000000000
114435  48.943  13.561  6.069 0.0000000000
113510  48.401  12.981  5.049 0.0000000000
113517  48.216  12.989  4.133 0.0000000000
113526  47.879  12.340  3.563 0.0000000000
111631  46.343  10.335  8.368 0.0000000000
112610  46.695  10.866  6.650 0.0000000000
112617  46.754  10.921  5.631 0.0000000000
110772  47.159  9.230  5.154 0.0000000000
111681  46.701  10.424  5.181 0.0000000000
112623  46.753  10.899  5.185 0.0000000000
112629  47.547  11.545  3.723 0.0000000000
112636  47.738  11.779  3.038 0.0000000000
113533  47.948  12.302  2.855 0.0000000000
112641  48.522  11.654  1.458 0.0000000000
119794  40.458  19.532  1.440 0.0000000000
119779  40.646  20.235  2.321 0.0000000000
119778  41.604  20.606  2.668 0.0000000000
119764  42.827  20.377  3.932 0.0000000000
119003  42.902  19.989  4.778 0.0000000000
118987  44.050  19.392  5.507 0.0000000000
119802  46.489  20.499  2.108 0.0000000000
119025  46.429  19.547  3.159 0.0000000000
119773  47.189  20.038  3.850 0.0000000000
119013  46.711  19.628  4.274 0.0000000000
119014  46.055  19.393  3.869 0.0000000000
118971  44.894  19.011  6.340 0.0000000000
118206  45.281  18.684  7.337 0.0000000000
118193  45.403  18.478  7.925 0.0000000000
118185  45.439  18.349  8.763 0.0000000000
118940  45.929  19.021  8.847 0.0000000000
116771  47.531  17.362  10.014 0.0000000000
116781  48.106  16.719  9.746 0.0000000000
122860  43.278  24.269  5.144 0.0000000000
122123  43.515  23.328  5.413 0.0000000000
121390  44.108  22.621  5.890 0.0000000000
121364  43.692  22.474  7.616 0.0000000000
121363  44.736  22.363  7.507 0.0000000000
121377  44.822  22.348  6.461 0.0000000000
120508  45.010  21.079  12.027 0.0000000000
121313  45.810  21.968  11.591 0.0000000000
121312  46.190  22.231  11.249 0.0000000000
120505  46.594  21.678  12.048 0.0000000000
121304  46.436  22.100  11.603 0.0000000000
121319  46.291  22.442  10.424 0.0000000000
121318  47.046  22.290  10.312 0.0000000000
121332  47.140  22.068  9.272 0.0000000000
120541  47.424  21.353  9.159 0.0000000000
118169  47.819  19.105  11.109 0.0000000000
118931  47.723  18.734  10.638 0.0000000000
118937  47.453  18.852  10.352 0.0000000000
117475  47.979  17.535  9.988 0.0000000000
116036  49.346  15.651  9.366 0.0000000000
114385  49.639  14.240  9.350 0.0000000000
115247  49.018  14.682  10.594 0.0000000000
114386  49.255  13.855  10.183 0.0000000000
112572  47.582  11.830  10.241 0.0000000000
115233  47.471  14.587  13.535 0.0000000000
114368  48.082  13.803  13.066 0.0000000000
113448  47.782  12.365  13.214 0.0000000000
112566  46.938  11.269  10.881 0.0000000000
111621  46.422  10.497  10.506 0.0000000000
108808  48.101  7.929  11.869 0.0000000000
128641  41.069  33.762  6.792 0.0000000000
128083  40.240  32.751  7.556 0.0000000000
128631  40.495  33.322  7.281 0.0000000000
128651  42.340  33.433  5.905 0.0000000000
128103  42.815  32.873  4.845 0.0000000000
127495  43.558  32.189  3.843 0.0000000000
125612  41.693  28.425  12.619 0.0000000000
125628  40.664  28.425  11.784 0.0000000000
126255  38.636  29.539  9.326 0.0000000000
126878  38.764  30.380  8.675 0.0000000000
126881  38.882  30.417  7.752 0.0000000000
126883  39.402  30.370  6.605 0.0000000000
126270  40.870  29.243  5.020 0.0000000000
126891  40.968  30.291  4.538 0.0000000000
127498  40.705  31.018  4.968 0.0000000000
127497  41.421  31.267  4.547 0.0000000000
127496  42.469  31.611  4.150 0.0000000000
127507  43.252  31.359  3.527 0.0000000000
126894  44.280  30.922  2.520 0.0000000000
125722  43.693  28.815  1.655 0.0000000000
125731  44.385  28.815  0.738 0.0000000000
125739  44.642  28.800  0.330 0.0000000000
125045  45.937  26.709  2.677 0.0000000000
124365  45.849  26.178  0.899 0.0000000000
123643  46.248  26.201  0.163 0.0000000000
123651  47.205  25.631  -0.462 0.0000000000
123652  46.803  25.954  -0.746 0.0000000000
124387  46.340  26.229  -1.064 0.0000000000
123666  45.484  25.748  -1.391 0.0000000000
123653  44.769  25.625  -1.215 0.0000000000
122924  44.344  25.025  -1.008 0.0000000000
122206  44.146  23.577  -0.984 0.0000000000
121446  43.477  22.266  -1.037 0.0000000000
120627  43.209  21.097  -1.486 0.0000000000
119836  41.766  20.238  -1.421 0.0000000000
119053  41.322  19.167  -0.932 0.0000000000
119035  41.001  19.231  0.347 0.0000000000
118991  39.745  19.901  5.113 0.0000000000
118976  39.877  19.570  6.200 0.0000000000
118975  40.980  19.457  6.369 0.0000000000
118212  40.177  19.252  6.839 0.0000000000
118961  39.556  19.177  6.899 0.0000000000
116806  39.389  16.751  7.478 0.0000000000
116065  40.094  15.542  7.295 0.0000000000
117500  43.294  17.496  8.021 0.0000000000
117501  42.402  17.596  8.035 0.0000000000
117492  41.832  16.986  8.416 0.0000000000
116055  42.136  15.400  8.654 0.0000000000
116797  41.117  16.495  8.351 0.0000000000
116057  40.600  16.019  8.039 0.0000000000
116073  39.901  15.126  6.401 0.0000000000
115313  40.574  14.271  5.217 0.0000000000
114467  40.911  13.541  4.739 0.0000000000
115323  41.224  14.075  4.781 0.0000000000
113519  41.430  12.769  4.235 0.0000000000
113520  40.913  12.597  4.759 0.0000000000
115270  48.066  14.742  8.386 0.0000000000
114421  47.525  14.384  7.140 0.0000000000
114450  47.902  14.682  5.755 0.0000000000
114437  47.102  14.059  6.221 0.0000000000
114422  46.663  13.836  7.216 0.0000000000
114438  45.997  13.736  6.258 0.0000000000
114453  45.272  13.749  5.278 0.0000000000
114464  44.538  13.703  4.298 0.0000000000
114495  47.535  13.525  1.802 0.0000000000
114486  46.948  13.900  2.507 0.0000000000
114497  45.697  13.572  1.342 0.0000000000
114487  45.935  13.780  2.352 0.0000000000
114476  45.187  14.050  3.225 0.0000000000
107784  51.063  6.319  10.368 0.0000000000
107792  51.020  6.210  9.529 0.0000000000
107798  51.287  5.733  8.910 0.0000000000
107804  50.648  6.411  7.754 0.0000000000
106812  51.398  5.630  7.112 0.0000000000
107785  50.709  6.556  9.941 0.0000000000
107793  50.414  6.520  9.267 0.0000000000
107799  50.860  6.279  8.645 0.0000000000
107803  51.282  6.008  7.963 0.0000000000
108810  50.675  6.667  10.324 0.0000000000
108834  48.147  7.843  6.905 0.0000000000
109852  48.013  8.129  5.847 0.0000000000
110758  47.034  9.021  5.824 0.0000000000
110759  46.684  9.355  6.363 0.0000000000
110773  46.714  9.623  5.529 0.0000000000
110788  46.881  9.747  4.888 0.0000000000
110801  47.783  9.607  3.608 0.0000000000
110814  48.834  9.247  2.696 0.0000000000
111616  47.162  11.282  12.802 0.0000000000
111643  46.396  10.207  7.404 0.0000000000
111656  46.408  10.015  6.678 0.0000000000
111671  40.271  11.395  5.239 0.0000000000
111694  47.498  10.392  3.670 0.0000000000
112599  38.137  12.161  6.956 0.0000000000
112622  47.034  11.291  4.808 0.0000000000
113455  47.790  12.269  12.411 0.0000000000
113495  37.843  12.401  7.110 0.0000000000
113501  49.040  13.497  6.292 0.0000000000
113550  46.976  13.193  0.704 0.0000000000
114398  45.222  14.026  9.146 0.0000000000
114408  47.215  14.115  7.932 0.0000000000
114420  49.440  13.901  7.099 0.0000000000
114426  42.140  13.947  7.572 0.0000000000
114442  41.889  13.949  6.874 0.0000000000
114451  47.503  14.443  5.549 0.0000000000
114456  40.343  13.706  5.264 0.0000000000
114461  47.128  14.669  3.829 0.0000000000
114462  46.775  14.537  4.057 0.0000000000
114473  48.063  14.235  3.388 0.0000000000
115221  47.684  14.102  13.810 0.0000000000
115232  47.825  14.171  13.274 0.0000000000
115259  44.489  14.600  9.366 0.0000000000
115268  49.506  14.526  8.318 0.0000000000
115282  48.874  14.657  7.352 0.0000000000
115284  41.939  14.349  8.091 0.0000000000
115294  48.757  14.526  6.491 0.0000000000
115306  49.033  14.256  6.226 0.0000000000
115308  48.026  14.547  5.284 0.0000000000
115310  47.019  14.615  4.436 0.0000000000
115321  47.024  14.708  4.179 0.0000000000
115328  48.225  14.399  4.023 0.0000000000
115330  47.499  14.697  3.750 0.0000000000
115989  46.833  16.083  15.695 0.0000000000
116001  46.807  15.838  15.190 0.0000000000
116009  46.884  15.649  14.632 0.0000000000
116017  47.797  15.071  12.375 0.0000000000
116042  43.945  15.138  9.296 0.0000000000
116704  47.110  16.339  17.280 0.0000000000
116716  47.167  16.171  16.850 0.0000000000
116732  47.154  15.942  16.464 0.0000000000
116747  46.933  16.189  13.699 0.0000000000
116768  49.145  16.261  10.126 0.0000000000
116770  47.779  17.281  9.909 0.0000000000
116779  49.255  16.096  9.846 0.0000000000
116785  44.362  15.716  9.356 0.0000000000
117463  48.138  17.318  11.458 0.0000000000
117468  47.725  17.503  9.935 0.0000000000
117487  45.511  17.834  9.452 0.0000000000
117491  42.613  16.888  8.411 0.0000000000
118125  45.325  18.583  17.670 0.0000000000
118153  46.760  18.126  13.717 0.0000000000
118165  48.059  17.790  11.354 0.0000000000
118194  44.730  18.090  7.801 0.0000000000
118200  38.906  18.793  7.147 0.0000000000
118222  35.170  17.506  5.098 0.0000000000
118247  40.046  18.380  0.363 0.0000000000
118248  39.715  18.338  0.515 0.0000000000
118255  40.065  18.289  0.072 0.0000000000
118264  38.991  19.099  -0.377 0.0000000000
118876  46.673  20.058  14.778 0.0000000000
118887  46.969  20.101  13.931 0.0000000000
118888  45.250  20.055  14.508 0.0000000000
118899  44.597  20.070  13.813 0.0000000000
118909  43.829  19.945  13.083 0.0000000000
118911  42.326  19.476  12.935 0.0000000000
118959  41.852  18.948  7.127 0.0000000000
118962  39.062  19.253  6.573 0.0000000000
118968  47.103  19.927  6.653 0.0000000000
118983  47.152  19.880  6.413 0.0000000000
118993  38.029  19.159  4.121 0.0000000000
119015  45.316  19.511  3.806 0.0000000000
119018  37.992  19.020  2.846 0.0000000000
119024  46.786  19.630  3.546 0.0000000000
119026  40.133  19.196  1.239 0.0000000000
119028  38.964  18.608  1.592 0.0000000000
119043  42.005  19.444  -0.390 0.0000000000
119044  41.422  19.268  -0.137 0.0000000000
119047  38.809  19.486  0.033 0.0000000000
119051  42.678  19.706  -1.011 0.0000000000
119052  42.248  19.522  -0.802 0.0000000000
119055  39.513  19.557  -0.265 0.0000000000
119056  39.069  19.331  -0.270 0.0000000000
119061  41.941  19.685  -1.312 0.0000000000
119063  40.688  19.984  -1.025 0.0000000000
119661  46.395  20.656  14.425 0.0000000000
119663  45.795  20.230  14.820 0.0000000000
119670  46.112  21.150  14.139 0.0000000000
119672  44.905  20.193  13.916 0.0000000000
119680  45.223  20.820  13.295 0.0000000000
119682  44.101  20.072  13.160 0.0000000000
119700  44.715  20.909  11.889 0.0000000000
119731  46.873  20.436  8.037 0.0000000000
119732  46.564  20.028  7.838 0.0000000000
119741  46.866  20.087  7.327 0.0000000000
119748  47.010  19.986  6.971 0.0000000000
119760  47.449  20.244  5.401 0.0000000000
119767  39.989  20.205  2.843 0.0000000000
119775  44.959  19.901  3.359 0.0000000000
119780  39.997  19.742  2.110 0.0000000000
119795  40.036  19.456  1.757 0.0000000000
119808  40.673  19.334  0.886 0.0000000000
119818  42.273  19.668  -0.145 0.0000000000
119820  40.226  20.568  0.153 0.0000000000
119821  39.565  20.351  0.377 0.0000000000
119822  38.538  20.008  0.595 0.0000000000
119823  38.196  19.884  0.653 0.0000000000
119830  40.968  20.633  -0.665 0.0000000000
119831  40.463  20.343  -0.413 0.0000000000
119835  42.494  20.209  -1.435 0.0000000000
119837  41.099  20.436  -1.012 0.0000000000
120492  45.760  21.167  13.950 0.0000000000
120498  46.351  21.503  12.943 0.0000000000
120499  46.001  21.639  13.351 0.0000000000
120500  45.613  21.227  13.444 0.0000000000
120513  45.265  21.739  11.209 0.0000000000
120514  44.724  21.148  11.405 0.0000000000
120526  45.146  21.886  10.700 0.0000000000
120542  44.487  21.663  10.013 0.0000000000
120544  43.062  21.411  9.672 0.0000000000
120570  47.668  21.228  5.930 0.0000000000
120575  47.640  20.675  5.685 0.0000000000
120634  45.244  21.880  -1.252 0.0000000000
120636  42.281  20.746  -1.494 0.0000000000
120638  41.366  20.791  -0.928 0.0000000000
121305  46.201  22.006  11.866 0.0000000000
121306  45.934  21.901  12.102 0.0000000000
121311  46.707  22.242  11.196 0.0000000000
121321  45.025  21.903  10.385 0.0000000000
121418  46.015  22.539  2.554 0.0000000000
121436  42.028  22.650  0.050 0.0000000000
121448  41.598  22.038  -0.282 0.0000000000
121455  44.534  22.788  -1.401 0.0000000000
122093  41.232  23.366  8.123 0.0000000000
122101  42.165  23.428  7.245 0.0000000000
122103  41.115  23.614  8.067 0.0000000000
122124  42.857  23.534  5.886 0.0000000000
122132  43.874  23.477  4.767 0.0000000000
122186  46.925  23.350  -0.878 0.0000000000
122187  44.260  24.171  -0.905 0.0000000000
122202  47.124  24.382  -1.496 0.0000000000
122829  40.958  24.968  8.296 0.0000000000
122843  40.951  24.007  8.060 0.0000000000
122910  47.278  23.848  0.450 0.0000000000
122911  43.305  24.323  -0.066 0.0000000000
122923  47.155  25.531  -1.016 0.0000000000
122926  43.168  25.118  -0.082 0.0000000000
122937  47.351  24.620  -1.310 0.0000000000
122939  45.931  24.794  -1.553 0.0000000000
123524  43.228  26.039  11.399 0.0000000000
123531  42.275  25.984  10.723 0.0000000000
123533  40.650  25.365  10.953 0.0000000000
123552  42.259  25.700  7.186 0.0000000000
123568  45.076  26.508  5.533 0.0000000000
123570  43.093  25.533  6.074 0.0000000000
123584  46.233  26.543  5.157 0.0000000000
123586  44.721  25.963  5.168 0.0000000000
123588  42.914  25.062  5.830 0.0000000000
123609  44.909  24.756  3.834 0.0000000000
123631  46.655  26.183  0.633 0.0000000000
123641  47.358  25.558  0.257 0.0000000000
123664  46.674  25.755  -1.235 0.0000000000
124199  43.235  27.072  15.435 0.0000000000
124220  43.373  26.928  14.995 0.0000000000
124247  44.535  27.102  11.495 0.0000000000
124249  43.334  26.009  13.053 0.0000000000
124250  39.316  26.078  12.885 0.0000000000
124257  43.130  26.047  11.101 0.0000000000
124262  42.837  26.151  10.543 0.0000000000
124263  42.174  26.057  10.454 0.0000000000
124270  44.479  27.008  7.771 0.0000000000
124290  46.452  27.070  5.955 0.0000000000
124291  45.667  26.804  5.943 0.0000000000
124308  47.226  27.049  4.929 0.0000000000
124310  46.157  26.731  5.503 0.0000000000
124311  44.552  26.265  5.576 0.0000000000
124324  47.482  26.866  4.239 0.0000000000
124336  47.476  26.463  3.341 0.0000000000
124337  47.284  26.378  3.897 0.0000000000
124338  45.147  26.798  2.806 0.0000000000
124339  44.601  26.922  2.833 0.0000000000
124351  46.378  26.426  2.024 0.0000000000
124353  44.431  26.854  2.104 0.0000000000
124367  44.325  27.094  1.423 0.0000000000
124376  46.263  26.283  -0.471 0.0000000000
124378  45.281  26.717  0.422 0.0000000000
124379  42.577  26.685  0.040 0.0000000000
124397  46.341  25.996  -1.334 0.0000000000
124398  45.965  26.194  -1.349 0.0000000000
124399  45.513  26.367  -1.267 0.0000000000
124873  42.464  28.222  17.096 0.0000000000
124887  43.170  28.109  16.102 0.0000000000
124905  43.334  28.052  15.516 0.0000000000
124928  43.465  27.301  15.198 0.0000000000
124929  41.479  27.184  15.340 0.0000000000
124962  44.490  27.933  12.822 0.0000000000
124975  45.220  28.409  8.590 0.0000000000
124979  45.348  28.284  8.220 0.0000000000
124980  45.124  27.628  8.090 0.0000000000
124983  46.200  28.069  6.732 0.0000000000
125002  47.064  27.444  5.012 0.0000000000
125005  45.720  28.204  4.819 0.0000000000
125006  45.003  27.988  4.852 0.0000000000
125017  46.949  27.844  4.322 0.0000000000
125018  46.242  27.999  4.452 0.0000000000
125029  47.318  27.316  3.875 0.0000000000
125033  43.848  27.351  3.369 0.0000000000
125063  45.327  27.094  -0.176 0.0000000000
125072  45.306  27.082  -0.392 0.0000000000
125540  42.606  28.624  16.559 0.0000000000
125542  41.282  29.368  16.844 0.0000000000
125555  43.219  28.498  15.063 0.0000000000
125557  41.860  29.221  15.993 0.0000000000
125577  39.899  29.393  14.459 0.0000000000
125594  40.574  28.920  13.848 0.0000000000
125611  42.787  28.280  12.380 0.0000000000
125633  43.792  28.883  10.078 0.0000000000
125635  41.773  28.293  10.529 0.0000000000
125641  44.903  29.013  8.923 0.0000000000
125650  45.138  29.168  8.230 0.0000000000
125653  41.803  28.487  8.547 0.0000000000
125658  46.240  28.364  6.578 0.0000000000
125660  44.788  29.107  7.322 0.0000000000
125661  43.724  28.982  7.243 0.0000000000
125676  40.082  28.634  7.349 0.0000000000
125682  46.956  27.776  4.973 0.0000000000
125683  46.747  28.168  5.169 0.0000000000
125684  46.201  28.442  5.138 0.0000000000
125697  46.968  27.835  4.687 0.0000000000
125699  46.484  28.242  4.853 0.0000000000
125703  41.387  28.717  5.294 0.0000000000
125723  43.121  28.846  2.374 0.0000000000
125738  44.778  28.608  0.009 0.0000000000
125748  43.278  28.251  -0.459 0.0000000000
126180  41.039  29.612  17.342 0.0000000000
126186  41.187  29.242  15.949 0.0000000000
126196  41.349  29.184  15.572 0.0000000000
126208  39.586  29.623  14.193 0.0000000000
126250  44.622  29.208  8.761 0.0000000000
126253  44.828  29.293  8.573 0.0000000000
126257  44.735  29.353  8.092 0.0000000000
126258  44.285  29.225  7.839 0.0000000000
126262  40.015  28.979  6.557 0.0000000000
126263  39.474  29.204  6.979 0.0000000000
126264  38.929  29.716  7.422 0.0000000000
126299  44.646  29.842  0.685 0.0000000000
126318  43.938  28.980  -0.431 0.0000000000
126816  40.413  30.084  17.028 0.0000000000
126884  38.968  30.095  7.073 0.0000000000
126886  40.391  30.236  5.316 0.0000000000
126896  42.496  30.216  3.443 0.0000000000
126917  44.765  30.461  0.958 0.0000000000
127368  39.122  32.739  18.470 0.0000000000
127387  40.051  30.723  17.667 0.0000000000
127389  38.510  32.442  17.558 0.0000000000
127489  39.808  31.043  6.308 0.0000000000
127967  39.415  33.153  18.457 0.0000000000
128072  39.291  32.111  8.545 0.0000000000
128086  37.915  32.706  8.361 0.0000000000
128096  42.463  33.268  5.584 0.0000000000
128535  39.640  33.407  18.453 0.0000000000
128536  39.400  33.382  18.398 0.0000000000
128548  39.708  33.679  18.257 0.0000000000
128625  37.565  32.744  8.410 0.0000000000
128633  38.893  33.177  7.747 0.0000000000
