#!ascii label  , from subject sub-01 vox2ras=TkReg
1476
42360  11.597  -52.792  36.315 0.0000000000
73982  42.291  -25.214  16.399 0.0000000000
56984  26.485  -40.910  27.418 0.0000000000
55735  34.694  -40.513  32.528 0.0000000000
51741  20.602  -45.654  26.405 0.0000000000
43465  18.048  -51.507  35.994 0.0000000000
78798  51.277  -20.789  10.824 0.0000000000
79883  48.067  -20.109  20.425 0.0000000000
65159  38.870  -32.345  22.988 0.0000000000
82506  53.833  -17.402  0.609 0.0000000000
52692  23.409  -43.832  33.604 0.0000000000
44555  14.559  -51.335  36.783 0.0000000000
78731  50.162  -21.227  15.527 0.0000000000
77599  45.756  -22.927  14.271 0.0000000000
71727  41.316  -27.139  22.137 0.0000000000
72859  44.636  -25.523  23.210 0.0000000000
71770  37.468  -27.642  20.496 0.0000000000
57037  34.051  -39.808  25.275 0.0000000000
55782  30.715  -41.093  29.316 0.0000000000
51639  20.056  -45.394  33.311 0.0000000000
46760  18.626  -48.802  37.886 0.0000000000
46846  19.130  -48.753  31.263 0.0000000000
44628  15.153  -51.424  31.309 0.0000000000
54792  23.298  -42.364  27.057 0.0000000000
81140  54.771  -18.815  11.292 0.0000000000
81085  53.570  -18.997  16.993 0.0000000000
77536  45.332  -22.613  18.785 0.0000000000
69492  38.872  -28.936  26.284 0.0000000000
59401  38.200  -38.228  27.393 0.0000000000
81206  52.738  -19.197  5.416 0.0000000000
82408  56.108  -18.507  6.121 0.0000000000
82441  58.862  -18.704  3.166 0.0000000000
51611  21.699  -44.594  36.291 0.0000000000
44558  12.415  -51.429  36.469 0.0000000000
41260  14.811  -53.971  34.552 0.0000000000
39998  12.733  -54.454  37.252 0.0000000000
77650  46.180  -22.383  11.727 0.0000000000
72844  40.077  -26.933  25.028 0.0000000000
72803  42.018  -25.948  25.829 0.0000000000
37811  8.325  -57.344  40.153 0.0000000000
70645  37.207  -28.423  17.687 0.0000000000
57043  27.668  -40.237  24.782 0.0000000000
57021  30.179  -40.356  26.055 0.0000000000
55801  28.435  -41.096  28.367 0.0000000000
50565  20.268  -45.490  29.896 0.0000000000
50532  19.124  -46.386  32.596 0.0000000000
49377  19.601  -47.496  28.630 0.0000000000
52793  21.959  -43.836  25.774 0.0000000000
53772  21.684  -43.938  30.290 0.0000000000
45698  18.924  -49.979  36.535 0.0000000000
79984  53.424  -19.839  11.377 0.0000000000
79963  54.227  -19.242  14.094 0.0000000000
78746  52.997  -20.501  13.922 0.0000000000
79901  48.622  -20.040  18.639 0.0000000000
81054  50.817  -19.428  19.234 0.0000000000
76416  41.841  -23.305  14.842 0.0000000000
78739  43.399  -22.985  15.372 0.0000000000
75119  43.772  -24.159  17.203 0.0000000000
68467  37.709  -29.819  21.809 0.0000000000
69513  36.856  -28.418  23.103 0.0000000000
67296  39.169  -30.469  24.461 0.0000000000
58209  34.124  -39.304  28.542 0.0000000000
56994  36.230  -39.487  26.587 0.0000000000
58178  36.382  -39.182  30.348 0.0000000000
80052  49.992  -19.746  7.621 0.0000000000
82410  50.594  -18.606  5.875 0.0000000000
80033  52.230  -20.185  8.296 0.0000000000
80031  54.230  -19.838  8.213 0.0000000000
82502  57.751  -17.122  0.205 0.0000000000
82487  56.366  -18.127  1.698 0.0000000000
82428  57.823  -18.315  4.601 0.0000000000
81238  55.281  -18.622  2.862 0.0000000000
54749  25.116  -42.554  30.576 0.0000000000
54747  26.991  -42.260  30.868 0.0000000000
52690  25.253  -43.695  33.736 0.0000000000
44565  16.224  -51.483  36.174 0.0000000000
41228  18.056  -53.119  36.670 0.0000000000
41244  16.716  -53.477  35.439 0.0000000000
78819  49.142  -21.238  10.117 0.0000000000
77632  50.901  -21.642  13.255 0.0000000000
77647  48.836  -22.221  12.106 0.0000000000
78752  47.876  -21.845  14.932 0.0000000000
78696  46.689  -20.949  16.849 0.0000000000
70640  42.325  -27.694  18.236 0.0000000000
71763  44.655  -26.918  19.763 0.0000000000
72861  42.908  -26.463  23.060 0.0000000000
63021  37.587  -34.231  22.111 0.0000000000
56869  36.192  -39.792  33.755 0.0000000000
41236  10.107  -54.785  36.019 0.0000000000
41180  11.251  -54.017  39.862 0.0000000000
39965  9.598  -55.648  40.008 0.0000000000
71840  39.649  -26.341  15.611 0.0000000000
70642  40.457  -28.470  17.956 0.0000000000
71747  39.466  -27.740  21.668 0.0000000000
72864  38.692  -26.626  23.927 0.0000000000
57082  30.946  -40.423  23.233 0.0000000000
56978  31.821  -40.073  27.926 0.0000000000
55749  32.491  -41.474  31.005 0.0000000000
53749  29.501  -42.877  31.748 0.0000000000
53710  31.535  -42.885  33.152 0.0000000000
51613  19.946  -45.157  36.086 0.0000000000
49224  18.716  -46.898  38.603 0.0000000000
50510  19.240  -45.990  34.935 0.0000000000
47954  18.995  -47.908  34.907 0.0000000000
45724  18.931  -50.006  34.050 0.0000000000
45775  18.793  -49.832  28.404 0.0000000000
44640  17.717  -51.470  30.254 0.0000000000
44601  17.257  -51.274  33.608 0.0000000000
44603  15.119  -50.985  33.381 0.0000000000
44606  13.206  -52.516  33.132 0.0000000000
43475  11.335  -53.310  33.257 0.0000000000
58245  25.601  -40.419  24.388 0.0000000000
57064  24.210  -40.402  23.862 0.0000000000
55806  24.603  -41.564  27.653 0.0000000000
53769  23.201  -43.282  30.648 0.0000000000
52705  21.760  -43.893  32.676 0.0000000000
81067  54.776  -19.048  17.137 0.0000000000
79947  51.556  -20.617  15.900 0.0000000000
77620  43.332  -22.652  13.383 0.0000000000
78719  45.508  -22.133  16.354 0.0000000000
77534  46.256  -21.789  19.619 0.0000000000
73956  45.912  -25.083  20.769 0.0000000000
76312  47.156  -23.018  21.536 0.0000000000
71772  35.446  -26.905  20.285 0.0000000000
71694  37.259  -27.053  24.160 0.0000000000
70539  38.398  -27.542  27.224 0.0000000000
60607  36.949  -36.871  23.963 0.0000000000
61752  38.306  -35.585  25.738 0.0000000000
59323  37.497  -38.316  32.182 0.0000000000
60529  39.757  -36.611  28.838 0.0000000000
64013  38.929  -33.486  27.363 0.0000000000
66157  38.925  -31.371  28.624 0.0000000000
67227  38.837  -30.319  30.063 0.0000000000
82445  52.949  -18.111  2.844 0.0000000000
81204  54.611  -19.228  5.374 0.0000000000
81157  55.460  -18.407  8.515 0.0000000000
51577  22.052  -44.991  38.267 0.0000000000
43451  11.804  -51.933  36.942 0.0000000000
43441  13.130  -51.642  38.579 0.0000000000
43433  11.797  -52.132  38.922 0.0000000000
72806  40.119  -26.860  26.564 0.0000000000
72784  40.442  -26.338  27.096 0.0000000000
36659  6.634  -58.623  38.899 0.0000000000
57004  26.787  -40.529  26.685 0.0000000000
57003  27.560  -40.253  26.855 0.0000000000
56965  27.234  -41.094  28.051 0.0000000000
51704  20.371  -45.763  28.222 0.0000000000
50588  19.957  -45.936  29.383 0.0000000000
50617  20.152  -46.447  27.628 0.0000000000
52813  21.628  -44.470  25.120 0.0000000000
51740  20.841  -45.123  26.206 0.0000000000
52754  21.158  -44.624  28.486 0.0000000000
44564  18.665  -50.922  36.275 0.0000000000
42354  18.315  -52.504  37.211 0.0000000000
79986  51.948  -20.360  10.608 0.0000000000
78781  52.954  -20.290  12.230 0.0000000000
78782  52.276  -20.575  11.905 0.0000000000
79892  47.884  -20.200  19.392 0.0000000000
79891  48.838  -19.847  19.635 0.0000000000
75171  41.899  -24.116  16.152 0.0000000000
76407  42.744  -23.418  16.094 0.0000000000
73980  43.438  -24.963  17.199 0.0000000000
66239  38.130  -31.537  20.910 0.0000000000
67330  38.472  -30.499  22.322 0.0000000000
67312  38.663  -30.222  23.071 0.0000000000
66201  39.276  -31.496  24.404 0.0000000000
56938  34.580  -40.384  31.073 0.0000000000
58194  35.175  -39.090  29.404 0.0000000000
56937  35.275  -40.066  31.429 0.0000000000
80013  50.678  -20.760  8.849 0.0000000000
80051  50.690  -19.917  7.568 0.0000000000
80012  51.141  -20.712  9.027 0.0000000000
80010  52.839  -20.169  9.291 0.0000000000
82504  55.567  -17.638  0.589 0.0000000000
82505  54.641  -17.621  0.654 0.0000000000
81260  55.518  -18.313  2.107 0.0000000000
82489  54.244  -17.805  1.363 0.0000000000
53754  24.377  -42.844  31.382 0.0000000000
53734  25.650  -42.901  32.331 0.0000000000
52691  24.320  -43.751  33.671 0.0000000000
44566  15.534  -51.153  36.328 0.0000000000
41216  16.307  -52.904  36.151 0.0000000000
42357  15.526  -53.097  36.224 0.0000000000
40066  15.076  -54.905  33.745 0.0000000000
40065  15.863  -54.748  33.485 0.0000000000
78835  48.268  -21.002  9.226 0.0000000000
78800  48.887  -21.803  11.315 0.0000000000
78801  47.690  -21.985  11.076 0.0000000000
77617  46.029  -22.660  13.531 0.0000000000
77616  46.933  -22.299  13.477 0.0000000000
77598  46.439  -22.447  14.284 0.0000000000
78734  47.478  -21.757  15.697 0.0000000000
78735  46.590  -22.032  15.705 0.0000000000
71766  41.986  -27.860  20.538 0.0000000000
71765  42.883  -27.580  20.337 0.0000000000
71726  42.273  -27.227  21.953 0.0000000000
80015  48.378  -20.320  8.559 0.0000000000
40000  9.818  -55.707  37.540 0.0000000000
38935  8.994  -56.390  37.726 0.0000000000
70701  38.451  -27.115  15.293 0.0000000000
70658  39.854  -28.502  16.770 0.0000000000
69593  38.739  -28.252  16.113 0.0000000000
71809  36.864  -28.056  18.380 0.0000000000
71790  37.892  -28.231  19.271 0.0000000000
71748  38.340  -27.372  21.570 0.0000000000
71709  38.965  -26.869  23.343 0.0000000000
71730  38.117  -26.757  22.590 0.0000000000
57083  29.891  -40.257  23.188 0.0000000000
55799  30.316  -40.817  28.546 0.0000000000
57000  30.547  -40.308  26.967 0.0000000000
55798  31.281  -40.584  28.620 0.0000000000
55780  32.584  -40.584  29.854 0.0000000000
55763  32.089  -41.091  30.333 0.0000000000
53732  27.665  -43.030  32.428 0.0000000000
53750  28.385  -42.763  31.685 0.0000000000
53731  28.717  -43.296  32.417 0.0000000000
53704  30.915  -43.818  34.466 0.0000000000
53702  32.286  -42.866  33.807 0.0000000000
51630  20.073  -45.104  34.212 0.0000000000
50500  19.320  -45.583  36.318 0.0000000000
51631  19.663  -45.723  34.280 0.0000000000
48048  19.172  -47.724  31.489 0.0000000000
49291  18.905  -47.110  33.166 0.0000000000
47992  18.947  -48.020  32.831 0.0000000000
46807  19.059  -48.973  34.478 0.0000000000
45729  19.039  -50.121  32.987 0.0000000000
46884  18.827  -49.113  27.173 0.0000000000
45758  15.382  -51.076  28.863 0.0000000000
44657  17.053  -51.394  29.183 0.0000000000
44641  16.618  -51.556  30.288 0.0000000000
44626  17.223  -51.679  31.473 0.0000000000
44614  15.832  -51.406  32.317 0.0000000000
44602  16.135  -51.161  33.514 0.0000000000
44615  14.755  -51.268  32.327 0.0000000000
44607  12.467  -52.953  32.934 0.0000000000
58264  25.853  -39.534  22.957 0.0000000000
59458  25.449  -39.358  22.847 0.0000000000
54812  23.337  -42.006  25.066 0.0000000000
54802  23.684  -41.414  25.506 0.0000000000
57028  24.735  -40.595  25.664 0.0000000000
54783  24.003  -42.058  27.443 0.0000000000
54776  24.064  -42.133  28.638 0.0000000000
54784  23.348  -42.740  28.075 0.0000000000
52714  20.951  -44.407  31.493 0.0000000000
53739  21.541  -44.293  31.368 0.0000000000
52696  20.552  -44.713  33.251 0.0000000000
51620  20.653  -44.661  35.264 0.0000000000
47909  18.613  -47.827  38.286 0.0000000000
38909  13.184  -55.734  39.774 0.0000000000
38915  13.608  -56.098  38.409 0.0000000000
81112  55.661  -18.293  12.941 0.0000000000
81094  53.946  -18.972  16.019 0.0000000000
81093  54.610  -18.869  15.791 0.0000000000
81068  54.162  -18.947  17.479 0.0000000000
81050  53.853  -19.122  18.173 0.0000000000
77593  50.767  -21.654  14.213 0.0000000000
78748  51.252  -21.311  14.397 0.0000000000
78713  50.693  -20.732  16.159 0.0000000000
81053  51.650  -19.229  18.894 0.0000000000
78700  44.193  -22.668  16.517 0.0000000000
78720  44.814  -22.601  16.283 0.0000000000
78682  44.980  -22.376  17.500 0.0000000000
78680  46.055  -21.438  17.712 0.0000000000
77535  45.786  -22.184  19.230 0.0000000000
72892  44.822  -26.358  21.497 0.0000000000
72908  45.493  -25.647  20.281 0.0000000000
72877  45.592  -25.200  22.184 0.0000000000
71773  34.664  -27.370  20.277 0.0000000000
69499  37.990  -28.408  24.988 0.0000000000
70579  36.876  -27.680  23.751 0.0000000000
70566  38.088  -27.732  25.263 0.0000000000
71670  38.626  -27.491  25.658 0.0000000000
69475  38.414  -28.128  27.004 0.0000000000
57080  33.168  -40.060  23.091 0.0000000000
58261  34.641  -39.724  23.935 0.0000000000
58217  37.501  -38.706  27.183 0.0000000000
58240  36.973  -38.439  25.238 0.0000000000
59418  37.934  -37.759  26.287 0.0000000000
60587  37.884  -36.626  25.433 0.0000000000
60568  38.400  -36.618  26.291 0.0000000000
59302  36.746  -38.765  33.196 0.0000000000
60511  40.434  -36.219  30.241 0.0000000000
61706  39.704  -35.647  28.313 0.0000000000
62889  39.407  -33.915  28.814 0.0000000000
65103  38.930  -32.280  27.254 0.0000000000
63989  39.677  -33.370  29.794 0.0000000000
82420  51.017  -18.512  5.455 0.0000000000
81215  53.019  -18.771  4.347 0.0000000000
81214  54.058  -19.139  4.389 0.0000000000
80065  53.591  -19.508  5.795 0.0000000000
81148  54.795  -19.019  10.144 0.0000000000
81158  54.852  -19.140  8.982 0.0000000000
81139  55.345  -18.173  10.692 0.0000000000
82357  56.003  -17.624  10.107 0.0000000000
82461  58.353  -18.042  2.295 0.0000000000
82417  57.360  -18.242  5.531 0.0000000000
82394  57.579  -17.964  7.440 0.0000000000
82395  57.091  -17.512  7.630 0.0000000000
52676  22.756  -43.997  34.379 0.0000000000
52659  23.907  -43.980  35.221 0.0000000000
52645  23.278  -44.254  35.918 0.0000000000
44556  13.629  -51.234  37.257 0.0000000000
42359  14.343  -53.021  36.118 0.0000000000
42345  13.783  -52.615  36.498 0.0000000000
40027  13.630  -54.656  35.547 0.0000000000
38971  14.595  -55.840  34.617 0.0000000000
77651  45.188  -22.092  11.560 0.0000000000
77639  44.630  -22.411  12.615 0.0000000000
71692  41.057  -26.861  23.900 0.0000000000
71691  41.993  -26.749  23.558 0.0000000000
72825  40.745  -26.653  25.595 0.0000000000
72783  41.064  -26.056  26.836 0.0000000000
37828  8.507  -57.011  38.308 0.0000000000
36665  7.223  -58.079  38.498 0.0000000000
35460  7.921  -58.367  40.138 0.0000000000
70682  37.259  -28.120  15.963 0.0000000000
71791  36.578  -27.682  19.331 0.0000000000
57060  29.323  -40.248  24.080 0.0000000000
57042  28.699  -40.409  24.986 0.0000000000
56981  28.916  -40.712  27.741 0.0000000000
55783  29.726  -41.149  29.222 0.0000000000
51656  20.059  -45.279  31.598 0.0000000000
51649  19.547  -45.842  32.919 0.0000000000
50543  19.657  -45.832  31.293 0.0000000000
49357  19.485  -46.814  30.553 0.0000000000
46853  19.307  -48.818  30.037 0.0000000000
44629  14.266  -51.425  31.296 0.0000000000
44660  12.991  -50.987  29.626 0.0000000000
53824  22.386  -43.195  25.192 0.0000000000
53811  22.350  -43.193  26.217 0.0000000000
53788  22.548  -43.515  28.664 0.0000000000
52753  21.887  -44.082  28.425 0.0000000000
52738  21.339  -44.289  29.441 0.0000000000
45690  18.801  -49.844  37.498 0.0000000000
79997  54.105  -19.533  10.759 0.0000000000
81127  54.892  -18.789  12.438 0.0000000000
79971  54.261  -19.346  13.004 0.0000000000
79964  53.705  -19.924  13.546 0.0000000000
79955  53.701  -19.593  14.966 0.0000000000
79939  49.121  -20.678  16.984 0.0000000000
79938  50.188  -20.399  17.008 0.0000000000
79900  49.920  -19.528  18.931 0.0000000000
81037  50.194  -19.439  20.008 0.0000000000
78758  42.727  -23.290  14.114 0.0000000000
77586  42.295  -23.501  15.222 0.0000000000
77561  43.571  -22.987  16.412 0.0000000000
76365  44.636  -23.362  17.944 0.0000000000
73931  45.332  -24.629  24.105 0.0000000000
69544  35.823  -28.419  21.328 0.0000000000
70604  35.477  -27.811  21.457 0.0000000000
68468  37.010  -28.844  22.106 0.0000000000
68439  38.259  -29.208  24.438 0.0000000000
68428  39.046  -29.743  25.170 0.0000000000
56997  33.683  -39.456  27.383 0.0000000000
57036  35.082  -39.635  25.246 0.0000000000
58219  35.344  -39.125  27.617 0.0000000000
58207  35.842  -38.941  28.414 0.0000000000
59370  37.242  -38.735  29.638 0.0000000000
82397  49.278  -18.474  6.684 0.0000000000
82422  49.714  -17.419  5.531 0.0000000000
81197  49.891  -18.868  6.726 0.0000000000
81183  50.781  -19.579  6.858 0.0000000000
80059  51.963  -19.820  6.766 0.0000000000
80048  53.421  -19.903  7.331 0.0000000000
80032  53.204  -20.018  8.342 0.0000000000
80009  53.954  -19.784  9.459 0.0000000000
82534  56.088  -17.024  -0.983 0.0000000000
82503  56.638  -17.498  0.442 0.0000000000
82462  57.485  -18.135  2.570 0.0000000000
82442  58.160  -18.275  3.497 0.0000000000
82463  56.711  -18.463  2.886 0.0000000000
81220  56.175  -18.837  3.861 0.0000000000
81202  55.969  -18.904  4.821 0.0000000000
55770  25.724  -41.800  29.191 0.0000000000
55769  26.461  -41.749  29.273 0.0000000000
54748  25.980  -41.998  30.877 0.0000000000
53733  26.645  -42.854  32.426 0.0000000000
52672  26.437  -43.867  34.627 0.0000000000
43466  17.190  -51.639  35.917 0.0000000000
42355  17.588  -52.537  36.539 0.0000000000
42341  16.991  -52.612  36.146 0.0000000000
41229  17.138  -53.039  35.965 0.0000000000
41245  16.000  -53.538  35.125 0.0000000000
40044  17.263  -54.048  34.117 0.0000000000
78818  50.191  -20.986  9.936 0.0000000000
78783  51.085  -21.341  12.314 0.0000000000
78799  50.091  -21.333  11.091 0.0000000000
77633  50.274  -21.869  12.914 0.0000000000
77595  49.292  -22.044  14.258 0.0000000000
77649  47.128  -22.362  11.711 0.0000000000
77615  47.931  -22.362  13.488 0.0000000000
78751  48.808  -21.734  14.918 0.0000000000
78715  48.778  -21.089  16.272 0.0000000000
79921  48.285  -20.600  17.627 0.0000000000
79902  47.659  -20.623  18.493 0.0000000000
70655  42.724  -27.313  17.815 0.0000000000
71821  43.402  -26.240  17.544 0.0000000000
70622  43.616  -27.415  18.837 0.0000000000
72893  43.907  -26.780  21.450 0.0000000000
72860  43.945  -25.893  23.404 0.0000000000
72841  42.852  -26.245  24.086 0.0000000000
72822  43.266  -25.915  24.856 0.0000000000
73916  43.956  -25.468  24.516 0.0000000000
64082  38.176  -33.413  22.421 0.0000000000
56897  35.184  -39.800  33.047 0.0000000000
82399  47.861  -17.705  6.856 0.0000000000
81173  48.744  -19.291  7.665 0.0000000000
78834  49.320  -20.754  8.913 0.0000000000
86065  54.162  -14.484  -0.855 0.0000000000
84936  52.994  -15.730  0.071 0.0000000000
41235  10.656  -54.227  36.417 0.0000000000
42347  11.204  -53.472  37.903 0.0000000000
41206  10.690  -54.078  38.443 0.0000000000
41182  10.403  -54.645  39.653 0.0000000000
37806  11.789  -56.013  40.788 0.0000000000
38911  9.063  -56.099  40.057 0.0000000000
74004  40.217  -24.464  15.536 0.0000000000
74020  39.371  -24.576  15.128 0.0000000000
72943  41.071  -25.789  16.116 0.0000000000
70678  41.480  -27.431  16.681 0.0000000000
70641  41.441  -28.025  18.089 0.0000000000
71788  40.366  -28.205  19.768 0.0000000000
70659  38.777  -28.567  17.105 0.0000000000
71789  39.261  -28.064  19.637 0.0000000000
71746  40.601  -27.772  21.614 0.0000000000
71708  40.091  -26.895  23.465 0.0000000000
72863  39.511  -26.883  24.157 0.0000000000
72807  39.638  -27.085  26.599 0.0000000000
57057  32.595  -40.327  24.194 0.0000000000
57040  30.831  -40.300  25.150 0.0000000000
57039  31.881  -40.030  25.169 0.0000000000
57018  33.311  -39.686  26.233 0.0000000000
56976  33.482  -39.597  28.436 0.0000000000
56950  33.243  -40.292  29.793 0.0000000000
55747  34.289  -40.863  31.718 0.0000000000
54763  27.673  -42.165  30.069 0.0000000000
54762  28.640  -41.821  30.363 0.0000000000
54761  29.653  -41.688  30.533 0.0000000000
53730  29.797  -43.309  32.572 0.0000000000
53748  30.337  -42.937  31.985 0.0000000000
54744  30.630  -42.207  31.226 0.0000000000
54743  32.024  -42.001  31.482 0.0000000000
54729  32.891  -42.036  32.326 0.0000000000
55706  34.356  -41.413  33.910 0.0000000000
50489  20.114  -45.382  37.487 0.0000000000
50490  19.477  -45.511  37.114 0.0000000000
49236  18.644  -46.859  37.602 0.0000000000
47924  18.476  -47.812  37.199 0.0000000000
50523  19.207  -46.396  33.459 0.0000000000
49279  19.053  -47.029  34.145 0.0000000000
47938  18.740  -47.860  36.052 0.0000000000
46789  18.978  -49.101  35.667 0.0000000000
45708  18.908  -50.200  35.798 0.0000000000
44575  18.616  -50.914  35.503 0.0000000000
48118  19.569  -47.826  27.272 0.0000000000
46861  19.347  -48.919  28.944 0.0000000000
45756  19.098  -49.749  29.396 0.0000000000
45777  16.899  -50.815  28.044 0.0000000000
44656  18.142  -51.191  29.373 0.0000000000
45735  19.026  -50.079  31.787 0.0000000000
44612  18.146  -51.115  32.484 0.0000000000
44600  18.347  -50.912  33.739 0.0000000000
44576  17.787  -51.368  35.357 0.0000000000
44577  16.601  -51.256  35.607 0.0000000000
44578  15.544  -50.811  35.527 0.0000000000
44579  14.572  -50.666  35.396 0.0000000000
44616  14.071  -51.774  32.278 0.0000000000
44605  13.691  -51.839  33.259 0.0000000000
44580  13.714  -50.798  35.171 0.0000000000
44582  12.680  -51.777  34.594 0.0000000000
43468  12.241  -52.371  34.757 0.0000000000
42376  11.230  -53.597  34.105 0.0000000000
42377  10.189  -53.821  34.517 0.0000000000
41250  9.644  -54.393  35.133 0.0000000000
58262  26.605  -39.873  22.818 0.0000000000
57044  26.689  -40.285  24.490 0.0000000000
57005  26.193  -40.934  26.635 0.0000000000
59460  24.940  -39.810  23.664 0.0000000000
57027  25.194  -40.630  25.949 0.0000000000
55805  25.322  -41.262  27.686 0.0000000000
54775  24.708  -41.770  28.811 0.0000000000
54750  24.167  -42.892  30.504 0.0000000000
53755  23.448  -43.151  31.234 0.0000000000
53779  22.587  -43.562  29.638 0.0000000000
53756  22.691  -43.579  31.155 0.0000000000
52704  22.225  -43.626  32.977 0.0000000000
52677  21.889  -43.980  34.331 0.0000000000
51612  20.747  -44.788  36.225 0.0000000000
39984  12.872  -54.546  38.421 0.0000000000
37846  13.932  -56.402  36.310 0.0000000000
81092  55.294  -18.823  15.407 0.0000000000
78766  52.156  -20.831  13.111 0.0000000000
79956  52.742  -20.521  14.851 0.0000000000
79936  52.730  -19.401  17.163 0.0000000000
79937  51.452  -20.027  16.844 0.0000000000
79917  52.471  -19.307  17.782 0.0000000000
81051  53.179  -19.086  18.581 0.0000000000
77640  43.656  -22.203  12.550 0.0000000000
78768  44.565  -22.993  13.961 0.0000000000
78770  43.287  -22.967  14.068 0.0000000000
78756  44.051  -22.766  14.715 0.0000000000
78736  45.721  -22.423  15.666 0.0000000000
78697  45.889  -21.254  16.895 0.0000000000
79903  46.829  -21.128  18.238 0.0000000000
79884  47.474  -20.556  19.901 0.0000000000
72917  44.799  -25.709  18.579 0.0000000000
73965  45.070  -24.893  18.969 0.0000000000
75105  45.301  -23.989  19.292 0.0000000000
73942  45.703  -24.696  22.784 0.0000000000
75071  46.509  -23.904  21.223 0.0000000000
76332  45.985  -22.740  20.103 0.0000000000
77526  46.429  -22.096  20.193 0.0000000000
77516  47.644  -21.990  21.460 0.0000000000
71792  35.538  -27.045  19.174 0.0000000000
71771  36.450  -27.047  20.317 0.0000000000
71733  35.757  -27.298  22.145 0.0000000000
71732  36.267  -26.801  22.190 0.0000000000
71731  37.055  -26.715  22.240 0.0000000000
72865  38.017  -26.117  23.919 0.0000000000
71681  38.863  -27.312  25.721 0.0000000000
72787  38.996  -26.962  27.468 0.0000000000
58260  35.571  -39.316  24.030 0.0000000000
61786  37.017  -35.754  23.233 0.0000000000
62986  37.839  -34.453  23.740 0.0000000000
64049  38.625  -33.656  24.231 0.0000000000
58143  36.469  -39.281  32.404 0.0000000000
59337  37.164  -38.639  31.086 0.0000000000
59369  38.155  -38.224  29.772 0.0000000000
59349  38.915  -37.654  31.083 0.0000000000
59385  39.272  -37.838  28.898 0.0000000000
60567  38.993  -36.458  27.048 0.0000000000
62938  38.874  -34.454  26.639 0.0000000000
65132  39.119  -32.693  24.839 0.0000000000
66188  39.198  -31.809  25.608 0.0000000000
66179  39.107  -31.540  26.679 0.0000000000
67262  39.141  -30.500  27.060 0.0000000000
65072  39.370  -32.415  30.201 0.0000000000
66148  38.958  -31.267  29.556 0.0000000000
68388  38.799  -29.387  28.509 0.0000000000
69446  38.485  -28.467  28.945 0.0000000000
83708  52.626  -16.189  0.744 0.0000000000
82466  53.084  -17.897  2.129 0.0000000000
81240  53.558  -18.222  2.654 0.0000000000
81213  54.836  -19.115  4.569 0.0000000000
81192  55.466  -18.955  5.824 0.0000000000
80047  54.342  -19.721  7.161 0.0000000000
81182  54.981  -19.129  6.930 0.0000000000
82385  56.063  -17.733  8.040 0.0000000000
82384  56.741  -17.344  8.710 0.0000000000
50478  21.265  -45.484  38.421 0.0000000000
43442  11.862  -52.046  37.962 0.0000000000
42346  11.568  -52.731  37.406 0.0000000000
72785  39.889  -26.577  27.318 0.0000000000
56983  27.095  -40.680  27.540 0.0000000000
55803  26.719  -41.115  28.064 0.0000000000
51719  20.504  -45.726  27.276 0.0000000000
50635  20.226  -46.482  26.573 0.0000000000
51718  20.845  -45.073  26.926 0.0000000000
43456  18.288  -51.806  36.711 0.0000000000
78797  51.983  -20.369  11.125 0.0000000000
75142  42.102  -24.709  16.283 0.0000000000
75141  42.493  -24.511  16.453 0.0000000000
73981  42.839  -25.094  16.790 0.0000000000
65160  38.613  -32.378  22.287 0.0000000000
66225  38.465  -31.495  21.778 0.0000000000
66224  38.816  -31.515  22.583 0.0000000000
67329  38.903  -30.848  22.964 0.0000000000
66213  39.084  -31.554  23.381 0.0000000000
56923  34.859  -40.389  31.860 0.0000000000
56922  35.220  -39.978  32.415 0.0000000000
78817  50.909  -20.824  9.649 0.0000000000
80000  51.617  -20.568  9.904 0.0000000000
82523  54.242  -17.365  0.154 0.0000000000
53736  23.686  -43.123  32.185 0.0000000000
53717  24.020  -43.352  32.965 0.0000000000
44554  15.165  -51.575  36.619 0.0000000000
43448  15.324  -52.087  36.553 0.0000000000
78836  47.240  -20.927  9.497 0.0000000000
78820  48.048  -21.685  10.126 0.0000000000
78754  46.143  -22.723  15.031 0.0000000000
71745  41.640  -27.716  21.448 0.0000000000
38934  9.389  -56.155  37.314 0.0000000000
72962  38.153  -25.615  14.730 0.0000000000
71860  37.810  -26.486  14.935 0.0000000000
70681  38.245  -27.901  15.725 0.0000000000
71749  37.303  -26.930  21.388 0.0000000000
56979  30.913  -40.418  27.813 0.0000000000
55781  31.765  -40.669  29.481 0.0000000000
55764  31.055  -41.486  30.179 0.0000000000
53713  27.950  -43.581  33.141 0.0000000000
52687  28.206  -43.888  33.984 0.0000000000
51622  19.512  -45.499  35.008 0.0000000000
48020  19.109  -48.096  32.041 0.0000000000
46839  19.187  -48.983  32.391 0.0000000000
46825  19.109  -48.982  33.423 0.0000000000
44642  15.522  -51.410  30.156 0.0000000000
44627  16.128  -51.668  31.313 0.0000000000
54803  23.212  -42.051  26.089 0.0000000000
54791  23.808  -41.666  26.481 0.0000000000
52707  20.500  -44.777  32.436 0.0000000000
46747  18.523  -48.831  38.877 0.0000000000
37812  13.446  -56.791  39.425 0.0000000000
37819  13.984  -56.890  38.739 0.0000000000
81126  55.496  -18.198  11.811 0.0000000000
81084  54.406  -18.881  16.663 0.0000000000
81069  53.504  -18.961  17.860 0.0000000000
78749  50.530  -21.505  14.799 0.0000000000
78730  50.983  -20.939  15.274 0.0000000000
77546  44.946  -22.583  18.017 0.0000000000
78699  44.773  -22.502  16.892 0.0000000000
77545  45.485  -22.244  18.492 0.0000000000
72878  44.974  -25.719  22.587 0.0000000000
73943  44.982  -25.276  23.080 0.0000000000
69493  38.590  -28.472  26.044 0.0000000000
70565  38.340  -28.020  25.735 0.0000000000
57056  33.812  -39.958  24.089 0.0000000000
57079  33.842  -40.051  23.300 0.0000000000
57055  34.658  -39.757  24.523 0.0000000000
58205  37.706  -38.642  27.887 0.0000000000
59417  38.615  -37.424  26.865 0.0000000000
60510  40.549  -35.878  30.777 0.0000000000
61690  40.347  -35.497  29.630 0.0000000000
62888  39.969  -34.405  29.288 0.0000000000
62877  40.060  -33.845  29.978 0.0000000000
81207  51.735  -18.799  5.290 0.0000000000
81216  52.146  -18.580  4.654 0.0000000000
82418  56.557  -18.522  5.340 0.0000000000
82406  57.519  -18.115  6.593 0.0000000000
82407  56.814  -18.061  6.364 0.0000000000
52661  22.055  -44.145  35.254 0.0000000000
52660  23.018  -43.993  35.197 0.0000000000
52646  22.527  -44.306  35.849 0.0000000000
44557  12.949  -50.958  37.006 0.0000000000
43450  13.707  -51.815  36.986 0.0000000000
44544  13.182  -51.530  38.039 0.0000000000
41205  12.686  -53.501  37.886 0.0000000000
41218  13.025  -53.463  36.813 0.0000000000
38957  13.645  -55.305  35.675 0.0000000000
38972  14.357  -55.344  34.580 0.0000000000
38944  13.735  -55.779  35.856 0.0000000000
78803  44.545  -21.596  10.709 0.0000000000
77652  44.111  -21.930  11.605 0.0000000000
71693  40.523  -26.854  24.109 0.0000000000
72843  40.831  -26.779  24.695 0.0000000000
37836  7.607  -57.528  37.143 0.0000000000
36653  7.254  -58.622  39.530 0.0000000000
35461  7.290  -58.899  39.813 0.0000000000
57061  28.252  -40.346  23.859 0.0000000000
57023  28.125  -40.069  25.919 0.0000000000
56982  27.854  -40.884  27.763 0.0000000000
57002  28.505  -40.424  26.904 0.0000000000
55800  29.337  -40.902  28.488 0.0000000000
55784  28.836  -41.383  29.006 0.0000000000
51670  20.199  -45.368  30.776 0.0000000000
49376  19.588  -46.873  29.049 0.0000000000
49356  19.621  -46.643  29.837 0.0000000000
48071  19.491  -47.197  30.008 0.0000000000
48072  19.355  -47.714  30.601 0.0000000000
48090  19.484  -47.768  29.414 0.0000000000
52812  21.890  -43.721  24.656 0.0000000000
52770  22.123  -43.927  27.024 0.0000000000
51687  20.526  -45.219  29.089 0.0000000000
51669  20.703  -44.862  30.160 0.0000000000
51655  20.567  -44.762  31.089 0.0000000000
44543  18.815  -50.739  38.058 0.0000000000
79983  54.149  -19.350  11.883 0.0000000000
78765  52.987  -20.416  12.845 0.0000000000
79920  49.429  -20.042  17.785 0.0000000000
79890  49.653  -19.565  19.877 0.0000000000
77587  41.868  -23.325  14.530 0.0000000000
75169  43.046  -23.714  16.541 0.0000000000
76386  43.435  -23.463  16.623 0.0000000000
76366  44.182  -23.458  17.274 0.0000000000
75118  44.356  -24.116  17.782 0.0000000000
69553  35.689  -28.925  20.758 0.0000000000
68478  36.221  -29.048  21.166 0.0000000000
68469  36.287  -28.709  21.755 0.0000000000
68450  38.658  -29.975  23.449 0.0000000000
68451  38.003  -29.439  23.120 0.0000000000
68438  38.724  -29.863  24.038 0.0000000000
58221  33.931  -39.380  28.055 0.0000000000
56996  34.803  -39.307  26.991 0.0000000000
58220  34.443  -39.197  27.842 0.0000000000
58179  35.711  -39.255  30.095 0.0000000000
58193  36.346  -38.953  29.422 0.0000000000
58192  36.956  -38.864  29.118 0.0000000000
59371  36.746  -38.983  29.972 0.0000000000
81185  49.363  -18.986  7.103 0.0000000000
81184  50.174  -19.355  7.052 0.0000000000
80034  51.332  -20.334  8.266 0.0000000000
80050  51.529  -19.938  7.304 0.0000000000
81195  51.281  -19.403  6.059 0.0000000000
80049  52.490  -19.945  7.410 0.0000000000
79998  53.202  -19.913  10.339 0.0000000000
82486  57.559  -17.771  1.389 0.0000000000
81237  56.096  -18.743  3.240 0.0000000000
81221  55.606  -18.895  3.691 0.0000000000
81211  55.938  -18.940  4.226 0.0000000000
54765  25.774  -41.998  29.927 0.0000000000
53716  24.969  -43.234  33.051 0.0000000000
53715  25.948  -43.326  33.056 0.0000000000
53714  26.943  -43.306  33.158 0.0000000000
52689  26.215  -43.710  33.803 0.0000000000
43467  16.646  -51.547  36.033 0.0000000000
42356  17.028  -52.344  36.215 0.0000000000
43458  16.593  -51.918  36.296 0.0000000000
41230  16.235  -53.247  35.845 0.0000000000
40024  17.510  -53.728  35.200 0.0000000000
41232  14.611  -53.372  35.683 0.0000000000
41246  15.079  -53.525  35.097 0.0000000000
41259  15.473  -53.780  34.550 0.0000000000
78785  49.260  -22.047  12.021 0.0000000000
77634  49.385  -22.258  12.677 0.0000000000
77613  49.759  -22.077  13.558 0.0000000000
77614  48.909  -22.458  13.530 0.0000000000
77662  46.647  -22.140  11.128 0.0000000000
78802  47.088  -22.116  11.033 0.0000000000
77597  47.392  -22.115  14.208 0.0000000000
77596  48.374  -22.184  14.255 0.0000000000
78733  48.360  -21.542  15.649 0.0000000000
78717  47.065  -21.382  16.296 0.0000000000
78695  47.568  -20.884  16.893 0.0000000000
79922  47.264  -20.933  17.613 0.0000000000
70639  43.080  -27.320  18.348 0.0000000000
70624  42.691  -27.675  18.925 0.0000000000
71725  43.131  -26.969  21.702 0.0000000000
71743  43.401  -27.112  20.906 0.0000000000
72879  43.827  -26.502  22.340 0.0000000000
72842  41.773  -26.566  24.452 0.0000000000
72823  42.367  -26.150  25.028 0.0000000000
73904  42.811  -25.862  25.591 0.0000000000
72840  43.618  -25.822  24.166 0.0000000000
73903  43.682  -25.421  25.598 0.0000000000
64101  37.765  -33.699  21.123 0.0000000000
65177  38.231  -32.511  21.475 0.0000000000
81186  48.403  -18.614  7.281 0.0000000000
81174  48.046  -19.100  7.791 0.0000000000
80014  48.911  -20.190  8.421 0.0000000000
86066  53.518  -14.947  -0.517 0.0000000000
41220  10.731  -54.177  37.474 0.0000000000
41221  10.328  -54.952  37.005 0.0000000000
39973  9.816  -55.247  38.937 0.0000000000
41194  10.224  -54.601  39.020 0.0000000000
39967  9.917  -55.158  39.573 0.0000000000
39963  10.605  -55.122  40.439 0.0000000000
38905  10.799  -55.710  40.664 0.0000000000
37820  8.547  -56.890  39.179 0.0000000000
37816  8.596  -56.758  39.908 0.0000000000
75173  40.466  -23.751  15.394 0.0000000000
75190  40.015  -23.686  15.051 0.0000000000
71858  39.096  -26.006  15.456 0.0000000000
72961  38.873  -25.418  15.148 0.0000000000
72960  39.573  -25.385  15.466 0.0000000000
72944  40.313  -25.563  15.772 0.0000000000
71839  40.435  -26.658  15.881 0.0000000000
71838  41.310  -26.757  16.218 0.0000000000
70657  41.031  -28.026  17.165 0.0000000000
70626  40.899  -28.230  18.901 0.0000000000
70660  37.796  -28.538  16.886 0.0000000000
70644  38.188  -28.553  18.029 0.0000000000
71769  38.699  -27.885  20.577 0.0000000000
71768  39.871  -28.106  20.700 0.0000000000
71728  40.294  -27.127  22.356 0.0000000000
72845  39.269  -27.022  24.814 0.0000000000
57102  31.478  -40.213  22.318 0.0000000000
57081  32.063  -40.378  23.206 0.0000000000
57041  29.766  -40.368  25.090 0.0000000000
56999  31.527  -40.009  27.033 0.0000000000
57020  31.218  -40.176  26.104 0.0000000000
57019  32.232  -39.827  26.151 0.0000000000
56998  32.536  -39.742  27.153 0.0000000000
56977  32.723  -39.849  28.132 0.0000000000
55762  33.097  -40.853  30.502 0.0000000000
55761  33.888  -40.781  30.971 0.0000000000
55748  33.361  -41.342  31.478 0.0000000000
54764  26.678  -42.038  30.034 0.0000000000
55768  27.327  -41.759  29.315 0.0000000000
54745  29.121  -42.181  31.144 0.0000000000
53703  31.576  -43.259  34.052 0.0000000000
53729  30.706  -43.059  32.640 0.0000000000
53728  31.214  -42.808  32.519 0.0000000000
54731  30.932  -42.759  32.075 0.0000000000
54730  31.664  -42.514  32.213 0.0000000000
54717  32.914  -42.407  33.444 0.0000000000
55722  33.778  -41.716  33.261 0.0000000000
51598  20.144  -45.002  36.867 0.0000000000
50480  19.631  -45.850  38.054 0.0000000000
50501  19.081  -45.967  35.793 0.0000000000
50491  18.871  -46.043  36.886 0.0000000000
49248  18.739  -46.846  36.478 0.0000000000
47972  19.017  -47.956  33.817 0.0000000000
46773  18.656  -48.894  36.804 0.0000000000
45717  19.051  -50.060  35.019 0.0000000000
44587  18.514  -50.893  34.683 0.0000000000
45792  18.809  -49.485  27.743 0.0000000000
46871  19.263  -49.060  27.997 0.0000000000
44674  18.816  -50.214  29.011 0.0000000000
45795  16.264  -49.947  27.348 0.0000000000
44639  18.537  -50.968  30.159 0.0000000000
44625  18.364  -50.973  31.119 0.0000000000
44588  17.509  -51.247  34.604 0.0000000000
44589  16.414  -51.021  34.596 0.0000000000
44590  15.376  -50.780  34.482 0.0000000000
44591  14.428  -50.829  34.332 0.0000000000
44630  13.432  -51.662  31.247 0.0000000000
44592  13.664  -51.184  34.167 0.0000000000
44593  13.144  -51.764  34.021 0.0000000000
44581  13.045  -51.216  34.869 0.0000000000
43474  12.124  -53.168  33.762 0.0000000000
42375  11.949  -53.070  34.494 0.0000000000
42370  10.308  -54.003  35.204 0.0000000000
41262  9.227  -54.121  34.007 0.0000000000
58243  26.315  -40.052  23.621 0.0000000000
58244  26.048  -40.256  24.067 0.0000000000
57025  26.327  -40.629  25.556 0.0000000000
58231  25.711  -40.664  25.184 0.0000000000
58286  24.210  -39.678  22.992 0.0000000000
59482  24.733  -39.495  23.125 0.0000000000
58267  24.808  -40.181  23.979 0.0000000000
55823  24.688  -40.801  26.290 0.0000000000
55814  24.970  -41.046  26.905 0.0000000000
57006  25.578  -41.027  26.757 0.0000000000
55788  25.359  -41.570  28.616 0.0000000000
55789  24.793  -41.607  28.309 0.0000000000
54767  23.645  -43.041  29.863 0.0000000000
53789  22.023  -43.799  28.997 0.0000000000
53771  22.068  -43.731  30.310 0.0000000000
53738  22.086  -44.257  31.711 0.0000000000
53737  22.750  -43.723  32.206 0.0000000000
52694  21.714  -43.893  33.526 0.0000000000
50466  19.131  -46.248  38.670 0.0000000000
42320  11.110  -53.572  39.379 0.0000000000
42319  11.488  -53.002  39.048 0.0000000000
42294  12.003  -53.830  39.637 0.0000000000
37832  14.662  -57.006  37.418 0.0000000000
37833  13.880  -56.584  37.145 0.0000000000
37845  14.460  -56.841  36.719 0.0000000000
37859  14.655  -56.798  35.971 0.0000000000
36687  15.469  -57.189  35.779 0.0000000000
81113  54.895  -18.754  13.593 0.0000000000
81103  54.574  -18.813  14.770 0.0000000000
81083  55.055  -18.895  16.357 0.0000000000
78767  51.469  -21.332  13.514 0.0000000000
78729  51.870  -20.721  15.076 0.0000000000
79946  52.518  -20.079  15.896 0.0000000000
79919  50.652  -19.771  17.853 0.0000000000
79899  51.104  -19.514  18.616 0.0000000000
81071  52.212  -19.170  18.512 0.0000000000
81052  52.442  -19.024  18.864 0.0000000000
81070  52.719  -19.077  18.070 0.0000000000
77619  44.205  -22.676  13.442 0.0000000000
78769  44.058  -22.889  14.047 0.0000000000
77600  42.949  -23.364  14.950 0.0000000000
78757  43.198  -23.099  14.626 0.0000000000
78738  44.021  -22.694  15.449 0.0000000000
78737  44.863  -22.729  15.597 0.0000000000
78671  46.202  -21.460  18.821 0.0000000000
79893  47.081  -20.750  19.161 0.0000000000
78664  46.936  -21.317  19.969 0.0000000000
71783  44.623  -26.581  18.788 0.0000000000
71805  44.415  -26.192  18.334 0.0000000000
73964  45.538  -24.906  19.819 0.0000000000
75088  45.935  -23.926  20.257 0.0000000000
75061  46.609  -24.042  22.334 0.0000000000
75087  46.262  -23.340  20.574 0.0000000000
76331  46.568  -22.843  20.730 0.0000000000
71793  34.476  -27.254  19.234 0.0000000000
71750  36.313  -26.790  21.294 0.0000000000
69514  36.274  -28.139  22.766 0.0000000000
71734  35.432  -27.514  21.784 0.0000000000
70580  36.313  -27.785  23.057 0.0000000000
71711  36.482  -27.097  23.125 0.0000000000
72883  36.854  -26.603  22.868 0.0000000000
72866  37.199  -26.480  23.671 0.0000000000
72882  37.544  -26.418  23.079 0.0000000000
72847  37.874  -26.575  24.539 0.0000000000
71669  38.817  -27.412  26.618 0.0000000000
72808  39.239  -27.231  26.615 0.0000000000
71657  38.696  -27.175  27.655 0.0000000000
57016  35.294  -39.543  26.148 0.0000000000
58242  35.733  -39.409  24.962 0.0000000000
57015  36.051  -39.577  26.046 0.0000000000
59454  37.093  -37.249  24.360 0.0000000000
59455  36.571  -37.864  24.059 0.0000000000
60627  36.702  -36.610  23.149 0.0000000000
60626  37.047  -36.181  23.752 0.0000000000
61768  37.855  -35.563  24.835 0.0000000000
61785  37.418  -35.295  23.834 0.0000000000
62969  38.004  -34.567  24.410 0.0000000000
64050  38.159  -34.152  23.951 0.0000000000
62954  38.287  -34.892  25.102 0.0000000000
58111  35.752  -39.452  33.157 0.0000000000
58124  35.699  -39.474  32.751 0.0000000000
58123  36.194  -39.028  33.004 0.0000000000
59312  37.419  -38.449  32.975 0.0000000000
59313  36.895  -38.779  32.689 0.0000000000
59336  37.462  -38.191  31.334 0.0000000000
59351  37.429  -38.325  30.519 0.0000000000
59350  38.090  -37.900  30.737 0.0000000000
59367  39.797  -37.117  30.428 0.0000000000
59384  39.652  -37.242  29.544 0.0000000000
59368  38.985  -37.734  30.088 0.0000000000
60549  39.452  -36.664  27.996 0.0000000000
62921  39.003  -34.663  27.383 0.0000000000
64037  38.798  -33.595  25.270 0.0000000000
64026  38.899  -33.580  26.188 0.0000000000
65122  38.977  -32.847  25.676 0.0000000000
65113  38.951  -32.584  26.460 0.0000000000
65091  38.882  -32.391  28.122 0.0000000000
66167  38.982  -31.413  27.638 0.0000000000
63982  39.952  -33.326  30.580 0.0000000000
65062  39.736  -32.367  31.130 0.0000000000
66142  39.030  -31.309  30.429 0.0000000000
67243  38.928  -30.340  29.071 0.0000000000
69459  38.499  -28.430  27.886 0.0000000000
68374  38.720  -29.337  29.539 0.0000000000
84937  52.602  -15.655  0.600 0.0000000000
82421  50.354  -17.691  5.266 0.0000000000
82467  52.443  -17.449  2.337 0.0000000000
82491  52.778  -17.452  1.818 0.0000000000
81203  55.372  -19.016  5.070 0.0000000000
81193  54.985  -19.078  6.192 0.0000000000
80057  53.581  -19.712  6.475 0.0000000000
81172  55.013  -19.227  7.896 0.0000000000
81171  55.550  -18.516  7.500 0.0000000000
82373  55.975  -17.674  9.086 0.0000000000
82356  56.834  -17.151  10.459 0.0000000000
82519  57.371  -16.817  -0.495 0.0000000000
83721  57.818  -16.742  -0.743 0.0000000000
51596  21.851  -44.748  37.295 0.0000000000
44546  12.281  -51.427  37.540 0.0000000000
43431  13.137  -52.151  38.785 0.0000000000
42318  12.740  -52.802  38.959 0.0000000000
72826  40.260  -26.884  25.896 0.0000000000
57024  27.180  -40.295  25.756 0.0000000000
55802  27.878  -41.254  28.292 0.0000000000
50587  20.240  -45.520  29.459 0.0000000000
51688  20.181  -45.781  28.810 0.0000000000
50603  19.983  -46.317  28.533 0.0000000000
49390  19.760  -47.186  28.044 0.0000000000
52794  21.302  -44.521  26.303 0.0000000000
52771  21.325  -44.560  27.512 0.0000000000
51703  20.766  -45.125  27.915 0.0000000000
44553  18.830  -50.891  37.122 0.0000000000
43446  18.628  -51.682  37.632 0.0000000000
41214  18.672  -53.199  37.481 0.0000000000
79985  52.556  -20.096  11.054 0.0000000000
79973  52.951  -20.148  11.795 0.0000000000
79882  49.039  -19.862  20.484 0.0000000000
76408  41.860  -23.429  15.384 0.0000000000
75140  43.082  -24.208  16.777 0.0000000000
67339  38.029  -30.605  21.311 0.0000000000
67311  39.024  -30.595  23.656 0.0000000000
56960  34.457  -39.575  29.685 0.0000000000
58195  34.443  -39.276  29.095 0.0000000000
56948  34.985  -39.715  30.396 0.0000000000
58163  35.847  -39.614  30.890 0.0000000000
80035  50.408  -20.426  8.365 0.0000000000
80011  51.932  -20.376  9.156 0.0000000000
79999  52.363  -20.257  10.073 0.0000000000
82522  54.797  -17.330  -0.122 0.0000000000
82488  55.185  -17.930  1.423 0.0000000000
82464  54.738  -18.149  2.122 0.0000000000
53753  25.362  -42.670  31.499 0.0000000000
53735  24.660  -42.916  32.272 0.0000000000
43459  15.812  -51.686  36.490 0.0000000000
42342  16.450  -52.509  36.309 0.0000000000
43447  15.971  -52.183  36.500 0.0000000000
42343  15.660  -52.713  36.380 0.0000000000
40046  15.282  -54.225  33.998 0.0000000000
77648  48.093  -22.227  11.924 0.0000000000
77637  46.560  -22.500  12.634 0.0000000000
78753  46.901  -22.038  14.959 0.0000000000
71786  42.321  -27.776  19.667 0.0000000000
71744  42.586  -27.500  21.198 0.0000000000
72880  42.847  -26.825  22.357 0.0000000000
40013  9.647  -55.518  36.485 0.0000000000
40001  9.408  -56.045  37.718 0.0000000000
39974  9.432  -55.830  38.852 0.0000000000
71859  38.568  -26.231  15.159 0.0000000000
70700  39.057  -26.694  15.393 0.0000000000
70679  40.687  -27.659  16.252 0.0000000000
70680  39.424  -27.681  15.770 0.0000000000
69579  39.383  -28.292  16.243 0.0000000000
69580  39.052  -28.408  16.481 0.0000000000
71808  37.501  -28.389  18.379 0.0000000000
71729  39.200  -27.098  22.496 0.0000000000
71710  38.484  -26.580  23.292 0.0000000000
56980  29.926  -40.622  27.763 0.0000000000
56963  32.027  -40.142  28.696 0.0000000000
53751  27.339  -42.545  31.694 0.0000000000
53709  32.233  -42.642  33.353 0.0000000000
51621  19.981  -45.105  35.130 0.0000000000
51614  19.525  -45.447  35.666 0.0000000000
49305  18.948  -47.200  32.154 0.0000000000
45793  18.363  -49.859  27.471 0.0000000000
45757  16.249  -50.938  28.745 0.0000000000
44658  16.152  -51.229  29.463 0.0000000000
44613  16.851  -51.494  32.533 0.0000000000
44594  12.705  -52.424  33.925 0.0000000000
43481  11.629  -53.064  32.733 0.0000000000
59457  25.654  -39.171  22.439 0.0000000000
58265  25.564  -39.858  23.609 0.0000000000
54811  23.654  -41.314  24.607 0.0000000000
55832  24.011  -40.824  24.834 0.0000000000
57047  24.589  -40.526  24.885 0.0000000000
55824  24.237  -40.927  25.823 0.0000000000
55815  24.420  -41.358  26.781 0.0000000000
54777  23.233  -43.099  29.093 0.0000000000
52726  21.207  -44.276  30.512 0.0000000000
53758  21.607  -44.091  30.820 0.0000000000
52706  21.143  -44.297  32.332 0.0000000000
52695  21.076  -44.210  33.332 0.0000000000
52678  21.130  -44.413  34.258 0.0000000000
52679  20.668  -44.707  33.904 0.0000000000
51629  20.440  -44.760  34.553 0.0000000000
39960  12.512  -54.956  40.270 0.0000000000
41170  12.601  -54.693  39.931 0.0000000000
38908  13.508  -56.187  39.079 0.0000000000
37827  14.093  -56.645  37.958 0.0000000000
81104  54.157  -18.887  15.382 0.0000000000
79916  54.316  -19.283  17.660 0.0000000000
77611  51.025  -21.610  13.878 0.0000000000
81045  50.557  -19.363  19.693 0.0000000000
78721  43.955  -22.688  16.060 0.0000000000
78698  45.384  -21.912  17.000 0.0000000000
78681  45.483  -22.032  17.865 0.0000000000
78672  45.794  -21.965  18.589 0.0000000000
72901  45.064  -26.331  20.454 0.0000000000
72900  45.498  -25.892  20.938 0.0000000000
71751  35.457  -26.853  21.330 0.0000000000
69505  37.564  -28.769  23.895 0.0000000000
69506  37.313  -28.150  24.233 0.0000000000
70571  37.505  -27.600  24.558 0.0000000000
71682  38.118  -27.202  24.987 0.0000000000
70555  38.580  -27.716  25.951 0.0000000000
58218  36.493  -39.296  27.204 0.0000000000
58229  36.533  -39.279  26.186 0.0000000000
58228  37.146  -38.705  26.002 0.0000000000
59435  37.349  -37.728  25.029 0.0000000000
60606  37.385  -36.500  24.450 0.0000000000
58110  36.373  -39.242  33.514 0.0000000000
58109  36.865  -39.038  33.891 0.0000000000
59301  37.213  -38.609  33.636 0.0000000000
60528  40.092  -36.442  29.561 0.0000000000
61705  39.975  -35.606  29.003 0.0000000000
62905  39.397  -34.494  28.230 0.0000000000
64001  38.993  -33.390  28.543 0.0000000000
63990  39.311  -33.424  29.243 0.0000000000
65080  38.967  -32.400  29.255 0.0000000000
82431  52.171  -18.187  3.879 0.0000000000
81224  52.796  -18.350  3.509 0.0000000000
81205  53.678  -19.235  5.152 0.0000000000
80064  54.069  -19.442  5.613 0.0000000000
81147  55.397  -18.327  9.593 0.0000000000
82485  58.444  -17.745  1.138 0.0000000000
82460  59.007  -18.240  1.874 0.0000000000
82429  57.070  -18.396  4.552 0.0000000000
52675  23.663  -43.978  34.415 0.0000000000
51595  22.802  -44.729  37.430 0.0000000000
44568  13.754  -50.790  36.236 0.0000000000
43449  14.550  -51.946  36.657 0.0000000000
41247  14.217  -54.049  35.072 0.0000000000
42331  13.153  -52.568  37.415 0.0000000000
41233  13.560  -53.713  35.971 0.0000000000
40047  14.585  -54.598  34.358 0.0000000000
38987  14.562  -55.121  34.188 0.0000000000
38986  14.828  -55.583  34.096 0.0000000000
37884  15.395  -56.170  34.082 0.0000000000
77663  45.991  -21.928  10.915 0.0000000000
77638  45.600  -22.564  12.631 0.0000000000
77618  45.096  -22.937  13.600 0.0000000000
71707  41.129  -26.875  23.008 0.0000000000
72824  41.488  -26.382  25.299 0.0000000000
72805  40.615  -26.499  26.371 0.0000000000
72804  41.257  -26.222  26.093 0.0000000000
73891  41.698  -25.833  26.520 0.0000000000
37835  8.417  -57.099  37.377 0.0000000000
37829  7.850  -57.641  37.972 0.0000000000
37821  7.999  -57.581  38.865 0.0000000000
36658  7.534  -58.130  39.310 0.0000000000
36652  7.775  -58.029  39.961 0.0000000000
35453  8.208  -58.276  40.371 0.0000000000
57022  29.136  -40.291  26.007 0.0000000000
57001  29.533  -40.503  26.919 0.0000000000
55765  30.089  -41.348  29.965 0.0000000000
52715  20.410  -44.842  31.819 0.0000000000
51648  20.039  -45.313  32.379 0.0000000000
50531  19.549  -45.789  32.100 0.0000000000
50544  19.229  -46.373  31.745 0.0000000000
50566  19.795  -46.047  30.416 0.0000000000
50567  19.438  -46.377  31.072 0.0000000000
49327  19.244  -47.003  31.285 0.0000000000
45744  14.805  -51.329  29.512 0.0000000000
44643  14.578  -51.388  30.346 0.0000000000
45745  14.064  -51.374  29.505 0.0000000000
44644  13.643  -51.398  30.176 0.0000000000
53836  22.820  -42.537  24.594 0.0000000000
53823  22.750  -42.568  25.648 0.0000000000
53810  22.731  -42.683  26.607 0.0000000000
53795  22.769  -43.105  27.504 0.0000000000
52769  22.482  -43.496  27.317 0.0000000000
52752  22.432  -43.677  27.809 0.0000000000
52737  21.807  -43.943  29.143 0.0000000000
53781  21.543  -44.036  29.968 0.0000000000
79972  53.493  -19.897  12.390 0.0000000000
79945  53.288  -19.340  16.309 0.0000000000
78714  49.698  -20.899  16.254 0.0000000000
81055  50.359  -19.424  19.369 0.0000000000
77601  42.450  -23.364  14.356 0.0000000000
77585  43.087  -23.297  15.423 0.0000000000
77577  42.714  -23.377  15.546 0.0000000000
77576  43.295  -23.018  15.965 0.0000000000
77560  44.138  -22.838  16.861 0.0000000000
77547  44.584  -22.962  17.425 0.0000000000
76348  45.023  -23.228  18.696 0.0000000000
73915  44.594  -25.013  24.839 0.0000000000
69545  35.456  -28.077  20.940 0.0000000000
70615  35.104  -27.788  20.720 0.0000000000
69531  36.295  -28.386  22.271 0.0000000000
69530  36.685  -28.546  22.515 0.0000000000
68452  37.313  -28.863  22.912 0.0000000000
69512  37.410  -28.854  23.276 0.0000000000
68429  38.495  -28.989  25.317 0.0000000000
68418  38.859  -29.096  25.830 0.0000000000
57017  34.369  -39.537  26.215 0.0000000000
56995  35.703  -39.481  26.807 0.0000000000
58208  34.844  -38.979  28.486 0.0000000000
58206  37.007  -38.840  28.360 0.0000000000
59387  37.306  -38.807  28.950 0.0000000000
82411  49.631  -18.165  6.245 0.0000000000
81196  50.370  -19.019  6.448 0.0000000000
81194  52.076  -19.305  5.762 0.0000000000
80066  53.127  -19.535  6.016 0.0000000000
80058  52.585  -19.662  6.387 0.0000000000
82520  56.691  -16.957  -0.602 0.0000000000
82521  55.718  -17.198  -0.527 0.0000000000
82443  57.380  -18.334  3.647 0.0000000000
81259  56.013  -18.567  2.512 0.0000000000
82444  56.672  -18.592  3.765 0.0000000000
82430  56.426  -18.718  4.428 0.0000000000
82419  55.934  -18.840  5.461 0.0000000000
55787  26.230  -41.446  28.639 0.0000000000
53752  26.323  -42.477  31.648 0.0000000000
52674  24.570  -43.930  34.461 0.0000000000
52673  25.492  -43.890  34.529 0.0000000000
52657  25.691  -44.015  35.340 0.0000000000
43457  17.472  -52.016  36.263 0.0000000000
41215  16.688  -52.752  36.104 0.0000000000
40010  18.003  -53.489  35.987 0.0000000000
42358  15.071  -53.061  36.189 0.0000000000
41231  15.488  -53.308  35.831 0.0000000000
40045  16.208  -53.964  34.085 0.0000000000
40025  16.736  -53.745  34.823 0.0000000000
78784  49.873  -21.849  12.025 0.0000000000
77612  50.493  -21.818  13.683 0.0000000000
77594  50.118  -21.867  14.263 0.0000000000
78750  49.710  -21.685  14.928 0.0000000000
78821  46.832  -21.741  10.343 0.0000000000
77636  47.517  -22.387  12.666 0.0000000000
77635  48.453  -22.419  12.723 0.0000000000
78732  49.261  -21.392  15.614 0.0000000000
79940  48.323  -20.855  16.806 0.0000000000
78716  47.909  -21.173  16.242 0.0000000000
72930  42.589  -25.959  16.695 0.0000000000
71822  42.903  -26.712  17.364 0.0000000000
70638  43.568  -27.309  18.598 0.0000000000
71784  43.952  -27.427  18.997 0.0000000000
71785  43.164  -27.572  19.482 0.0000000000
71764  43.763  -27.345  20.070 0.0000000000
71742  44.283  -26.833  20.710 0.0000000000
71706  42.085  -26.917  22.692 0.0000000000
73933  44.008  -25.552  23.941 0.0000000000
64081  38.615  -32.846  22.720 0.0000000000
55720  34.860  -40.253  33.021 0.0000000000
55734  34.969  -40.060  32.791 0.0000000000
56870  35.618  -40.114  33.580 0.0000000000
82398  48.858  -18.232  6.738 0.0000000000
80036  49.404  -19.939  8.111 0.0000000000
80037  48.536  -19.767  8.106 0.0000000000
78848  49.935  -20.533  8.571 0.0000000000
78833  50.316  -20.825  8.973 0.0000000000
84947  53.523  -15.818  -0.596 0.0000000000
42361  11.152  -53.500  36.847 0.0000000000
42333  11.100  -53.448  38.755 0.0000000000
41193  10.682  -54.020  39.209 0.0000000000
41207  10.273  -54.933  38.153 0.0000000000
41181  10.847  -54.115  39.794 0.0000000000
39961  11.938  -54.908  40.441 0.0000000000
38910  12.773  -55.967  40.456 0.0000000000
38924  8.956  -56.329  38.619 0.0000000000
38906  10.042  -55.813  40.602 0.0000000000
37807  11.174  -56.441  40.727 0.0000000000
36647  13.094  -57.273  39.554 0.0000000000
76417  40.977  -23.115  14.672 0.0000000000
76409  41.174  -23.327  15.219 0.0000000000
75172  41.016  -23.792  15.633 0.0000000000
74003  40.968  -24.744  16.035 0.0000000000
72942  41.860  -25.946  16.316 0.0000000000
71823  42.101  -26.800  16.671 0.0000000000
70656  42.038  -27.511  17.394 0.0000000000
70625  41.839  -27.915  18.929 0.0000000000
71787  41.392  -28.036  19.751 0.0000000000
71767  40.981  -28.079  20.679 0.0000000000
69594  38.098  -28.352  16.216 0.0000000000
70643  39.342  -28.581  17.935 0.0000000000
70628  38.903  -28.356  18.767 0.0000000000
70627  39.865  -28.408  18.864 0.0000000000
72862  40.184  -26.859  24.304 0.0000000000
72827  39.765  -27.129  25.754 0.0000000000
72786  39.389  -26.757  27.442 0.0000000000
57101  32.592  -39.946  22.281 0.0000000000
57038  32.999  -40.009  25.211 0.0000000000
57059  30.380  -40.192  24.177 0.0000000000
57058  31.457  -40.322  24.212 0.0000000000
56962  32.745  -39.990  29.159 0.0000000000
56961  33.760  -39.705  29.297 0.0000000000
56949  34.003  -40.203  30.230 0.0000000000
55786  27.047  -41.321  28.657 0.0000000000
55767  28.298  -41.703  29.502 0.0000000000
54746  28.023  -42.353  30.929 0.0000000000
55766  29.158  -41.296  29.864 0.0000000000
54760  30.340  -41.670  30.471 0.0000000000
53712  29.054  -43.624  33.295 0.0000000000
55750  31.652  -41.651  30.836 0.0000000000
54742  32.717  -41.767  31.542 0.0000000000
54718  32.241  -42.486  32.914 0.0000000000
55736  33.986  -41.288  32.433 0.0000000000
55721  34.519  -40.887  33.234 0.0000000000
50479  20.535  -45.596  38.113 0.0000000000
50481  18.851  -46.031  37.919 0.0000000000
51640  19.590  -45.959  33.653 0.0000000000
50516  19.296  -46.288  34.302 0.0000000000
49264  19.016  -46.798  35.244 0.0000000000
49404  19.835  -47.156  27.027 0.0000000000
49391  19.693  -47.646  28.245 0.0000000000
48119  19.409  -48.432  27.576 0.0000000000
48105  19.583  -48.167  28.387 0.0000000000
45794  17.373  -50.037  27.321 0.0000000000
45776  17.993  -50.489  28.026 0.0000000000
44676  17.713  -50.959  28.661 0.0000000000
44675  18.436  -50.620  28.793 0.0000000000
44655  18.797  -50.547  29.519 0.0000000000
45743  19.098  -50.053  30.484 0.0000000000
44567  14.620  -50.834  36.352 0.0000000000
44604  14.285  -51.296  33.327 0.0000000000
44617  13.304  -52.145  32.177 0.0000000000
44569  13.094  -51.128  35.898 0.0000000000
44570  12.546  -51.591  35.421 0.0000000000
43460  12.007  -52.086  35.858 0.0000000000
42368  11.747  -52.940  35.206 0.0000000000
42369  10.992  -53.695  35.526 0.0000000000
41249  10.378  -54.230  35.639 0.0000000000
41251  8.844  -54.657  34.491 0.0000000000
40028  9.481  -55.078  35.710 0.0000000000
40014  9.080  -55.670  35.778 0.0000000000
57062  27.111  -40.124  23.486 0.0000000000
58263  26.330  -39.770  23.024 0.0000000000
57063  26.610  -40.095  23.658 0.0000000000
59459  25.142  -39.568  23.351 0.0000000000
58266  25.209  -40.107  23.951 0.0000000000
58247  24.922  -40.374  24.753 0.0000000000
58246  25.237  -40.456  24.875 0.0000000000
57026  25.742  -40.832  25.943 0.0000000000
56985  25.947  -41.113  27.328 0.0000000000
55804  26.003  -41.161  28.007 0.0000000000
54766  24.795  -42.173  29.525 0.0000000000
53718  23.155  -43.527  32.901 0.0000000000
53770  22.752  -43.525  30.360 0.0000000000
53757  22.131  -43.922  30.923 0.0000000000
52693  22.529  -43.800  33.509 0.0000000000
51619  21.292  -44.488  35.599 0.0000000000
51597  20.874  -44.929  37.212 0.0000000000
42332  11.561  -52.795  38.366 0.0000000000
41192  12.617  -53.352  39.157 0.0000000000
38933  13.069  -55.595  36.912 0.0000000000
39972  13.076  -54.748  39.334 0.0000000000
38932  13.379  -56.221  37.122 0.0000000000
37847  13.485  -55.887  36.372 0.0000000000
37860  14.217  -56.180  35.524 0.0000000000
37873  14.966  -56.422  34.913 0.0000000000
78747  52.105  -20.891  14.145 0.0000000000
79935  53.207  -19.201  16.822 0.0000000000
79898  51.571  -19.396  18.552 0.0000000000
79918  51.870  -19.455  18.058 0.0000000000
81086  53.155  -19.031  17.539 0.0000000000
78755  45.022  -22.961  14.656 0.0000000000
78718  46.223  -21.652  16.311 0.0000000000
79923  46.504  -21.032  17.475 0.0000000000
72929  43.174  -25.791  17.167 0.0000000000
73971  44.056  -24.911  17.649 0.0000000000
72909  45.141  -25.890  19.492 0.0000000000
73970  44.666  -24.892  18.180 0.0000000000
75106  44.759  -24.048  18.524 0.0000000000
73950  45.987  -24.762  21.667 0.0000000000
73941  46.201  -24.373  22.399 0.0000000000
73949  46.281  -24.415  22.086 0.0000000000
75072  46.186  -24.449  20.959 0.0000000000
76347  45.497  -23.066  19.435 0.0000000000
77527  46.047  -22.128  19.829 0.0000000000
77517  47.030  -22.076  20.782 0.0000000000
78656  47.408  -21.350  20.854 0.0000000000
78663  47.574  -20.796  20.514 0.0000000000
78655  47.989  -20.876  21.417 0.0000000000
71810  35.660  -27.670  17.989 0.0000000000
71752  35.213  -27.379  21.342 0.0000000000
71712  36.083  -27.489  22.711 0.0000000000
72881  38.171  -26.379  23.335 0.0000000000
72846  38.582  -26.828  24.577 0.0000000000
72829  38.570  -27.052  24.980 0.0000000000
72828  39.177  -27.253  25.551 0.0000000000
58241  36.399  -38.964  25.093 0.0000000000
59456  36.182  -38.615  23.834 0.0000000000
63002  37.237  -34.818  22.420 0.0000000000
63001  37.628  -34.449  23.005 0.0000000000
64066  38.148  -33.866  23.442 0.0000000000
64065  38.646  -33.152  23.253 0.0000000000
58144  35.926  -39.779  31.961 0.0000000000
58162  36.698  -39.303  31.285 0.0000000000
59352  37.008  -38.885  30.500 0.0000000000
59386  38.054  -38.562  28.590 0.0000000000
59322  38.147  -37.965  32.541 0.0000000000
59334  38.863  -37.589  32.014 0.0000000000
59335  38.050  -37.772  31.652 0.0000000000
59400  38.900  -37.649  27.736 0.0000000000
61738  38.620  -35.826  26.461 0.0000000000
61722  39.274  -35.531  27.616 0.0000000000
61737  38.856  -35.341  26.925 0.0000000000
61751  38.668  -35.142  26.287 0.0000000000
62953  38.640  -34.500  25.720 0.0000000000
65145  39.073  -32.526  23.826 0.0000000000
67281  39.318  -30.817  25.130 0.0000000000
67272  39.242  -30.650  26.013 0.0000000000
68417  39.075  -29.563  26.391 0.0000000000
65079  39.253  -32.932  29.653 0.0000000000
66141  39.359  -31.733  30.908 0.0000000000
65073  39.072  -31.850  29.863 0.0000000000
67254  38.958  -30.412  28.069 0.0000000000
68401  38.908  -29.490  27.474 0.0000000000
69474  38.763  -28.792  26.859 0.0000000000
69460  38.324  -27.863  27.572 0.0000000000
70527  38.330  -27.950  28.530 0.0000000000
70528  38.421  -27.514  28.135 0.0000000000
83707  53.086  -16.826  0.702 0.0000000000
83695  52.934  -17.054  1.200 0.0000000000
82490  53.258  -17.463  1.396 0.0000000000
82465  53.863  -17.993  2.079 0.0000000000
81239  54.289  -18.452  2.795 0.0000000000
81223  53.607  -18.637  3.431 0.0000000000
81222  54.720  -18.927  3.696 0.0000000000
81212  55.410  -19.019  4.342 0.0000000000
80056  54.341  -19.487  6.211 0.0000000000
81181  55.585  -18.720  6.610 0.0000000000
82396  56.170  -18.066  7.024 0.0000000000
82372  56.618  -17.232  9.594 0.0000000000
83591  57.013  -16.918  9.846 0.0000000000
34367  8.088  -58.715  40.382 0.0000000000
37814  12.036  -56.529  40.607 0.0000000000
37815  11.483  -56.726  40.666 0.0000000000
37817  8.113  -57.441  39.658 0.0000000000
37834  13.479  -56.211  36.753 0.0000000000
37874  14.384  -55.886  34.986 0.0000000000
38902  12.801  -55.402  40.324 0.0000000000
38903  12.264  -55.585  40.648 0.0000000000
38904  11.550  -55.575  40.720 0.0000000000
38907  9.405  -55.948  40.473 0.0000000000
38916  13.288  -55.428  38.870 0.0000000000
38917  8.979  -56.217  39.398 0.0000000000
38922  13.465  -56.137  37.621 0.0000000000
38923  13.063  -55.419  37.955 0.0000000000
38945  13.417  -55.301  36.106 0.0000000000
38946  9.543  -56.003  36.944 0.0000000000
38956  13.922  -55.456  35.249 0.0000000000
39962  11.245  -54.958  40.537 0.0000000000
39964  10.047  -55.249  40.174 0.0000000000
39966  12.871  -54.952  39.954 0.0000000000
39968  9.485  -55.702  39.503 0.0000000000
39985  9.775  -55.554  38.374 0.0000000000
39986  9.388  -55.949  38.155 0.0000000000
39999  12.974  -54.034  36.606 0.0000000000
40011  13.156  -54.536  36.358 0.0000000000
40012  13.178  -54.020  36.320 0.0000000000
40026  14.028  -54.806  34.871 0.0000000000
40067  14.710  -55.009  33.974 0.0000000000
41171  12.275  -54.360  39.848 0.0000000000
41172  11.611  -54.310  39.991 0.0000000000
41173  10.997  -54.463  40.241 0.0000000000
41174  10.589  -54.719  40.077 0.0000000000
41178  12.705  -54.388  39.587 0.0000000000
41179  12.531  -53.785  39.428 0.0000000000
41191  12.949  -53.678  38.972 0.0000000000
41217  15.838  -53.108  36.178 0.0000000000
41219  13.160  -53.795  36.432 0.0000000000
41234  13.292  -53.840  36.241 0.0000000000
41248  13.755  -54.130  35.495 0.0000000000
41261  14.531  -54.193  34.647 0.0000000000
42293  12.267  -53.804  39.540 0.0000000000
42303  12.282  -53.197  39.312 0.0000000000
42304  11.625  -53.463  39.476 0.0000000000
42305  11.197  -53.771  39.664 0.0000000000
42317  12.987  -52.700  38.383 0.0000000000
42344  14.780  -52.553  36.409 0.0000000000
43421  11.975  -52.635  39.350 0.0000000000
43422  11.725  -52.775  39.218 0.0000000000
43432  12.591  -52.018  39.157 0.0000000000
43440  13.371  -51.884  38.009 0.0000000000
43488  16.788  -51.648  31.981 0.0000000000
43489  16.454  -51.556  32.105 0.0000000000
43499  16.566  -51.654  31.754 0.0000000000
43500  16.236  -51.566  31.879 0.0000000000
44535  12.310  -51.643  38.758 0.0000000000
44536  12.168  -51.607  38.341 0.0000000000
44545  12.789  -51.393  38.166 0.0000000000
48089  19.501  -47.097  29.580 0.0000000000
48104  19.677  -47.848  27.891 0.0000000000
49423  19.915  -47.161  26.376 0.0000000000
51610  22.612  -44.548  36.574 0.0000000000
52662  21.354  -44.233  34.962 0.0000000000
53719  22.640  -43.596  32.905 0.0000000000
53780  21.914  -43.772  29.578 0.0000000000
53796  22.499  -43.269  26.929 0.0000000000
54751  23.582  -43.124  30.566 0.0000000000
54768  23.072  -43.405  29.735 0.0000000000
54820  23.622  -41.176  24.100 0.0000000000
55785  27.884  -41.406  28.758 0.0000000000
55843  23.843  -40.839  24.151 0.0000000000
56964  27.518  -41.226  28.313 0.0000000000
57035  35.749  -39.518  25.492 0.0000000000
57045  26.260  -40.481  24.751 0.0000000000
57046  24.949  -40.435  25.243 0.0000000000
57100  33.100  -39.931  22.530 0.0000000000
58095  36.511  -39.552  33.953 0.0000000000
58230  25.988  -40.599  24.787 0.0000000000
58232  25.470  -40.650  25.506 0.0000000000
58259  36.273  -38.745  24.228 0.0000000000
58282  33.789  -40.042  22.891 0.0000000000
59324  37.193  -38.853  31.857 0.0000000000
59436  36.865  -38.277  24.838 0.0000000000
59480  25.341  -38.804  22.219 0.0000000000
60492  40.480  -35.909  31.398 0.0000000000
61802  37.206  -35.173  22.984 0.0000000000
62876  40.369  -34.398  30.402 0.0000000000
62887  40.397  -34.896  29.852 0.0000000000
62904  39.831  -35.018  28.643 0.0000000000
62968  38.407  -34.218  24.965 0.0000000000
69500  37.656  -27.956  24.801 0.0000000000
69581  38.484  -28.459  16.552 0.0000000000
69592  39.152  -28.232  16.114 0.0000000000
70554  38.463  -27.814  26.427 0.0000000000
70591  35.951  -27.839  22.446 0.0000000000
70592  35.637  -27.683  21.978 0.0000000000
70603  35.824  -28.017  21.912 0.0000000000
70623  43.341  -27.477  18.870 0.0000000000
71806  43.785  -26.698  18.068 0.0000000000
71807  43.145  -27.046  17.884 0.0000000000
72769  38.869  -26.912  27.997 0.0000000000
72891  45.588  -25.583  21.648 0.0000000000
72918  44.280  -25.695  18.030 0.0000000000
72928  43.695  -25.712  17.609 0.0000000000
73932  44.642  -25.248  23.735 0.0000000000
74002  41.690  -25.073  16.214 0.0000000000
75062  46.266  -24.166  22.959 0.0000000000
75170  42.692  -23.865  16.414 0.0000000000
75189  40.724  -23.383  15.200 0.0000000000
76387  43.281  -23.200  16.249 0.0000000000
76406  42.977  -23.539  16.370 0.0000000000
77559  44.732  -22.638  17.297 0.0000000000
77575  43.820  -22.751  16.352 0.0000000000
77592  51.035  -21.550  14.169 0.0000000000
78722  43.418  -22.973  15.701 0.0000000000
78771  43.033  -23.113  13.826 0.0000000000
78832  50.776  -20.834  9.136 0.0000000000
78847  50.225  -20.612  8.622 0.0000000000
79954  54.088  -19.079  14.601 0.0000000000
81046  50.132  -19.428  19.582 0.0000000000
82409  50.928  -18.872  5.760 0.0000000000
