#!ascii label  , from subject sub-01 vox2ras=TkReg
837
90870  16.616  -10.213  -36.301 0.2500000000
90869  17.210  -10.271  -36.767 0.2500000000
89830  17.423  -11.243  -37.050 0.7500000000
93865  15.898  -7.487  -35.470 0.2500000000
92828  16.048  -8.234  -35.669 0.1250000000
93886  16.485  -7.490  -36.153 0.3750000000
92846  16.572  -8.396  -36.237 0.2500000000
91851  16.241  -9.121  -35.735 0.2500000000
90887  17.867  -10.401  -37.243 0.7500000000
89829  18.182  -11.267  -37.479 0.8750000000
89845  18.820  -11.305  -37.947 0.8750000000
92845  17.259  -8.452  -36.789 0.3750000000
91867  17.570  -9.438  -37.071 0.8750000000
91893  19.355  -9.864  -38.633 1.0000000000
91879  18.803  -9.757  -38.033 1.0000000000
91880  18.234  -9.632  -37.570 0.8750000000
89844  19.340  -11.387  -38.520 1.0000000000
90886  18.508  -10.494  -37.733 0.8750000000
89861  19.817  -11.469  -39.140 1.0000000000
95110  16.343  -6.834  -36.008 0.2500000000
93885  16.948  -7.760  -36.526 0.7500000000
92871  18.583  -8.096  -38.044 0.8750000000
92856  18.076  -8.536  -37.603 0.8750000000
91906  19.939  -9.689  -39.239 1.0000000000
91907  19.440  -9.278  -38.785 1.0000000000
92870  18.972  -8.812  -38.315 1.0000000000
90916  20.785  -10.461  -39.729 1.0000000000
91892  19.693  -10.235  -39.016 1.0000000000
90917  19.999  -10.673  -39.333 1.0000000000
90900  19.525  -10.705  -38.838 1.0000000000
95087  16.107  -6.702  -35.584 0.1250000000
93904  16.945  -7.250  -36.577 0.6250000000
93920  18.292  -7.409  -37.859 1.0000000000
93903  17.437  -7.320  -37.112 0.8750000000
91905  20.749  -9.518  -39.828 1.0000000000
92887  19.531  -8.757  -38.957 1.0000000000
93931  19.253  -8.257  -38.715 1.0000000000
90938  21.260  -10.103  -40.139 1.0000000000
90936  22.552  -10.582  -41.094 1.0000000000
90915  21.396  -10.561  -40.106 1.0000000000
98484  17.368  -3.200  -37.195 0.2500000000
96255  16.375  -5.963  -36.209 0.3750000000
95126  16.876  -6.551  -36.682 0.5000000000
95136  17.908  -6.305  -37.694 1.0000000000
95125  17.344  -6.466  -37.211 0.6250000000
93918  19.347  -7.288  -38.765 1.0000000000
95134  19.166  -7.048  -38.625 1.0000000000
91924  21.362  -9.497  -40.455 1.0000000000
92885  20.859  -8.664  -40.117 1.0000000000
93929  20.376  -7.819  -39.735 1.0000000000
92901  21.560  -8.638  -40.720 1.0000000000
90954  22.401  -10.135  -41.246 1.0000000000
92900  22.303  -8.613  -41.235 1.0000000000
91943  22.666  -9.490  -41.519 1.0000000000
98483  17.526  -3.567  -37.383 0.5000000000
98472  17.266  -4.260  -36.987 0.3750000000
97383  17.186  -4.601  -36.951 0.3750000000
97393  17.064  -4.993  -36.909 0.5000000000
97392  17.322  -4.739  -37.209 0.5000000000
96276  18.439  -5.544  -38.317 0.8750000000
95146  19.038  -5.819  -38.731 1.0000000000
96286  18.936  -4.937  -38.846 1.0000000000
95144  20.056  -7.244  -39.408 1.0000000000
93940  21.086  -7.760  -40.366 1.0000000000
93957  22.720  -7.636  -41.379 1.0000000000
92919  23.084  -8.593  -41.573 0.8750000000
99520  17.478  -2.980  -37.352 0.5000000000
97402  17.886  -4.084  -37.879 0.5000000000
98492  18.454  -3.396  -38.445 0.6250000000
97412  18.923  -3.957  -39.016 0.6250000000
97401  18.379  -4.502  -38.395 1.0000000000
96285  19.522  -5.420  -39.221 1.0000000000
96306  22.621  -5.731  -41.823 1.0000000000
96296  21.501  -6.006  -40.597 1.0000000000
95158  20.114  -5.819  -39.591 1.0000000000
95169  22.201  -6.599  -41.200 1.0000000000
95156  21.426  -6.965  -40.625 1.0000000000
95168  23.159  -6.574  -41.881 0.8750000000
93956  23.523  -7.628  -41.689 0.8750000000
98493  17.997  -3.196  -37.874 0.5000000000
98516  21.645  -3.712  -40.251 1.0000000000
97425  20.127  -3.994  -39.743 1.0000000000
96307  22.166  -5.494  -41.105 1.0000000000
97423  21.871  -4.834  -40.637 1.0000000000
96297  20.845  -5.438  -40.055 1.0000000000
97445  22.726  -4.312  -42.629 1.0000000000
95183  23.696  -5.953  -42.671 1.0000000000
95184  23.129  -5.759  -42.482 1.0000000000
96320  22.855  -5.108  -42.547 1.0000000000
99531  18.225  -2.460  -38.251 0.5000000000
99545  18.826  -2.481  -38.731 0.8750000000
98505  19.084  -3.139  -38.969 1.0000000000
99556  21.284  -2.653  -40.026 1.0000000000
98517  20.589  -3.350  -39.790 1.0000000000
98503  20.261  -3.096  -39.626 1.0000000000
99578  22.681  -3.146  -42.517 1.0000000000
98528  22.525  -3.431  -42.141 1.0000000000
98554  22.954  -3.396  -43.707 1.0000000000
98542  22.727  -3.536  -42.833 1.0000000000
98529  22.567  -3.607  -41.960 1.0000000000
96334  23.467  -4.779  -43.634 1.0000000000
97454  22.884  -4.095  -43.349 1.0000000000
96319  23.351  -5.241  -43.188 0.8750000000
102185  21.424  0.567  -38.800 1.0000000000
102186  20.423  0.622  -38.508 0.3750000000
100474  21.703  -1.414  -39.641 1.0000000000
99579  22.790  -2.700  -43.040 1.0000000000
100498  22.772  -1.904  -41.281 1.0000000000
104089  22.057  2.803  -39.919 0.8750000000
103087  22.157  1.708  -40.478 1.0000000000
102199  22.259  0.653  -39.784 1.0000000000
102209  22.465  0.970  -40.572 1.0000000000
101375  22.782  -1.010  -40.593 1.0000000000
100508  22.765  -1.802  -42.462 1.0000000000
101394  22.557  -0.828  -42.972 1.0000000000
100519  22.625  -1.686  -43.485 1.0000000000
103097  22.426  1.053  -41.984 1.0000000000
102229  22.249  0.100  -43.430 1.0000000000
102219  22.651  0.122  -42.432 1.0000000000
101385  22.817  -0.865  -41.800 1.0000000000
103086  22.484  1.206  -41.111 1.0000000000
108305  19.288  8.419  -40.723 0.1250000000
140529  20.104  9.250  -39.925 0.1250000000
140456  17.973  9.565  -42.203 0.2500000000
140461  17.109  10.693  -42.033 0.2500000000
112200  17.769  9.509  -42.788 0.5000000000
140520  17.067  10.331  -42.895 0.2500000000
112211  17.327  10.036  -43.406 0.3750000000
140505  17.702  10.642  -41.058 0.2500000000
140510  16.089  11.163  -43.226 0.2500000000
140455  16.043  11.174  -42.430 0.2500000000
140502  14.479  11.735  -43.653 0.2500000000
112212  16.538  10.352  -44.071 0.2500000000
140489  15.039  11.687  -45.748 0.2500000000
112213  16.026  10.544  -45.153 0.3750000000
140499  15.387  10.957  -44.398 0.2500000000
140479  16.439  10.396  -45.750 0.3750000000
140482  15.558  11.069  -45.778 0.2500000000
90854  16.385  -10.293  -35.705 0.1250000000
91868  16.869  -9.323  -36.478 0.2500000000
91852  15.846  -8.587  -35.420 0.1250000000
89879  22.204  -11.354  -40.405 1.0000000000
98504  19.801  -3.389  -39.491 0.8750000000
98515  22.351  -4.082  -40.936 1.0000000000
89795  16.635  -11.472  -35.670 0.1250000000
87656  18.660  -12.557  -37.658 0.7500000000
92829  15.602  -8.245  -35.220 0.1250000000
88731  19.789  -12.776  -38.587 1.0000000000
91833  16.224  -9.146  -35.115 0.1250000000
88753  19.639  -12.062  -38.766 1.0000000000
88770  22.046  -11.896  -40.083 1.0000000000
97384  16.855  -4.758  -36.652 0.2500000000
91942  23.452  -9.496  -41.707 0.8750000000
92918  23.869  -8.565  -41.665 0.8750000000
95182  24.283  -6.039  -42.610 0.8750000000
102187  19.411  0.508  -38.387 0.1250000000
100476  19.939  -1.676  -39.309 0.6250000000
97453  23.122  -4.303  -43.838 1.0000000000
103074  21.622  1.649  -39.483 0.8750000000
101350  19.868  -0.235  -38.716 0.3750000000
101365  20.450  -0.870  -39.000 0.8750000000
99591  22.823  -2.442  -43.949 1.0000000000
100528  22.713  -1.505  -44.256 1.0000000000
104102  21.978  2.779  -41.007 1.0000000000
105135  21.927  3.658  -40.870 0.8750000000
105163  21.173  3.464  -42.444 1.0000000000
103108  21.856  1.784  -42.608 1.0000000000
103107  22.371  0.995  -43.116 1.0000000000
140503  19.347  7.288  -41.737 0.6250000000
140504  18.098  8.603  -42.375 0.6250000000
140497  17.809  8.085  -42.342 0.5000000000
111310  17.735  9.600  -43.348 0.5000000000
140462  15.507  11.637  -42.015 0.2500000000
111325  17.014  10.172  -44.584 0.5000000000
111324  17.560  10.191  -44.273 0.5000000000
140525  14.361  12.975  -43.274 0.1250000000
140495  14.813  11.738  -44.992 0.2500000000
113997  16.149  12.621  -45.638 0.2500000000
112241  17.681  10.907  -45.819 0.3750000000
113097  16.632  12.343  -45.629 0.2500000000
140501  14.416  12.790  -44.425 0.1250000000
89812  16.930  -10.908  -36.635 0.3750000000
89831  16.909  -11.481  -36.762 0.5000000000
88733  18.551  -11.905  -37.695 0.7500000000
88732  19.194  -12.167  -38.114 1.0000000000
92855  18.549  -9.175  -37.842 1.0000000000
90901  19.075  -10.586  -38.267 1.0000000000
89860  20.607  -11.446  -39.567 1.0000000000
89859  21.517  -11.214  -39.986 1.0000000000
93919  18.967  -7.665  -38.485 1.0000000000
92886  20.173  -8.708  -39.481 1.0000000000
93930  19.618  -7.798  -39.096 1.0000000000
90937  21.925  -10.480  -40.645 1.0000000000
89878  22.822  -11.198  -40.875 1.0000000000
96266  16.942  -5.459  -36.858 0.3750000000
96265  17.306  -5.767  -37.297 0.5000000000
95135  18.738  -6.625  -38.399 1.0000000000
95145  19.602  -6.633  -39.022 1.0000000000
91923  21.972  -9.501  -41.074 1.0000000000
93939  21.905  -7.715  -40.886 1.0000000000
96277  17.837  -5.147  -37.817 0.6250000000
97411  19.514  -4.431  -39.390 1.0000000000
95157  20.608  -6.713  -39.921 1.0000000000
96298  20.129  -4.907  -39.699 1.0000000000
97433  22.219  -5.018  -41.041 1.0000000000
95167  23.941  -6.756  -42.152 0.8750000000
98518  20.153  -3.574  -39.676 1.0000000000
97424  20.878  -4.369  -39.987 1.0000000000
97432  22.409  -4.751  -41.521 1.0000000000
97422  22.295  -4.579  -40.973 1.0000000000
97444  23.020  -4.689  -43.295 1.0000000000
99544  19.512  -2.492  -39.200 0.7500000000
99543  20.428  -2.566  -39.628 1.0000000000
99557  20.760  -2.845  -39.809 1.0000000000
99542  20.960  -2.139  -39.819 1.0000000000
99555  22.465  -2.977  -40.791 1.0000000000
100487  22.097  -1.842  -40.273 1.0000000000
99568  22.746  -2.789  -42.039 1.0000000000
101364  21.696  -0.546  -39.046 1.0000000000
101349  20.879  -0.099  -38.702 0.7500000000
100488  21.372  -1.898  -39.880 1.0000000000
101363  22.314  -1.100  -39.758 1.0000000000
102198  22.621  -0.342  -39.876 1.0000000000
102208  22.801  0.264  -40.993 1.0000000000
103098  22.146  1.882  -41.558 1.0000000000
104109  21.710  2.681  -42.087 1.0000000000
108291  20.680  7.256  -38.880 0.1250000000
140516  18.579  8.221  -41.519 0.5000000000
140487  15.390  12.184  -45.911 0.2500000000
113103  17.100  11.425  -46.032 0.2500000000
89813  16.628  -11.216  -36.283 0.2500000000
89778  16.974  -11.424  -35.261 0.1250000000
88718  17.088  -12.071  -37.058 0.6250000000
88717  17.925  -12.192  -37.355 0.7500000000
100477  19.205  -1.766  -38.922 0.6250000000
101366  19.492  -1.055  -38.919 0.8750000000
105148  21.649  3.526  -41.654 1.0000000000
108320  20.158  7.093  -40.750 0.3750000000
109359  18.780  7.267  -42.349 0.7500000000
140496  18.274  7.845  -42.023 0.7500000000
140515  18.724  7.806  -41.645 0.5000000000
140491  18.013  7.876  -42.209 0.7500000000
113095  17.910  11.610  -45.555 0.2500000000
112233  18.031  10.839  -45.256 0.3750000000
84320  20.264  -16.261  -37.744 0.7500000000
84318  22.305  -16.962  -38.118 0.7500000000
84321  19.354  -16.248  -37.373 0.7500000000
85494  18.827  -15.531  -37.086 0.7500000000
84340  21.819  -16.275  -38.484 0.7500000000
84341  21.071  -16.043  -38.165 0.7500000000
85513  20.441  -15.455  -38.174 0.7500000000
85514  19.845  -14.926  -37.973 0.7500000000
85511  22.074  -15.884  -38.871 0.7500000000
85512  21.466  -15.537  -38.635 0.7500000000
86610  20.969  -14.817  -38.559 0.7500000000
87640  18.339  -13.295  -37.351 0.7500000000
86611  20.303  -14.536  -38.287 0.7500000000
87654  20.170  -13.626  -38.451 0.8750000000
87655  19.285  -13.219  -37.905 0.8750000000
84354  22.894  -15.730  -39.320 0.7500000000
85531  22.313  -15.291  -39.125 0.7500000000
86629  21.801  -14.297  -39.190 0.7500000000
87676  20.283  -13.092  -38.877 0.8750000000
86628  22.670  -14.303  -39.464 0.7500000000
87674  22.037  -13.409  -39.595 0.8750000000
88752  20.295  -12.421  -39.209 0.8750000000
87673  23.003  -13.310  -39.934 0.7500000000
88751  21.397  -12.366  -39.688 0.8750000000
88767  23.925  -12.164  -40.591 0.8750000000
88768  23.304  -12.104  -40.550 0.8750000000
89877  23.593  -11.462  -40.937 0.8750000000
90934  25.334  -10.331  -40.463 0.3750000000
89875  24.992  -10.816  -40.612 0.6250000000
89890  24.124  -10.697  -41.327 0.7500000000
89891  23.730  -10.886  -41.281 0.7500000000
91922  25.297  -9.897  -40.883 0.5000000000
91940  25.088  -9.437  -41.321 0.7500000000
91941  24.246  -9.454  -41.652 0.7500000000
92899  25.754  -8.379  -40.004 0.1250000000
92915  25.559  -8.348  -40.741 0.3750000000
91939  25.517  -8.900  -41.099 0.6250000000
92917  24.622  -8.512  -41.602 0.6250000000
93916  26.206  -7.632  -38.569 0.1250000000
93928  25.792  -7.598  -39.447 0.1250000000
93953  25.279  -7.492  -40.926 0.1250000000
95155  25.409  -6.549  -40.428 0.1250000000
93954  24.861  -7.517  -41.480 0.6250000000
95166  24.648  -6.521  -41.994 0.6250000000
95143  25.646  -6.680  -39.621 0.1250000000
96284  25.636  -5.549  -39.740 0.1250000000
96295  25.392  -5.479  -40.739 0.1250000000
96304  25.108  -5.363  -41.773 0.5000000000
96305  24.753  -5.660  -42.574 0.6250000000
96275  25.925  -5.992  -39.121 0.1250000000
97431  25.482  -4.038  -41.992 0.5000000000
96317  25.090  -4.929  -42.664 0.6250000000
96318  24.269  -5.102  -43.308 0.7500000000
105122  22.104  3.596  -39.894 0.6250000000
107328  21.389  5.416  -40.524 0.5000000000
106252  21.887  4.428  -40.447 0.7500000000
97442  25.034  -4.040  -42.971 0.6250000000
98552  24.017  -3.015  -44.000 0.6250000000
98553  23.353  -3.455  -44.031 0.8750000000
98540  24.876  -2.928  -43.206 0.5000000000
99590  24.717  -2.096  -43.661 0.6250000000
107339  21.352  5.005  -41.248 0.7500000000
98568  23.139  -2.876  -44.161 0.8750000000
101404  22.155  -0.736  -43.922 0.8750000000
99601  23.548  -2.066  -44.501 0.7500000000
101412  22.654  -0.368  -44.651 0.8750000000
102237  22.006  0.469  -44.157 0.8750000000
99576  25.592  -2.153  -42.809 0.3750000000
99577  25.155  -2.241  -43.241 0.5000000000
100526  23.870  -1.333  -44.539 0.6250000000
100507  25.618  -1.287  -42.957 0.2500000000
99589  25.298  -1.809  -43.259 0.3750000000
100518  24.491  -1.317  -44.036 0.5000000000
107340  20.750  5.804  -41.316 0.6250000000
107353  20.829  5.223  -42.115 0.7500000000
106264  21.619  4.282  -41.342 0.8750000000
107352  21.350  4.731  -41.721 0.7500000000
106277  21.319  4.290  -42.072 0.8750000000
103122  21.519  1.659  -43.824 0.7500000000
102238  21.900  1.288  -44.418 0.8750000000
100527  23.206  -1.366  -44.624 0.6250000000
100517  25.125  -1.272  -43.513 0.3750000000
101410  24.246  -0.501  -44.278 0.5000000000
102246  22.445  0.964  -44.671 0.7500000000
101402  25.396  -0.562  -43.188 0.2500000000
104123  20.428  2.830  -43.448 0.8750000000
106292  20.118  4.006  -43.181 0.7500000000
103123  20.648  2.087  -43.959 0.8750000000
102245  23.251  0.485  -44.880 0.5000000000
102236  24.630  0.373  -43.783 0.2500000000
102244  23.952  0.372  -44.500 0.5000000000
102227  25.277  0.191  -42.736 0.2500000000
108336  20.035  6.725  -41.383 0.5000000000
108337  19.647  6.936  -42.037 0.5000000000
108351  19.557  6.703  -42.382 0.6250000000
108365  19.491  6.150  -42.875 0.7500000000
106279  20.006  4.611  -43.084 0.7500000000
108380  19.333  5.630  -43.267 0.7500000000
106293  19.468  4.316  -43.435 0.7500000000
104139  19.242  3.009  -44.470 0.7500000000
105178  19.214  3.507  -43.895 0.7500000000
107371  19.033  5.262  -43.516 0.7500000000
104138  19.989  2.604  -43.969 0.7500000000
103152  20.603  2.098  -44.969 0.7500000000
104153  19.947  2.495  -44.698 0.7500000000
103136  22.091  1.891  -45.097 0.5000000000
103151  21.227  2.210  -45.270 0.6250000000
103119  24.166  1.456  -44.155 0.2500000000
103135  23.222  1.612  -44.815 0.3750000000
104152  22.760  2.583  -44.985 0.3750000000
107355  18.758  5.841  -43.560 0.7500000000
106294  18.725  4.462  -43.888 0.7500000000
104140  18.967  3.336  -44.797 0.7500000000
104169  19.519  3.420  -45.207 0.6250000000
104166  22.088  2.724  -45.334 0.3750000000
104167  21.426  2.825  -45.453 0.3750000000
104136  23.926  2.585  -43.740 0.1250000000
105189  22.922  3.148  -44.442 0.1250000000
109373  18.661  6.709  -42.848 0.6250000000
109374  18.248  6.714  -43.077 0.7500000000
107372  18.362  5.597  -43.938 0.6250000000
105180  18.493  4.265  -44.734 0.7500000000
104168  20.388  2.902  -45.365 0.3750000000
104170  19.164  3.679  -45.140 0.3750000000
104154  19.355  2.906  -45.006 0.7500000000
105191  21.807  3.812  -45.115 0.2500000000
105203  21.844  3.304  -45.347 0.3750000000
106275  23.328  4.418  -42.964 0.1250000000
106289  22.857  4.105  -43.589 0.1250000000
105162  23.901  3.511  -42.899 0.1250000000
140451  17.783  7.753  -42.661 0.6250000000
140453  18.003  7.580  -43.252 0.6250000000
108382  18.078  6.391  -44.491 0.3750000000
108367  18.482  6.738  -43.689 0.3750000000
107398  17.985  5.249  -45.378 0.3750000000
106339  20.584  4.609  -46.234 0.2500000000
105206  20.037  3.752  -45.582 0.3750000000
106318  18.466  4.561  -45.637 0.3750000000
106291  21.786  4.723  -44.465 0.1250000000
105204  21.285  3.667  -45.584 0.3750000000
106304  21.927  4.158  -44.676 0.1250000000
111309  18.381  9.473  -43.489 0.3750000000
140476  17.960  8.334  -43.218 0.3750000000
140470  18.368  8.158  -43.487 0.3750000000
140467  18.814  7.358  -44.698 0.3750000000
140471  18.666  7.476  -43.765 0.3750000000
108413  18.963  6.004  -46.064 0.3750000000
108392  18.347  6.317  -45.420 0.3750000000
108404  18.001  5.690  -45.327 0.3750000000
107410  20.187  5.314  -46.351 0.3750000000
105218  19.951  4.255  -46.072 0.3750000000
107412  18.635  5.228  -46.126 0.3750000000
108379  21.702  6.185  -44.310 0.1250000000
106305  21.525  4.463  -45.058 0.1250000000
107395  21.002  5.331  -45.792 0.2500000000
107351  22.363  5.377  -43.381 0.1250000000
111308  19.514  9.622  -43.574 0.2500000000
110411  19.817  8.411  -44.445 0.2500000000
140459  19.623  8.416  -43.942 0.3750000000
140464  19.194  7.996  -43.885 0.3750000000
109421  20.331  7.343  -45.831 0.1250000000
140458  19.121  7.338  -45.378 0.3750000000
108403  20.459  5.880  -46.189 0.1250000000
108412  20.032  6.278  -46.170 0.2500000000
109412  21.583  7.201  -45.342 0.1250000000
107396  20.654  5.580  -46.132 0.1250000000
112210  18.446  10.568  -43.751 0.3750000000
112209  19.036  10.411  -43.580 0.3750000000
111321  20.407  9.259  -43.951 0.2500000000
110410  20.331  8.717  -45.087 0.1250000000
110419  20.972  8.539  -45.552 0.1250000000
111331  20.946  9.491  -44.896 0.1250000000
109411  22.097  8.075  -44.807 0.1250000000
109420  21.266  7.592  -45.785 0.1250000000
140418  20.617  11.153  -44.526 0.1250000000
111341  21.890  9.875  -45.646 0.1250000000
112231  21.294  10.840  -45.155 0.1250000000
110409  22.330  8.453  -45.188 0.1250000000
99602  23.104  -2.207  -44.422 0.8750000000
101411  23.538  -0.480  -44.715 0.5000000000
102235  25.135  0.013  -43.378 0.3750000000
108350  20.106  6.214  -42.096 0.6250000000
106278  20.606  4.316  -42.683 0.8750000000
107354  20.121  5.202  -42.733 0.7500000000
105164  20.542  3.410  -43.037 0.8750000000
103138  20.618  2.038  -44.366 0.7500000000
103134  23.689  0.973  -44.699 0.5000000000
108391  21.379  6.088  -45.155 0.1250000000
110420  19.748  7.876  -45.382 0.2500000000
110418  22.274  8.782  -45.558 0.1250000000
93955  24.250  -7.591  -41.734 0.7500000000
98539  25.539  -3.085  -42.478 0.3750000000
100497  25.824  -1.383  -42.157 0.2500000000
108402  20.896  6.351  -45.888 0.1250000000
83086  20.583  -17.206  -37.182 0.7500000000
84322  18.900  -16.215  -37.008 0.7500000000
83084  22.757  -17.798  -37.851 0.7500000000
84319  21.333  -16.699  -37.764 0.7500000000
84317  23.254  -17.042  -38.442 0.7500000000
86595  19.222  -14.785  -37.589 0.7500000000
84353  23.304  -15.924  -39.347 0.6250000000
85530  23.215  -15.208  -39.421 0.7500000000
86627  23.521  -14.222  -39.574 0.6250000000
87672  23.980  -13.155  -40.101 0.6250000000
88748  24.472  -12.258  -40.329 0.5000000000
88730  25.428  -12.017  -39.367 0.3750000000
89858  24.797  -11.772  -40.331 0.5000000000
90914  25.904  -10.237  -39.575 0.1250000000
91904  26.083  -9.077  -39.544 0.1250000000
92883  26.203  -8.417  -38.972 0.1250000000
93900  26.627  -7.602  -37.849 0.1250000000
96274  26.226  -5.667  -38.340 0.1250000000
96283  25.968  -5.228  -38.975 0.1250000000
106233  22.040  4.142  -39.786 0.3750000000
97409  25.935  -4.446  -39.272 0.1250000000
97410  25.632  -4.489  -40.127 0.1250000000
98514  25.915  -3.310  -41.051 0.1250000000
98527  25.927  -3.038  -41.772 0.2500000000
99566  26.065  -2.262  -41.994 0.2500000000
107329  20.810  6.240  -40.620 0.5000000000
102218  25.264  0.230  -41.835 0.1250000000
101393  25.523  -0.575  -42.409 0.2500000000
103096  24.958  1.786  -41.950 0.1250000000
104121  24.235  2.775  -42.964 0.1250000000
109348  19.369  7.360  -41.154 0.3750000000
106263  23.786  4.351  -42.091 0.1250000000
107338  23.547  5.330  -42.216 0.1250000000
109387  21.890  6.964  -43.861 0.1250000000
110384  23.032  7.866  -43.420 0.1250000000
111275  19.250  10.367  -40.324 0.1250000000
140424  18.990  11.275  -43.832 0.2500000000
140417  20.293  11.356  -44.074 0.1250000000
113987  19.815  11.800  -44.688 0.1250000000
110408  23.117  8.715  -44.902 0.1250000000
90953  23.065  -10.445  -41.459 0.7500000000
97452  23.688  -4.133  -43.768 0.7500000000
104074  21.364  2.663  -39.045 0.3750000000
90952  23.853  -10.259  -41.593 0.7500000000
104122  21.107  2.564  -43.017 0.8750000000
103121  22.126  0.807  -43.719 0.8750000000
112224  18.106  10.682  -44.397 0.3750000000
113088  18.597  11.517  -44.650 0.2500000000
85492  20.098  -15.790  -37.949 0.7500000000
83087  19.751  -16.861  -37.148 0.7500000000
84339  22.709  -16.283  -38.984 0.7500000000
86582  18.212  -15.124  -36.674 0.7500000000
87639  19.034  -13.971  -37.485 0.7500000000
86612  19.667  -14.180  -37.914 0.7500000000
87653  20.746  -14.153  -38.626 0.8750000000
87675  20.972  -13.485  -39.111 0.8750000000
87689  23.400  -12.766  -40.300 0.7500000000
88750  22.369  -12.585  -39.986 0.8750000000
89857  25.259  -11.271  -40.059 0.2500000000
89876  24.441  -11.228  -40.831 0.6250000000
90951  24.473  -10.280  -41.368 0.7500000000
91921  25.653  -9.349  -40.527 0.5000000000
90913  26.226  -9.669  -39.175 0.1250000000
93938  25.537  -7.528  -40.212 0.2500000000
92916  25.214  -8.381  -41.277 0.6250000000
95133  25.933  -6.829  -38.835 0.1250000000
95165  25.091  -6.498  -41.240 0.5000000000
97421  25.538  -4.397  -41.028 0.1250000000
97443  24.383  -3.885  -43.529 0.6250000000
99600  24.099  -2.091  -44.319 0.6250000000
108364  20.141  5.702  -42.447 0.6250000000
104137  20.705  2.317  -43.661 0.7500000000
102247  21.938  1.445  -44.758 0.6250000000
103137  21.344  1.673  -44.740 0.7500000000
104135  24.420  2.144  -43.299 0.1250000000
103106  24.772  1.303  -42.993 0.1250000000
102228  25.017  0.525  -43.160 0.2500000000
103105  25.044  0.726  -42.790 0.1250000000
108366  18.766  6.334  -43.309 0.7500000000
105179  18.741  3.822  -44.470 0.7500000000
103150  21.703  2.382  -45.338 0.3750000000
103120  23.721  2.070  -44.368 0.1250000000
104151  23.338  2.569  -44.399 0.3750000000
107384  17.921  5.503  -44.843 0.3750000000
105190  22.334  3.484  -44.796 0.3750000000
105176  22.705  3.666  -44.081 0.1250000000
105175  23.301  3.424  -43.742 0.1250000000
105217  20.470  4.057  -45.930 0.3750000000
105207  19.288  4.087  -45.604 0.3750000000
106276  22.711  4.711  -43.287 0.1250000000
107350  22.917  5.380  -42.798 0.1250000000
106290  22.250  4.400  -43.976 0.1250000000
105216  20.904  4.114  -45.872 0.2500000000
107368  21.839  5.353  -43.997 0.1250000000
107369  21.553  5.321  -44.706 0.1250000000
109388  18.833  8.290  -43.658 0.3750000000
140454  19.315  6.900  -45.724 0.3750000000
107411  19.418  5.369  -46.291 0.3750000000
108378  22.122  6.233  -43.604 0.1250000000
109400  21.760  7.088  -44.587 0.1250000000
107383  21.269  5.135  -45.267 0.1250000000
108363  22.658  6.243  -42.986 0.1250000000
140416  19.847  10.978  -43.549 0.2500000000
111332  20.414  8.955  -44.618 0.2500000000
108411  20.649  6.895  -46.036 0.1250000000
109419  21.973  8.001  -45.428 0.1250000000
111307  20.436  10.267  -43.603 0.1250000000
111320  20.905  10.355  -44.158 0.1250000000
109410  22.593  8.379  -44.290 0.1250000000
112232  20.742  11.562  -45.009 0.1250000000
83069  20.838  -17.995  -36.817 0.7500000000
83085  21.669  -17.806  -37.336 0.7500000000
83070  19.593  -17.748  -36.402 0.7500000000
86597  17.679  -13.768  -36.994 0.5000000000
86596  18.413  -14.428  -37.093 0.6250000000
86609  24.294  -14.257  -39.302 0.6250000000
87671  24.618  -12.799  -39.854 0.5000000000
98502  25.814  -3.730  -40.432 0.1250000000
98501  26.069  -3.463  -39.675 0.1250000000
104120  24.597  2.463  -42.420 0.1250000000
109386  22.536  7.207  -43.302 0.1250000000
110385  22.600  7.788  -43.570 0.1250000000
83071  18.732  -17.099  -36.275 0.7500000000
85479  18.350  -15.607  -36.599 0.5000000000
81796  22.096  -19.016  -37.227 0.6250000000
81813  22.388  -18.462  -37.477 0.6250000000
83083  23.701  -17.792  -37.841 0.3750000000
83082  24.136  -17.245  -37.363 0.2500000000
88747  24.973  -12.205  -39.918 0.3750000000
83068  21.302  -18.138  -36.989 0.6250000000
84337  24.155  -16.255  -38.803 0.5000000000
85529  23.854  -15.030  -39.366 0.5000000000
81795  23.671  -18.589  -37.028 0.5000000000
81812  23.115  -18.580  -37.702 0.6250000000
87652  24.537  -13.361  -39.494 0.5000000000
80641  21.789  -19.603  -36.740 0.6250000000
85480  17.836  -15.576  -36.161 0.3750000000
84291  18.144  -16.811  -35.900 0.3750000000
81797  21.379  -18.630  -36.825 0.6250000000
80625  23.833  -19.489  -36.072 0.3750000000
80639  23.364  -19.525  -36.697 0.5000000000
86565  17.190  -15.046  -35.789 0.2500000000
81781  24.185  -18.475  -36.179 0.3750000000
84303  24.479  -16.358  -36.892 0.2500000000
83066  24.317  -17.498  -36.635 0.2500000000
87641  17.420  -12.922  -37.064 0.3750000000
85509  24.228  -15.566  -38.840 0.3750000000
86594  24.730  -14.454  -38.338 0.2500000000
87638  24.783  -13.677  -38.946 0.2500000000
87651  25.045  -12.835  -39.211 0.2500000000
97366  16.214  -5.251  -35.663 0.1250000000
99532  17.636  -2.524  -37.645 0.2500000000
89843  25.870  -11.266  -38.928 0.2500000000
101351  18.733  -0.623  -38.566 0.3750000000
100478  18.600  -1.680  -38.616 0.2500000000
103060  20.929  1.584  -38.667 0.2500000000
98473  17.110  -3.603  -36.817 0.1250000000
88704  16.873  -12.561  -36.621 0.2500000000
101367  18.969  -1.268  -38.789 0.3750000000
85510  23.766  -15.687  -39.361 0.5000000000
84304  19.027  -16.816  -36.924 0.5000000000
84305  18.471  -16.233  -36.510 0.5000000000
84338  23.766  -16.365  -39.067 0.5000000000
86583  17.599  -14.525  -36.467 0.3750000000
80663  22.682  -19.030  -37.463 0.5000000000
81794  24.070  -18.137  -36.764 0.2500000000
84290  24.558  -16.865  -36.243 0.2500000000
84316  24.075  -16.558  -38.174 0.3750000000
81782  23.775  -19.035  -36.506 0.5000000000
84306  17.991  -16.218  -36.032 0.3750000000
81798  20.418  -18.561  -36.338 0.6250000000
80640  22.644  -19.603  -37.034 0.5000000000
85491  24.541  -15.501  -37.782 0.2500000000
80626  20.213  -19.623  -35.676 0.5000000000
79482  22.960  -20.064  -36.655 0.2500000000
78224  22.252  -21.160  -36.471 0.3750000000
79483  22.373  -20.428  -36.608 0.5000000000
80642  20.835  -19.544  -36.166 0.5000000000
79467  19.811  -20.283  -35.059 0.3750000000
80628  18.907  -18.955  -35.177 0.5000000000
81783  20.026  -19.035  -35.829 0.5000000000
83055  19.148  -18.014  -35.840 0.3750000000
81799  19.831  -18.449  -36.038 0.5000000000
79431  18.379  -20.661  -33.719 0.1250000000
79450  19.284  -20.276  -34.621 0.3750000000
83056  18.556  -17.829  -35.511 0.2500000000
77070  19.361  -22.474  -33.429 0.1250000000
78190  19.520  -21.207  -34.143 0.2500000000
79449  20.045  -20.900  -34.799 0.3750000000
78205  23.199  -21.554  -35.593 0.2500000000
78207  21.704  -21.666  -36.143 0.3750000000
79465  21.177  -20.861  -35.995 0.5000000000
78176  18.868  -21.585  -33.418 0.1250000000
78208  20.828  -21.612  -35.309 0.3750000000
80614  17.976  -19.442  -34.143 0.1250000000
81770  17.888  -18.601  -34.332 0.1250000000
79484  21.474  -20.282  -36.353 0.5000000000
83057  17.776  -17.149  -35.349 0.2500000000
79462  23.876  -19.946  -35.577 0.2500000000
79466  20.436  -20.333  -35.523 0.5000000000
79485  20.972  -20.263  -36.023 0.5000000000
80627  19.532  -19.600  -35.246 0.5000000000
78225  21.761  -20.910  -36.415 0.3750000000
80613  18.821  -19.529  -34.699 0.2500000000
81769  18.322  -18.603  -34.854 0.1250000000
81785  18.759  -18.470  -35.293 0.1250000000
81784  19.276  -18.515  -35.673 0.5000000000
78177  18.196  -21.009  -33.087 0.1250000000
79451  18.519  -20.167  -34.235 0.2500000000
79452  18.131  -20.147  -33.934 0.1250000000
79432  17.924  -20.208  -33.503 0.1250000000
83040  18.164  -18.104  -35.004 0.1250000000
77071  18.887  -22.324  -33.141 0.1250000000
78175  19.797  -21.915  -33.724 0.1250000000
78189  20.308  -21.767  -34.248 0.3750000000
77103  22.837  -22.051  -35.721 0.2500000000
77105  21.466  -22.332  -35.520 0.2500000000
87623  17.107  -13.458  -36.421 0.2500000000
78206  22.704  -21.593  -36.204 0.2500000000
78174  20.182  -22.083  -33.862 0.1250000000
77106  21.062  -22.338  -35.179 0.2500000000
77087  21.250  -22.877  -35.084 0.1250000000
87603  16.847  -13.327  -35.566 0.1250000000
105123  21.807  3.643  -39.379 0.1250000000
105106  21.185  3.757  -38.609 0.1250000000
106214  21.218  4.593  -38.679 0.1250000000
107308  20.940  6.372  -39.682 0.1250000000
106234  21.645  4.901  -39.438 0.1250000000
106236  20.605  4.945  -38.346 0.1250000000
106235  21.059  5.181  -38.725 0.1250000000
104075  20.563  2.553  -38.344 0.1250000000
107309  20.758  5.566  -38.460 0.1250000000
107287  20.324  5.525  -37.979 0.1250000000
99533  17.330  -2.230  -37.421 0.1250000000
84292  17.542  -16.271  -35.550 0.1250000000
86566  16.695  -14.591  -35.138 0.1250000000
103061  20.018  1.466  -38.179 0.1250000000
106216  19.943  4.542  -38.080 0.1250000000
107288  19.193  4.998  -37.749 0.1250000000
107270  20.861  6.167  -38.120 0.1250000000
107286  20.671  6.572  -38.994 0.1250000000
88719  16.744  -11.901  -36.619 0.1250000000
88705  16.565  -12.075  -36.194 0.1250000000
107307  21.310  5.800  -40.057 0.1250000000
87624  16.787  -12.762  -36.108 0.1250000000
87602  17.047  -14.192  -35.887 0.1250000000
105107  20.189  3.508  -38.143 0.1250000000
106217  18.922  3.995  -37.705 0.1250000000
107271  19.787  5.859  -37.520 0.1250000000
80624  24.415  -19.336  -35.371 0.1250000000
81780  24.971  -18.324  -35.408 0.1250000000
83054  24.697  -17.433  -35.837 0.1250000000
84302  24.929  -15.789  -36.454 0.1250000000
85478  24.897  -15.298  -36.919 0.1250000000
86581  24.943  -14.712  -37.497 0.1250000000
86579  26.155  -14.011  -36.284 0.1250000000
86580  25.486  -14.293  -36.830 0.1250000000
86593  25.208  -14.038  -37.686 0.1250000000
87621  26.160  -13.190  -36.695 0.1250000000
87637  25.293  -13.382  -38.321 0.1250000000
88702  26.122  -12.309  -37.571 0.1250000000
88716  25.744  -12.305  -38.503 0.1250000000
77104  22.286  -22.445  -35.721 0.1250000000
79448  23.486  -21.006  -35.314 0.1250000000
79447  24.100  -20.480  -34.924 0.1250000000
80623  25.234  -19.038  -35.003 0.1250000000
80611  24.995  -19.752  -34.751 0.1250000000
83053  25.612  -17.324  -35.251 0.1250000000
85465  26.017  -15.368  -35.719 0.1250000000
85477  25.413  -15.297  -36.325 0.1250000000
86564  25.941  -14.669  -36.161 0.1250000000
87620  26.744  -12.846  -36.198 0.1250000000
89828  26.058  -11.668  -38.390 0.1250000000
89827  26.456  -11.165  -37.999 0.1250000000
89811  26.546  -11.633  -37.254 0.1250000000
90899  26.103  -10.627  -38.961 0.1250000000
79463  23.323  -20.546  -36.065 0.1250000000
77085  23.043  -22.469  -35.182 0.1250000000
84289  25.121  -16.281  -35.869 0.1250000000
87622  25.648  -13.342  -37.494 0.1250000000
87601  26.566  -13.526  -36.081 0.1250000000
88715  26.133  -11.886  -38.126 0.1250000000
88701  26.648  -12.088  -36.658 0.1250000000
78188  23.675  -21.565  -34.933 0.1250000000
81768  25.814  -18.370  -34.966 0.1250000000
89810  27.093  -11.020  -36.898 0.1250000000
77088  20.754  -22.466  -34.692 0.1250000000
78191  18.858  -20.814  -34.075 0.1250000000
79464  22.699  -20.960  -36.415 0.3750000000
80612  19.220  -19.777  -34.822 0.2500000000
80662  23.166  -19.162  -37.303 0.5000000000
81814  21.877  -18.494  -37.255 0.6250000000
83067  24.029  -17.894  -37.164 0.2500000000
85493  19.663  -15.602  -37.795 0.7500000000
85532  21.578  -14.858  -38.851 0.7500000000
86630  21.231  -14.320  -38.846 0.8750000000
87688  23.668  -12.574  -40.435 0.8750000000
88703  25.739  -12.861  -37.980 0.1250000000
88749  22.955  -12.564  -40.270 0.8750000000
88769  22.637  -11.955  -40.370 0.8750000000
89892  23.305  -11.017  -41.174 0.8750000000
90935  24.979  -10.376  -40.993 0.5000000000
92884  25.989  -8.278  -39.428 0.1250000000
93917  25.947  -7.499  -38.968 0.1250000000
93927  26.025  -7.892  -39.081 0.1250000000
96335  23.216  -4.805  -43.595 1.0000000000
98541  22.605  -3.384  -42.368 1.0000000000
98566  23.730  -2.478  -44.304 0.7500000000
98567  23.437  -2.692  -44.247 0.7500000000
99567  22.614  -3.262  -42.238 1.0000000000
100475  20.913  -1.561  -39.505 1.0000000000
101348  21.380  -0.038  -38.697 0.7500000000
101403  24.864  -0.549  -43.719 0.3750000000
103095  25.106  0.929  -42.257 0.1250000000
104088  22.171  3.324  -40.117 0.8750000000
104101  22.104  3.239  -40.443 0.8750000000
104155  19.093  3.378  -45.008 0.3750000000
105134  22.103  3.703  -40.297 0.6250000000
105177  19.919  3.408  -43.491 0.8750000000
105192  18.810  3.974  -45.026 0.3750000000
105193  18.517  4.343  -44.964 0.7500000000
105205  20.615  3.686  -45.654 0.3750000000
105219  19.492  4.393  -46.081 0.3750000000
105229  20.967  4.233  -46.085 0.2500000000
105230  20.351  4.328  -46.193 0.3750000000
105231  20.122  4.091  -46.393 0.3750000000
106251  22.125  3.980  -40.081 0.3750000000
106295  18.320  4.674  -44.480 0.7500000000
106306  18.492  4.401  -45.198 0.3750000000
106307  18.184  4.684  -45.104 0.7500000000
106317  21.156  4.538  -45.629 0.2500000000
106319  18.084  4.879  -45.518 0.3750000000
106327  20.993  4.703  -45.914 0.2500000000
106328  19.995  4.899  -46.360 0.3750000000
106329  19.770  4.729  -46.287 0.3750000000
106330  18.886  4.794  -46.088 0.3750000000
106340  20.168  4.621  -46.297 0.3750000000
106341  19.784  4.494  -46.267 0.3750000000
107356  18.549  6.124  -43.607 0.7500000000
107370  19.601  5.201  -43.190 0.7500000000
107397  18.143  5.186  -45.779 0.3750000000
107409  20.678  5.060  -46.232 0.1250000000
107421  20.396  4.929  -46.326 0.3750000000
107422  20.166  5.011  -46.363 0.3750000000
108381  19.105  5.866  -43.356 0.7500000000
108414  18.389  5.682  -45.840 0.3750000000
109360  18.104  7.022  -42.641 0.6250000000
109399  22.180  7.864  -43.917 0.1250000000
110386  18.687  8.760  -43.610 0.3750000000
110398  22.705  8.091  -43.723 0.1250000000
110399  19.860  8.743  -43.918 0.2500000000
110400  19.362  8.703  -43.768 0.3750000000
111299  17.891  9.191  -42.748 0.7500000000
111306  20.709  10.517  -43.784 0.1250000000
111311  17.229  10.075  -43.933 0.5000000000
111322  19.813  9.082  -43.764 0.2500000000
111323  17.977  10.155  -43.767 0.3750000000
111333  17.321  10.276  -44.927 0.5000000000
111334  16.944  10.304  -45.181 0.3750000000
112225  17.716  10.413  -44.927 0.3750000000
112226  16.592  10.368  -44.971 0.3750000000
112234  17.360  10.467  -45.509 0.3750000000
112242  17.138  10.795  -46.115 0.3750000000
113073  18.452  11.115  -44.063 0.3750000000
113096  17.141  12.105  -45.616 0.2500000000
113102  17.506  11.166  -46.008 0.2500000000
113971  15.232  11.160  -42.572 0.2500000000
113996  16.890  12.801  -45.103 0.2500000000
140414  20.606  10.876  -43.805 0.1250000000
140449  17.706  7.280  -42.843 0.6250000000
140450  17.798  6.939  -43.012 0.6250000000
140452  17.768  7.178  -43.066 0.6250000000
140457  15.887  11.469  -42.234 0.2500000000
140460  15.445  11.310  -42.138 0.2500000000
140463  18.135  5.623  -45.563 0.3750000000
140465  15.094  11.253  -42.075 0.2500000000
140466  15.249  11.583  -42.040 0.2500000000
140468  18.786  7.062  -45.420 0.3750000000
140469  18.590  7.889  -43.608 0.3750000000
140472  14.810  11.351  -44.300 0.2500000000
140473  14.282  11.350  -42.741 0.2500000000
140474  14.413  11.391  -42.552 0.2500000000
140475  14.810  11.560  -42.358 0.2500000000
140477  17.979  6.993  -43.177 0.6250000000
140478  17.779  7.899  -43.094 0.6250000000
140480  16.461  11.050  -46.241 0.2500000000
140481  16.339  11.843  -45.985 0.2500000000
140483  14.286  11.593  -42.755 0.2500000000
140484  17.918  6.881  -42.869 0.6250000000
140485  17.674  7.731  -42.994 0.6250000000
140486  15.878  10.500  -45.668 0.3750000000
140488  14.829  11.190  -43.974 0.2500000000
140490  14.445  12.084  -42.641 0.1250000000
140492  17.946  9.097  -42.562 0.7500000000
140493  14.818  12.022  -45.705 0.2500000000
140494  14.670  12.620  -45.463 0.2500000000
140498  16.578  10.848  -42.602 0.2500000000
140511  14.536  11.269  -42.841 0.2500000000
140512  14.985  11.040  -43.432 0.2500000000
