#!ascii label  , from subject sub-01 vox2ras=TkReg
545
86582  18.212  -15.124  -36.674 0.0000000000
92916  25.214  -8.381  -41.277 0.0000000000
103107  22.371  0.995  -43.116 0.0000000000
99545  18.826  -2.481  -38.731 0.0000000000
79484  21.474  -20.282  -36.353 0.0000000000
83082  24.136  -17.245  -37.363 0.0000000000
88751  21.397  -12.366  -39.688 0.0000000000
93918  19.347  -7.288  -38.765 0.0000000000
97453  23.122  -4.303  -43.838 0.0000000000
104135  24.420  2.144  -43.299 0.0000000000
108380  19.333  5.630  -43.267 0.0000000000
83070  19.593  -17.748  -36.402 0.0000000000
80663  22.682  -19.030  -37.463 0.0000000000
84340  21.819  -16.275  -38.484 0.0000000000
91867  17.570  -9.438  -37.071 0.0000000000
95126  16.876  -6.551  -36.682 0.0000000000
100474  21.703  -1.414  -39.641 0.0000000000
98516  21.645  -3.712  -40.251 0.0000000000
100519  22.625  -1.686  -43.485 0.0000000000
100518  24.491  -1.317  -44.036 0.0000000000
102246  22.445  0.964  -44.671 0.0000000000
108305  19.288  8.419  -40.723 0.0000000000
107340  20.750  5.804  -41.316 0.0000000000
140497  17.809  8.085  -42.342 0.0000000000
89891  23.730  -10.886  -41.281 0.0000000000
87671  24.618  -12.799  -39.854 0.0000000000
90914  25.904  -10.237  -39.575 0.0000000000
102199  22.259  0.653  -39.784 0.0000000000
96295  25.392  -5.479  -40.739 0.0000000000
87641  17.420  -12.922  -37.064 0.0000000000
87654  20.170  -13.626  -38.451 0.0000000000
89845  18.820  -11.305  -37.947 0.0000000000
91906  19.939  -9.689  -39.239 0.0000000000
92900  22.303  -8.613  -41.235 0.0000000000
96286  18.936  -4.937  -38.846 0.0000000000
96296  21.501  -6.006  -40.597 0.0000000000
95182  24.283  -6.039  -42.610 0.0000000000
98539  25.539  -3.085  -42.478 0.0000000000
105135  21.927  3.658  -40.870 0.0000000000
104123  20.428  2.830  -43.448 0.0000000000
140464  19.194  7.996  -43.885 0.0000000000
106318  18.466  4.561  -45.637 0.0000000000
103151  21.227  2.210  -45.270 0.0000000000
105176  22.705  3.666  -44.081 0.0000000000
85530  23.215  -15.208  -39.421 0.0000000000
86565  17.190  -15.046  -35.789 0.0000000000
85480  17.836  -15.576  -36.161 0.0000000000
84322  18.900  -16.215  -37.008 0.0000000000
83086  20.583  -17.206  -37.182 0.0000000000
85492  20.098  -15.790  -37.949 0.0000000000
101385  22.817  -0.865  -41.800 0.0000000000
100498  22.772  -1.904  -41.281 0.0000000000
101394  22.557  -0.828  -42.972 0.0000000000
101412  22.654  -0.368  -44.651 0.0000000000
102237  22.006  0.469  -44.157 0.0000000000
140456  17.973  9.565  -42.203 0.0000000000
140504  18.098  8.603  -42.375 0.0000000000
112211  17.327  10.036  -43.406 0.0000000000
91941  24.246  -9.454  -41.652 0.0000000000
89875  24.992  -10.816  -40.612 0.0000000000
91921  25.653  -9.349  -40.527 0.0000000000
101349  20.879  -0.099  -38.702 0.0000000000
102186  20.423  0.622  -38.508 0.0000000000
81783  20.026  -19.035  -35.829 0.0000000000
79466  20.436  -20.333  -35.523 0.0000000000
78224  22.252  -21.160  -36.471 0.0000000000
79483  22.373  -20.428  -36.608 0.0000000000
83083  23.701  -17.792  -37.841 0.0000000000
81782  23.775  -19.035  -36.506 0.0000000000
88717  17.925  -12.192  -37.355 0.0000000000
89830  17.423  -11.243  -37.050 0.0000000000
92871  18.583  -8.096  -38.044 0.0000000000
91907  19.440  -9.278  -38.785 0.0000000000
92886  20.173  -8.708  -39.481 0.0000000000
91924  21.362  -9.497  -40.455 0.0000000000
93940  21.086  -7.760  -40.366 0.0000000000
97392  17.322  -4.739  -37.209 0.0000000000
97412  18.923  -3.957  -39.016 0.0000000000
98529  22.567  -3.607  -41.960 0.0000000000
97423  21.871  -4.834  -40.637 0.0000000000
96320  22.855  -5.108  -42.547 0.0000000000
95184  23.129  -5.759  -42.482 0.0000000000
96319  23.351  -5.241  -43.188 0.0000000000
96317  25.090  -4.929  -42.664 0.0000000000
97443  24.383  -3.885  -43.529 0.0000000000
102236  24.630  0.373  -43.783 0.0000000000
101402  25.396  -0.562  -43.188 0.0000000000
108364  20.141  5.702  -42.447 0.0000000000
107339  21.352  5.005  -41.248 0.0000000000
106277  21.319  4.290  -42.072 0.0000000000
105163  21.173  3.464  -42.444 0.0000000000
106292  20.118  4.006  -43.181 0.0000000000
104169  19.519  3.420  -45.207 0.0000000000
105204  21.285  3.667  -45.584 0.0000000000
104166  22.088  2.724  -45.334 0.0000000000
87675  20.972  -13.485  -39.111 0.0000000000
86629  21.801  -14.297  -39.190 0.0000000000
87674  22.037  -13.409  -39.595 0.0000000000
88716  25.744  -12.305  -38.503 0.0000000000
87638  24.783  -13.677  -38.946 0.0000000000
83055  19.148  -18.014  -35.840 0.0000000000
81798  20.418  -18.561  -36.338 0.0000000000
80641  21.789  -19.603  -36.740 0.0000000000
83068  21.302  -18.138  -36.989 0.0000000000
83084  22.757  -17.798  -37.851 0.0000000000
84317  23.254  -17.042  -38.442 0.0000000000
92846  16.572  -8.396  -36.237 0.0000000000
93885  16.948  -7.760  -36.526 0.0000000000
93920  18.292  -7.409  -37.859 0.0000000000
99542  20.960  -2.139  -39.819 0.0000000000
98503  20.261  -3.096  -39.626 0.0000000000
99556  21.284  -2.653  -40.026 0.0000000000
99568  22.746  -2.789  -42.039 0.0000000000
98554  22.954  -3.396  -43.707 0.0000000000
98552  24.017  -3.015  -44.000 0.0000000000
99602  23.104  -2.207  -44.422 0.0000000000
101411  23.538  -0.480  -44.715 0.0000000000
103134  23.689  0.973  -44.699 0.0000000000
107308  20.940  6.372  -39.682 0.0000000000
109348  19.369  7.360  -41.154 0.0000000000
109359  18.780  7.267  -42.349 0.0000000000
109373  18.661  6.709  -42.848 0.0000000000
89879  22.204  -11.354  -40.405 0.0000000000
87689  23.400  -12.766  -40.300 0.0000000000
88767  23.925  -12.164  -40.591 0.0000000000
88730  25.428  -12.017  -39.367 0.0000000000
100477  19.205  -1.766  -38.922 0.0000000000
101365  20.450  -0.870  -39.000 0.0000000000
102198  22.621  -0.342  -39.876 0.0000000000
103097  22.426  1.053  -41.984 0.0000000000
80639  23.364  -19.525  -36.697 0.0000000000
95165  25.091  -6.498  -41.240 0.0000000000
93938  25.537  -7.528  -40.212 0.0000000000
86597  17.679  -13.768  -36.994 0.0000000000
86595  19.222  -14.785  -37.589 0.0000000000
87640  18.339  -13.295  -37.351 0.0000000000
88731  19.789  -12.776  -38.587 0.0000000000
88753  19.639  -12.062  -38.766 0.0000000000
90886  18.508  -10.494  -37.733 0.0000000000
90900  19.525  -10.705  -38.838 0.0000000000
89859  21.517  -11.214  -39.986 0.0000000000
90937  21.925  -10.480  -40.645 0.0000000000
91943  22.666  -9.490  -41.519 0.0000000000
92918  23.869  -8.565  -41.665 0.0000000000
96265  17.306  -5.767  -37.297 0.0000000000
95146  19.038  -5.819  -38.731 0.0000000000
97425  20.127  -3.994  -39.743 0.0000000000
96297  20.845  -5.438  -40.055 0.0000000000
95157  20.608  -6.713  -39.921 0.0000000000
95156  21.426  -6.965  -40.625 0.0000000000
93956  23.523  -7.628  -41.689 0.0000000000
93955  24.250  -7.591  -41.734 0.0000000000
96304  25.108  -5.363  -41.773 0.0000000000
97431  25.482  -4.038  -41.992 0.0000000000
99577  25.155  -2.241  -43.241 0.0000000000
104102  21.978  2.779  -41.007 0.0000000000
103098  22.146  1.882  -41.558 0.0000000000
103108  21.856  1.784  -42.608 0.0000000000
140470  18.368  8.158  -43.487 0.0000000000
108367  18.482  6.738  -43.689 0.0000000000
108404  18.001  5.690  -45.327 0.0000000000
106294  18.725  4.462  -43.888 0.0000000000
104139  19.242  3.009  -44.470 0.0000000000
103138  20.618  2.038  -44.366 0.0000000000
103122  21.519  1.659  -43.824 0.0000000000
102247  21.938  1.445  -44.758 0.0000000000
104152  22.760  2.583  -44.985 0.0000000000
104136  23.926  2.585  -43.740 0.0000000000
86610  20.969  -14.817  -38.559 0.0000000000
85511  22.074  -15.884  -38.871 0.0000000000
84337  24.155  -16.255  -38.803 0.0000000000
86609  24.294  -14.257  -39.302 0.0000000000
85509  24.228  -15.566  -38.840 0.0000000000
85479  18.350  -15.607  -36.599 0.0000000000
84305  18.471  -16.233  -36.510 0.0000000000
85494  18.827  -15.531  -37.086 0.0000000000
84321  19.354  -16.248  -37.373 0.0000000000
102219  22.651  0.122  -42.432 0.0000000000
102229  22.249  0.100  -43.430 0.0000000000
140520  17.067  10.331  -42.895 0.0000000000
92917  24.622  -8.512  -41.602 0.0000000000
91940  25.088  -9.437  -41.321 0.0000000000
91939  25.517  -8.900  -41.099 0.0000000000
80642  20.835  -19.544  -36.166 0.0000000000
80626  20.213  -19.623  -35.676 0.0000000000
79485  20.972  -20.263  -36.023 0.0000000000
79465  21.177  -20.861  -35.995 0.0000000000
78225  21.761  -20.910  -36.415 0.0000000000
81794  24.070  -18.137  -36.764 0.0000000000
83066  24.317  -17.498  -36.635 0.0000000000
84290  24.558  -16.865  -36.243 0.0000000000
89831  16.909  -11.481  -36.762 0.0000000000
89812  16.930  -10.908  -36.635 0.0000000000
93919  18.967  -7.665  -38.485 0.0000000000
93931  19.253  -8.257  -38.715 0.0000000000
93930  19.618  -7.798  -39.096 0.0000000000
93929  20.376  -7.819  -39.735 0.0000000000
98492  18.454  -3.396  -38.445 0.0000000000
97454  22.884  -4.095  -43.349 0.0000000000
97445  22.726  -4.312  -42.629 0.0000000000
97444  23.020  -4.689  -43.295 0.0000000000
96334  23.467  -4.779  -43.634 0.0000000000
97452  23.688  -4.133  -43.768 0.0000000000
102228  25.017  0.525  -43.160 0.0000000000
108365  19.491  6.150  -42.875 0.0000000000
107353  20.829  5.223  -42.115 0.0000000000
107354  20.121  5.202  -42.733 0.0000000000
106278  20.606  4.316  -42.683 0.0000000000
106279  20.006  4.611  -43.084 0.0000000000
105217  20.470  4.057  -45.930 0.0000000000
105216  20.904  4.114  -45.872 0.0000000000
88702  26.122  -12.309  -37.571 0.0000000000
87622  25.648  -13.342  -37.494 0.0000000000
83071  18.732  -17.099  -36.275 0.0000000000
81799  19.831  -18.449  -36.038 0.0000000000
83069  20.838  -17.995  -36.817 0.0000000000
81797  21.379  -18.630  -36.825 0.0000000000
84319  21.333  -16.699  -37.764 0.0000000000
84318  22.305  -16.962  -38.118 0.0000000000
95110  16.343  -6.834  -36.008 0.0000000000
93886  16.485  -7.490  -36.153 0.0000000000
93904  16.945  -7.250  -36.577 0.0000000000
93903  17.437  -7.320  -37.112 0.0000000000
95125  17.344  -6.466  -37.211 0.0000000000
100488  21.372  -1.898  -39.880 0.0000000000
100487  22.097  -1.842  -40.273 0.0000000000
100508  22.765  -1.802  -42.462 0.0000000000
99579  22.790  -2.700  -43.040 0.0000000000
99578  22.681  -3.146  -42.517 0.0000000000
99591  22.823  -2.442  -43.949 0.0000000000
102245  23.251  0.485  -44.880 0.0000000000
102244  23.952  0.372  -44.500 0.0000000000
108320  20.158  7.093  -40.750 0.0000000000
140496  18.274  7.845  -42.023 0.0000000000
140491  18.013  7.876  -42.209 0.0000000000
140451  17.783  7.753  -42.661 0.0000000000
89878  22.822  -11.198  -40.875 0.0000000000
89877  23.593  -11.462  -40.937 0.0000000000
90934  25.334  -10.331  -40.463 0.0000000000
89857  25.259  -11.271  -40.059 0.0000000000
89843  25.870  -11.266  -38.928 0.0000000000
100478  18.600  -1.680  -38.616 0.0000000000
101367  18.969  -1.268  -38.789 0.0000000000
101366  19.492  -1.055  -38.919 0.0000000000
102185  21.424  0.567  -38.800 0.0000000000
101364  21.696  -0.546  -39.046 0.0000000000
102208  22.801  0.264  -40.993 0.0000000000
102209  22.465  0.970  -40.572 0.0000000000
81796  22.096  -19.016  -37.227 0.0000000000
80640  22.644  -19.603  -37.034 0.0000000000
80624  24.415  -19.336  -35.371 0.0000000000
87623  17.107  -13.458  -36.421 0.0000000000
88733  18.551  -11.905  -37.695 0.0000000000
87656  18.660  -12.557  -37.658 0.0000000000
88732  19.194  -12.167  -38.114 0.0000000000
89844  19.340  -11.387  -38.520 0.0000000000
90887  17.867  -10.401  -37.243 0.0000000000
91880  18.234  -9.632  -37.570 0.0000000000
91893  19.355  -9.864  -38.633 0.0000000000
91892  19.693  -10.235  -39.016 0.0000000000
90917  19.999  -10.673  -39.333 0.0000000000
90916  20.785  -10.461  -39.729 0.0000000000
90915  21.396  -10.561  -40.106 0.0000000000
90938  21.260  -10.103  -40.139 0.0000000000
92901  21.560  -8.638  -40.720 0.0000000000
91923  21.972  -9.501  -41.074 0.0000000000
92919  23.084  -8.593  -41.573 0.0000000000
97401  18.379  -4.502  -38.395 0.0000000000
96277  17.837  -5.147  -37.817 0.0000000000
96276  18.439  -5.544  -38.317 0.0000000000
98517  20.589  -3.350  -39.790 0.0000000000
98518  20.153  -3.574  -39.676 0.0000000000
97433  22.219  -5.018  -41.041 0.0000000000
95158  20.114  -5.819  -39.591 0.0000000000
95169  22.201  -6.599  -41.200 0.0000000000
95183  23.696  -5.953  -42.671 0.0000000000
95168  23.159  -6.574  -41.881 0.0000000000
95167  23.941  -6.756  -42.152 0.0000000000
95166  24.648  -6.521  -41.994 0.0000000000
96305  24.753  -5.660  -42.574 0.0000000000
97442  25.034  -4.040  -42.971 0.0000000000
98514  25.915  -3.310  -41.051 0.0000000000
98527  25.927  -3.038  -41.772 0.0000000000
99600  24.099  -2.091  -44.319 0.0000000000
99590  24.717  -2.096  -43.661 0.0000000000
107329  20.810  6.240  -40.620 0.0000000000
107328  21.389  5.416  -40.524 0.0000000000
106252  21.887  4.428  -40.447 0.0000000000
106233  22.040  4.142  -39.786 0.0000000000
105122  22.104  3.596  -39.894 0.0000000000
104089  22.057  2.803  -39.919 0.0000000000
104109  21.710  2.681  -42.087 0.0000000000
104122  21.107  2.564  -43.017 0.0000000000
111309  18.381  9.473  -43.489 0.0000000000
109388  18.833  8.290  -43.658 0.0000000000
140471  18.666  7.476  -43.765 0.0000000000
107412  18.635  5.228  -46.126 0.0000000000
108392  18.347  6.317  -45.420 0.0000000000
107398  17.985  5.249  -45.378 0.0000000000
107384  17.921  5.503  -44.843 0.0000000000
105180  18.493  4.265  -44.734 0.0000000000
105179  18.741  3.822  -44.470 0.0000000000
104140  18.967  3.336  -44.797 0.0000000000
104168  20.388  2.902  -45.365 0.0000000000
104153  19.947  2.495  -44.698 0.0000000000
103152  20.603  2.098  -44.969 0.0000000000
103137  21.344  1.673  -44.740 0.0000000000
102238  21.900  1.288  -44.418 0.0000000000
105190  22.334  3.484  -44.796 0.0000000000
105189  22.922  3.148  -44.442 0.0000000000
104151  23.338  2.569  -44.399 0.0000000000
86612  19.667  -14.180  -37.914 0.0000000000
85514  19.845  -14.926  -37.973 0.0000000000
86611  20.303  -14.536  -38.287 0.0000000000
86628  22.670  -14.303  -39.464 0.0000000000
85531  22.313  -15.291  -39.125 0.0000000000
84354  22.894  -15.730  -39.320 0.0000000000
84353  23.304  -15.924  -39.347 0.0000000000
85510  23.766  -15.687  -39.361 0.0000000000
87672  23.980  -13.155  -40.101 0.0000000000
87652  24.537  -13.361  -39.494 0.0000000000
86593  25.208  -14.038  -37.686 0.0000000000
86594  24.730  -14.454  -38.338 0.0000000000
86581  24.943  -14.712  -37.497 0.0000000000
85491  24.541  -15.501  -37.782 0.0000000000
84304  19.027  -16.816  -36.924 0.0000000000
83087  19.751  -16.861  -37.148 0.0000000000
84320  20.264  -16.261  -37.744 0.0000000000
84341  21.071  -16.043  -38.165 0.0000000000
101375  22.782  -1.010  -40.593 0.0000000000
100528  22.713  -1.505  -44.256 0.0000000000
101404  22.155  -0.736  -43.922 0.0000000000
140516  18.579  8.221  -41.519 0.0000000000
112200  17.769  9.509  -42.788 0.0000000000
111310  17.735  9.600  -43.348 0.0000000000
90952  23.853  -10.259  -41.593 0.0000000000
89890  24.124  -10.697  -41.327 0.0000000000
90951  24.473  -10.280  -41.368 0.0000000000
91922  25.297  -9.897  -40.883 0.0000000000
80628  18.907  -18.955  -35.177 0.0000000000
80627  19.532  -19.600  -35.246 0.0000000000
79467  19.811  -20.283  -35.059 0.0000000000
77103  22.837  -22.051  -35.721 0.0000000000
78206  22.704  -21.593  -36.204 0.0000000000
78205  23.199  -21.554  -35.593 0.0000000000
81812  23.115  -18.580  -37.702 0.0000000000
81795  23.671  -18.589  -37.028 0.0000000000
88704  16.873  -12.561  -36.621 0.0000000000
88718  17.088  -12.071  -37.058 0.0000000000
89829  18.182  -11.267  -37.479 0.0000000000
92856  18.076  -8.536  -37.603 0.0000000000
92855  18.549  -9.175  -37.842 0.0000000000
92870  18.972  -8.812  -38.315 0.0000000000
92887  19.531  -8.757  -38.957 0.0000000000
91905  20.749  -9.518  -39.828 0.0000000000
92885  20.859  -8.664  -40.117 0.0000000000
93939  21.905  -7.715  -40.886 0.0000000000
98515  22.351  -4.082  -40.936 0.0000000000
97422  22.295  -4.579  -40.973 0.0000000000
97432  22.409  -4.751  -41.521 0.0000000000
96307  22.166  -5.494  -41.105 0.0000000000
96306  22.621  -5.731  -41.823 0.0000000000
96318  24.269  -5.102  -43.308 0.0000000000
101410  24.246  -0.501  -44.278 0.0000000000
100517  25.125  -1.272  -43.513 0.0000000000
102235  25.135  0.013  -43.378 0.0000000000
102227  25.277  0.191  -42.736 0.0000000000
108350  20.106  6.214  -42.096 0.0000000000
107352  21.350  4.731  -41.721 0.0000000000
106264  21.619  4.282  -41.342 0.0000000000
105148  21.649  3.526  -41.654 0.0000000000
105164  20.542  3.410  -43.037 0.0000000000
105207  19.288  4.087  -45.604 0.0000000000
104170  19.164  3.679  -45.140 0.0000000000
105206  20.037  3.752  -45.582 0.0000000000
104167  21.426  2.825  -45.453 0.0000000000
103150  21.703  2.382  -45.338 0.0000000000
105203  21.844  3.304  -45.347 0.0000000000
105191  21.807  3.812  -45.115 0.0000000000
87653  20.746  -14.153  -38.626 0.0000000000
87651  25.045  -12.835  -39.211 0.0000000000
87637  25.293  -13.382  -38.321 0.0000000000
81785  18.759  -18.470  -35.293 0.0000000000
81784  19.276  -18.515  -35.673 0.0000000000
81813  22.388  -18.462  -37.477 0.0000000000
83085  21.669  -17.806  -37.336 0.0000000000
92845  17.259  -8.452  -36.789 0.0000000000
95134  19.166  -7.048  -38.625 0.0000000000
99544  19.512  -2.492  -39.200 0.0000000000
98505  19.084  -3.139  -38.969 0.0000000000
99543  20.428  -2.566  -39.628 0.0000000000
99557  20.760  -2.845  -39.809 0.0000000000
99555  22.465  -2.977  -40.791 0.0000000000
98528  22.525  -3.431  -42.141 0.0000000000
98542  22.727  -3.536  -42.833 0.0000000000
98553  23.353  -3.455  -44.031 0.0000000000
98568  23.139  -2.876  -44.161 0.0000000000
99601  23.548  -2.066  -44.501 0.0000000000
100526  23.870  -1.333  -44.539 0.0000000000
100527  23.206  -1.366  -44.624 0.0000000000
103119  24.166  1.456  -44.155 0.0000000000
108336  20.035  6.725  -41.383 0.0000000000
140515  18.724  7.806  -41.645 0.0000000000
140503  19.347  7.288  -41.737 0.0000000000
108337  19.647  6.936  -42.037 0.0000000000
108351  19.557  6.703  -42.382 0.0000000000
108366  18.766  6.334  -43.309 0.0000000000
88770  22.046  -11.896  -40.083 0.0000000000
88750  22.369  -12.585  -39.986 0.0000000000
88768  23.304  -12.104  -40.550 0.0000000000
88748  24.472  -12.258  -40.329 0.0000000000
89876  24.441  -11.228  -40.831 0.0000000000
89858  24.797  -11.772  -40.331 0.0000000000
88747  24.973  -12.205  -39.918 0.0000000000
100476  19.939  -1.676  -39.309 0.0000000000
101363  22.314  -1.100  -39.758 0.0000000000
79482  22.960  -20.064  -36.655 0.0000000000
80625  23.833  -19.489  -36.072 0.0000000000
93953  25.279  -7.492  -40.926 0.0000000000
92915  25.559  -8.348  -40.741 0.0000000000
86583  17.599  -14.525  -36.467 0.0000000000
86596  18.413  -14.428  -37.093 0.0000000000
87639  19.034  -13.971  -37.485 0.0000000000
87655  19.285  -13.219  -37.905 0.0000000000
87676  20.283  -13.092  -38.877 0.0000000000
88752  20.295  -12.421  -39.209 0.0000000000
90869  17.210  -10.271  -36.767 0.0000000000
91879  18.803  -9.757  -38.033 0.0000000000
90901  19.075  -10.586  -38.267 0.0000000000
89861  19.817  -11.469  -39.140 0.0000000000
89860  20.607  -11.446  -39.567 0.0000000000
90936  22.552  -10.582  -41.094 0.0000000000
90954  22.401  -10.135  -41.246 0.0000000000
90953  23.065  -10.445  -41.459 0.0000000000
91942  23.452  -9.496  -41.707 0.0000000000
96255  16.375  -5.963  -36.209 0.0000000000
95136  17.908  -6.305  -37.694 0.0000000000
95135  18.738  -6.625  -38.399 0.0000000000
95145  19.602  -6.633  -39.022 0.0000000000
98504  19.801  -3.389  -39.491 0.0000000000
97411  19.514  -4.431  -39.390 0.0000000000
97424  20.878  -4.369  -39.987 0.0000000000
96298  20.129  -4.907  -39.699 0.0000000000
96285  19.522  -5.420  -39.221 0.0000000000
95144  20.056  -7.244  -39.408 0.0000000000
93957  22.720  -7.636  -41.379 0.0000000000
93954  24.861  -7.517  -41.480 0.0000000000
97421  25.538  -4.397  -41.028 0.0000000000
98540  24.876  -2.928  -43.206 0.0000000000
99589  25.298  -1.809  -43.259 0.0000000000
99566  26.065  -2.262  -41.994 0.0000000000
103074  21.622  1.649  -39.483 0.0000000000
103087  22.157  1.708  -40.478 0.0000000000
103086  22.484  1.206  -41.111 0.0000000000
111325  17.014  10.172  -44.584 0.0000000000
140476  17.960  8.334  -43.218 0.0000000000
140453  18.003  7.580  -43.252 0.0000000000
109374  18.248  6.714  -43.077 0.0000000000
107355  18.758  5.841  -43.560 0.0000000000
140467  18.814  7.358  -44.698 0.0000000000
108382  18.078  6.391  -44.491 0.0000000000
107372  18.362  5.597  -43.938 0.0000000000
107371  19.033  5.262  -43.516 0.0000000000
106293  19.468  4.316  -43.435 0.0000000000
105178  19.214  3.507  -43.895 0.0000000000
104154  19.355  2.906  -45.006 0.0000000000
104138  19.989  2.604  -43.969 0.0000000000
104137  20.705  2.317  -43.661 0.0000000000
103123  20.648  2.087  -43.959 0.0000000000
103121  22.126  0.807  -43.719 0.0000000000
103136  22.091  1.891  -45.097 0.0000000000
103135  23.222  1.612  -44.815 0.0000000000
103120  23.721  2.070  -44.368 0.0000000000
106289  22.857  4.105  -43.589 0.0000000000
105175  23.301  3.424  -43.742 0.0000000000
105162  23.901  3.511  -42.899 0.0000000000
104121  24.235  2.775  -42.964 0.0000000000
85513  20.441  -15.455  -38.174 0.0000000000
85512  21.466  -15.537  -38.635 0.0000000000
84339  22.709  -16.283  -38.984 0.0000000000
84338  23.766  -16.365  -39.067 0.0000000000
84316  24.075  -16.558  -38.174 0.0000000000
87673  23.003  -13.310  -39.934 0.0000000000
86627  23.521  -14.222  -39.574 0.0000000000
85529  23.854  -15.030  -39.366 0.0000000000
84303  24.479  -16.358  -36.892 0.0000000000
79464  22.699  -20.960  -36.415 0.0000000000
80662  23.166  -19.162  -37.303 0.0000000000
81814  21.877  -18.494  -37.255 0.0000000000
83067  24.029  -17.894  -37.164 0.0000000000
85493  19.663  -15.602  -37.795 0.0000000000
85532  21.578  -14.858  -38.851 0.0000000000
86630  21.231  -14.320  -38.846 0.0000000000
87688  23.668  -12.574  -40.435 0.0000000000
88703  25.739  -12.861  -37.980 0.0000000000
88749  22.955  -12.564  -40.270 0.0000000000
88769  22.637  -11.955  -40.370 0.0000000000
89892  23.305  -11.017  -41.174 0.0000000000
90935  24.979  -10.376  -40.993 0.0000000000
96335  23.216  -4.805  -43.595 0.0000000000
98541  22.605  -3.384  -42.368 0.0000000000
98566  23.730  -2.478  -44.304 0.0000000000
98567  23.437  -2.692  -44.247 0.0000000000
99567  22.614  -3.262  -42.238 0.0000000000
100475  20.913  -1.561  -39.505 0.0000000000
101348  21.380  -0.038  -38.697 0.0000000000
101403  24.864  -0.549  -43.719 0.0000000000
104088  22.171  3.324  -40.117 0.0000000000
104101  22.104  3.239  -40.443 0.0000000000
104155  19.093  3.378  -45.008 0.0000000000
105134  22.103  3.703  -40.297 0.0000000000
105177  19.919  3.408  -43.491 0.0000000000
105192  18.810  3.974  -45.026 0.0000000000
105193  18.517  4.343  -44.964 0.0000000000
105205  20.615  3.686  -45.654 0.0000000000
105219  19.492  4.393  -46.081 0.0000000000
106251  22.125  3.980  -40.081 0.0000000000
106295  18.320  4.674  -44.480 0.0000000000
106306  18.492  4.401  -45.198 0.0000000000
106307  18.184  4.684  -45.104 0.0000000000
106317  21.156  4.538  -45.629 0.0000000000
106319  18.084  4.879  -45.518 0.0000000000
106330  18.886  4.794  -46.088 0.0000000000
107356  18.549  6.124  -43.607 0.0000000000
107370  19.601  5.201  -43.190 0.0000000000
107397  18.143  5.186  -45.779 0.0000000000
108381  19.105  5.866  -43.356 0.0000000000
108414  18.389  5.682  -45.840 0.0000000000
109360  18.104  7.022  -42.641 0.0000000000
110386  18.687  8.760  -43.610 0.0000000000
110400  19.362  8.703  -43.768 0.0000000000
111299  17.891  9.191  -42.748 0.0000000000
111311  17.229  10.075  -43.933 0.0000000000
111323  17.977  10.155  -43.767 0.0000000000
112212  16.538  10.352  -44.071 0.0000000000
140449  17.706  7.280  -42.843 0.0000000000
140450  17.798  6.939  -43.012 0.0000000000
140452  17.768  7.178  -43.066 0.0000000000
140463  18.135  5.623  -45.563 0.0000000000
140469  18.590  7.889  -43.608 0.0000000000
140477  17.979  6.993  -43.177 0.0000000000
140478  17.779  7.899  -43.094 0.0000000000
140484  17.918  6.881  -42.869 0.0000000000
140485  17.674  7.731  -42.994 0.0000000000
140492  17.946  9.097  -42.562 0.0000000000
