#!ascii label  , from subject sub-01 vox2ras=TkReg
2103
17830  47.758  -75.251  -30.892 0.2000000030
17829  48.148  -74.782  -30.327 0.2000000030
18852  48.053  -74.087  -31.810 0.2000000030
17823  47.810  -75.358  -30.118 0.2000000030
18864  46.565  -74.075  -32.928 0.1000000015
18830  48.342  -73.935  -30.001 0.3000000119
19957  48.503  -73.037  -31.340 0.2000000030
18853  47.276  -74.372  -32.316 0.1000000015
17839  47.206  -75.199  -31.690 0.2000000030
21073  47.563  -72.600  -32.709 0.1000000015
19966  47.152  -73.376  -32.878 0.1000000015
21088  46.785  -72.324  -33.138 0.1000000015
21089  45.725  -72.538  -33.548 0.1000000015
19980  46.216  -73.403  -33.263 0.1000000015
23361  44.546  -70.890  -33.820 0.1000000015
21109  45.117  -72.339  -33.743 0.1000000015
21110  44.402  -72.747  -33.868 0.1000000015
23362  43.813  -71.228  -33.748 0.2000000030
22225  44.102  -71.844  -33.800 0.1000000015
23327  47.336  -70.320  -32.855 0.1000000015
24506  46.899  -69.540  -32.998 0.1000000015
19964  48.409  -72.635  -31.924 0.2000000030
22204  46.192  -71.303  -33.576 0.1000000015
21087  47.489  -71.873  -32.782 0.1000000015
23359  45.832  -70.698  -33.764 0.1000000015
24510  43.577  -70.050  -33.339 0.1000000015
24481  41.402  -69.336  -32.578 0.2000000030
24511  42.661  -70.126  -33.217 0.2000000030
24482  40.357  -69.501  -32.282 0.1000000015
24483  39.393  -69.770  -31.979 0.2000000030
24484  38.562  -69.950  -31.785 0.1000000015
23312  37.622  -69.894  -31.743 0.1000000015
23345  46.150  -70.476  -33.568 0.1000000015
25643  45.765  -68.988  -33.032 0.1000000015
24531  45.131  -70.366  -33.614 0.1000000015
25617  39.679  -68.700  -31.840 0.2000000030
25593  38.494  -68.505  -31.529 0.2000000030
25594  37.305  -68.215  -31.376 0.2000000030
24459  38.133  -69.489  -31.636 0.2000000030
24461  36.637  -68.627  -31.653 0.1000000015
24486  36.155  -69.119  -32.225 0.2000000030
24508  45.428  -69.824  -33.268 0.1000000015
25644  44.989  -69.162  -32.907 0.1000000015
24509  44.545  -70.041  -33.337 0.1000000015
25646  43.218  -69.446  -33.026 0.2000000030
25615  42.136  -68.408  -32.483 0.2000000030
25616  40.950  -68.511  -32.145 0.3000000119
26727  35.733  -67.444  -31.766 0.3000000119
25620  35.701  -68.117  -32.111 0.2000000030
24515  35.596  -68.692  -32.858 0.2000000030
23332  36.118  -70.163  -32.942 0.2000000030
26747  40.346  -67.816  -31.795 0.3000000119
24480  42.421  -69.328  -32.835 0.2000000030
26725  36.981  -67.373  -31.043 0.3000000119
27844  35.700  -66.551  -31.630 0.3000000119
28968  35.649  -65.220  -32.503 0.3000000119
27860  35.494  -66.199  -32.532 0.3000000119
27875  35.706  -66.404  -33.269 0.2000000030
25663  35.976  -68.237  -34.041 0.2000000030
24532  36.162  -69.269  -34.234 0.2000000030
31164  35.609  -63.747  -31.507 0.4000000060
27842  37.525  -66.572  -30.722 0.3000000119
28953  36.024  -65.622  -31.250 0.3000000119
26723  39.388  -67.399  -31.472 0.2000000030
26724  38.070  -67.416  -31.064 0.2000000030
28979  35.811  -65.530  -33.068 0.3000000119
26785  35.776  -67.225  -33.644 0.2000000030
28989  36.673  -65.598  -33.981 0.2000000030
26784  36.380  -67.241  -34.338 0.2000000030
32246  35.784  -62.469  -32.136 0.3000000119
30078  35.601  -64.487  -32.109 0.3000000119
30101  36.895  -64.360  -33.892 0.2000000030
28987  38.080  -64.987  -34.840 0.2000000030
30100  37.801  -64.289  -34.510 0.2000000030
29002  38.760  -65.147  -35.454 0.1000000015
28988  37.405  -65.255  -34.445 0.2000000030
27899  38.244  -66.391  -35.409 0.2000000030
29003  37.907  -65.807  -34.909 0.2000000030
25662  36.688  -67.853  -34.689 0.2000000030
33265  36.349  -61.729  -32.947 0.3000000119
32256  36.607  -62.379  -33.226 0.3000000119
31175  36.124  -63.139  -32.862 0.3000000119
33277  37.583  -61.522  -33.549 0.2000000030
31185  37.067  -63.085  -33.658 0.3000000119
33276  38.396  -61.511  -33.796 0.2000000030
31186  36.516  -63.406  -33.322 0.3000000119
31198  37.413  -63.330  -33.996 0.1000000015
31197  38.622  -63.414  -34.818 0.1000000015
30111  39.558  -64.174  -35.847 0.1000000015
31210  39.029  -63.553  -35.104 0.1000000015
32262  39.332  -62.514  -34.799 0.1000000015
34283  36.665  -60.282  -32.832 0.3000000119
34299  37.057  -60.722  -33.212 0.2000000030
35378  38.498  -59.923  -33.374 0.2000000030
36555  39.817  -58.777  -33.389 0.2000000030
36554  40.679  -58.487  -33.624 0.1000000015
34297  38.870  -60.644  -33.701 0.1000000015
35376  40.325  -59.309  -33.916 0.1000000015
34305  39.624  -60.649  -34.052 0.1000000015
33283  38.962  -61.850  -34.233 0.1000000015
32274  40.211  -62.392  -35.337 0.1000000015
31208  40.515  -63.287  -36.105 0.1000000015
35363  38.029  -59.341  -32.913 0.2000000030
35375  41.137  -59.034  -34.137 0.1000000015
36564  41.957  -58.827  -34.312 0.1000000015
35387  40.815  -59.864  -34.345 0.1000000015
34303  41.338  -60.518  -34.851 0.1000000015
33282  39.728  -61.489  -34.450 0.1000000015
34316  41.686  -60.879  -35.251 0.1000000015
33293  41.000  -61.734  -35.453 0.1000000015
33281  40.563  -61.432  -34.935 0.1000000015
36563  42.753  -58.621  -34.501 0.1000000015
33292  41.765  -61.413  -35.592 0.1000000015
32273  41.291  -62.372  -36.027 0.1000000015
36552  42.314  -57.995  -34.099 0.1000000015
22205  45.514  -71.777  -33.714 0.1000000015
22203  47.069  -71.209  -33.081 0.1000000015
23328  39.861  -70.499  -32.459 0.1000000015
26597  49.563  -67.584  -23.707 0.5000000000
25441  50.828  -67.967  -23.376 0.5000000000
26596  50.203  -67.540  -23.427 0.5000000000
27722  49.792  -67.011  -23.137 0.5000000000
27705  49.311  -66.355  -22.621 0.5000000000
23105  50.675  -70.260  -21.201 0.2000000030
23124  50.981  -70.521  -22.135 0.2000000030
23123  51.243  -69.651  -21.700 0.3000000119
23137  51.224  -69.621  -22.651 0.3000000119
25440  51.160  -68.295  -23.131 0.5000000000
26594  51.154  -67.514  -22.771 0.5000000000
26593  51.452  -67.151  -22.328 0.5000000000
27721  50.503  -66.955  -22.872 0.5000000000
27703  50.803  -66.309  -22.380 0.5000000000
27704  50.169  -66.255  -22.520 0.5000000000
27706  48.248  -66.377  -22.755 0.5000000000
27725  46.344  -66.637  -23.388 0.5000000000
27744  44.809  -67.138  -24.037 0.5000000000
24267  50.713  -69.221  -20.999 0.3000000119
24266  51.160  -68.941  -21.350 0.3000000119
25435  51.526  -68.109  -22.267 0.5000000000
28827  50.433  -65.469  -22.047 0.5000000000
28828  49.782  -65.368  -22.166 0.5000000000
27707  47.198  -66.324  -22.784 0.5000000000
27708  46.584  -66.258  -22.774 0.5000000000
25493  40.878  -68.991  -25.764 0.4000000060
25462  41.489  -68.568  -25.009 0.5000000000
26620  42.901  -67.979  -24.474 0.5000000000
26598  43.714  -67.177  -23.926 0.5000000000
27726  45.242  -66.644  -23.535 0.5000000000
23106  49.743  -70.528  -20.629 0.3000000119
25428  50.163  -68.564  -20.789 0.4000000060
26577  50.387  -67.741  -20.783 0.4000000060
26582  51.566  -67.412  -21.852 0.5000000000
27684  51.189  -66.555  -21.164 0.5000000000
27696  51.563  -66.296  -22.100 0.5000000000
28825  51.235  -65.892  -21.698 0.5000000000
28800  51.256  -65.914  -21.039 0.5000000000
29909  51.099  -65.372  -21.323 0.5000000000
29932  50.536  -64.742  -21.571 0.5000000000
28830  47.844  -65.481  -22.256 0.5000000000
28846  45.518  -66.147  -22.886 0.6000000238
26599  43.144  -67.292  -23.959 0.5000000000
27727  44.354  -66.651  -23.505 0.5000000000
28847  44.668  -66.143  -22.973 0.5000000000
24374  40.157  -69.646  -27.313 0.4000000060
24357  40.474  -69.451  -26.584 0.4000000060
25463  40.284  -68.360  -24.731 0.5000000000
21959  45.976  -71.484  -18.325 0.1000000015
23091  46.320  -70.748  -18.721 0.1000000015
24250  45.509  -69.824  -18.470 0.1000000015
23090  46.873  -71.231  -19.048 0.1000000015
24249  46.143  -70.185  -18.818 0.1000000015
24262  45.682  -69.437  -18.876 0.1000000015
23099  47.139  -70.782  -19.333 0.1000000015
24261  46.324  -69.784  -19.182 0.1000000015
25420  45.577  -68.791  -19.210 0.1000000015
24259  48.365  -70.300  -20.143 0.1000000015
24268  49.933  -69.512  -20.733 0.3000000119
26576  50.885  -67.418  -20.966 0.5000000000
25429  49.250  -68.679  -20.610 0.4000000060
26578  49.613  -67.806  -20.657 0.4000000060
27660  50.454  -66.581  -20.649 0.4000000060
27659  51.013  -66.452  -20.897 0.5000000000
28776  51.066  -65.824  -20.795 0.5000000000
29890  50.977  -64.857  -20.967 0.5000000000
29910  50.793  -64.690  -21.260 0.5000000000
28831  46.771  -65.638  -22.348 0.5000000000
27728  43.553  -66.782  -23.526 0.5000000000
26600  42.060  -67.572  -23.880 0.5000000000
24358  39.762  -69.363  -26.719 0.4000000060
24410  39.761  -69.916  -28.898 0.5000000000
20854  42.838  -72.292  -16.987 0.1000000015
20872  44.215  -72.433  -17.505 0.1000000015
21945  44.424  -71.528  -17.442 0.1000000015
21944  45.254  -71.383  -17.892 0.1000000015
21960  45.536  -70.962  -18.039 0.1000000015
24231  45.256  -70.181  -18.074 0.1000000015
25387  44.486  -69.317  -18.118 0.1000000015
23076  44.503  -70.614  -17.469 0.1000000015
23075  45.172  -70.555  -17.882 0.1000000015
25402  44.700  -68.827  -18.531 0.1000000015
28765  45.405  -65.296  -19.220 0.2000000030
29858  44.811  -64.655  -18.729 0.2000000030
23098  48.188  -70.831  -19.857 0.1000000015
24260  47.605  -69.819  -19.950 0.1000000015
25419  46.628  -68.871  -19.867 0.1000000015
26557  46.025  -67.866  -19.859 0.1000000015
28783  45.990  -66.029  -19.632 0.2000000030
25418  47.542  -68.785  -20.276 0.2000000030
26556  47.006  -67.890  -20.243 0.1000000015
26555  47.835  -67.995  -20.398 0.2000000030
28782  46.994  -65.904  -19.742 0.2000000030
28764  46.367  -65.154  -19.172 0.2000000030
29857  45.744  -64.526  -18.641 0.2000000030
25430  48.337  -68.699  -20.439 0.2000000030
26579  48.628  -67.718  -20.520 0.2000000030
27687  49.155  -67.029  -20.564 0.3000000119
28780  48.923  -65.579  -20.112 0.3000000119
29880  49.193  -64.984  -19.841 0.4000000060
28778  50.405  -65.625  -20.451 0.5000000000
28833  45.036  -65.464  -22.495 0.5000000000
29878  50.301  -64.670  -20.206 0.4000000060
29941  42.705  -64.953  -21.795 0.5000000000
29940  43.661  -64.856  -21.998 0.5000000000
29939  44.613  -64.761  -22.090 0.5000000000
27709  42.257  -66.235  -22.714 0.5000000000
28835  43.092  -65.645  -22.433 0.5000000000
28834  44.146  -65.509  -22.517 0.5000000000
29934  49.416  -64.364  -21.952 0.5000000000
29933  50.038  -64.512  -21.796 0.5000000000
26601  40.868  -67.605  -23.620 0.5000000000
27730  41.582  -66.899  -23.154 0.5000000000
28849  43.088  -66.378  -22.983 0.5000000000
29938  45.499  -64.772  -22.015 0.5000000000
25494  39.530  -68.944  -25.890 0.5000000000
25442  41.228  -68.109  -24.257 0.5000000000
28848  43.819  -66.211  -22.984 0.5000000000
28832  45.867  -65.528  -22.346 0.6000000238
25525  39.418  -69.008  -28.334 0.4000000060
20856  41.737  -71.968  -16.687 0.1000000015
21946  43.617  -71.667  -17.012 0.1000000015
23061  42.916  -70.967  -16.400 0.1000000015
24216  43.183  -70.320  -16.587 0.1000000015
25372  41.544  -68.822  -16.230 0.1000000015
23077  43.760  -70.794  -16.906 0.1000000015
24233  43.561  -69.780  -17.008 0.1000000015
25388  43.769  -68.943  -17.886 0.1000000015
25403  43.939  -68.472  -18.323 0.1000000015
26533  43.917  -67.812  -18.632 0.1000000015
27648  44.318  -66.864  -19.243 0.1000000015
26558  45.112  -67.684  -19.453 0.1000000015
28766  44.483  -65.582  -19.147 0.2000000030
27665  45.607  -66.930  -19.738 0.1000000015
28784  45.099  -66.233  -19.531 0.2000000030
28781  48.000  -65.700  -19.926 0.3000000119
28763  47.369  -64.970  -19.230 0.3000000119
29856  46.690  -64.373  -18.568 0.2000000030
28762  48.384  -64.862  -19.500 0.3000000119
29879  49.765  -64.857  -19.998 0.4000000060
29854  48.992  -64.173  -19.358 0.3000000119
29852  50.054  -64.312  -19.940 0.4000000060
31018  43.757  -63.236  -21.163 0.5000000000
31017  44.768  -63.223  -21.324 0.5000000000
29915  45.143  -64.032  -21.644 0.5000000000
30986  50.589  -64.366  -20.535 0.5000000000
33046  45.040  -61.473  -20.851 0.5000000000
33045  45.956  -61.600  -20.973 0.5000000000
32062  46.303  -62.414  -21.335 0.5000000000
31016  45.711  -63.228  -21.416 0.5000000000
29914  46.041  -64.024  -21.648 0.6000000238
31041  50.188  -63.747  -21.508 0.5000000000
30996  50.721  -64.082  -20.893 0.5000000000
33044  46.898  -61.570  -21.240 0.5000000000
32061  47.228  -62.457  -21.631 0.5000000000
31015  46.625  -63.233  -21.553 0.6000000238
29937  46.403  -64.825  -21.891 0.5000000000
29935  48.438  -64.212  -21.908 0.5000000000
29913  46.960  -64.026  -21.619 0.5000000000
29936  47.390  -64.730  -21.878 0.5000000000
23274  40.077  -70.581  -29.978 0.4000000060
24430  39.907  -69.833  -29.638 0.4000000060
24391  39.841  -69.721  -28.037 0.4000000060
26502  40.008  -67.429  -16.000 0.1000000015
25373  40.816  -68.229  -16.053 0.1000000015
27614  40.815  -67.226  -16.859 0.1000000015
24234  42.811  -69.370  -16.731 0.1000000015
26499  42.098  -68.267  -16.890 0.1000000015
26520  41.781  -67.466  -17.217 0.1000000015
25389  42.885  -68.885  -17.142 0.1000000015
26519  42.733  -67.837  -17.678 0.1000000015
27633  41.923  -66.737  -17.730 0.1000000015
26534  43.215  -67.493  -18.304 0.1000000015
27650  42.706  -66.774  -18.225 0.1000000015
28768  43.002  -66.054  -18.475 0.1000000015
29828  43.327  -64.200  -18.324 0.2000000030
29827  44.239  -64.047  -18.262 0.2000000030
29826  45.137  -64.015  -18.106 0.2000000030
32973  52.131  -61.401  -16.597 0.2000000030
29824  46.842  -63.638  -18.092 0.2000000030
35097  51.086  -60.332  -17.541 0.2000000030
33998  50.767  -60.864  -17.149 0.2000000030
33999  49.847  -60.743  -17.720 0.2000000030
34000  49.424  -61.202  -18.105 0.2000000030
29855  47.746  -63.901  -18.626 0.2000000030
36289  50.754  -59.325  -18.454 0.2000000030
35108  50.139  -59.873  -18.307 0.2000000030
34009  49.676  -60.469  -18.322 0.2000000030
34010  49.474  -61.034  -18.656 0.2000000030
33004  49.825  -61.779  -19.491 0.2000000030
32031  49.826  -62.371  -19.280 0.4000000060
36322  48.991  -58.994  -20.048 0.2000000030
35124  49.325  -59.873  -19.403 0.3000000119
34026  49.615  -60.985  -19.590 0.4000000060
34025  49.965  -61.516  -19.931 0.3000000119
32030  50.285  -62.776  -19.990 0.5000000000
30967  49.530  -63.407  -19.274 0.4000000060
30987  50.234  -63.700  -19.893 0.5000000000
35173  47.115  -59.895  -20.738 0.5000000000
35150  47.777  -59.862  -20.601 0.4000000060
34052  48.181  -60.463  -20.677 0.4000000060
34051  48.711  -60.651  -20.585 0.4000000060
34074  49.124  -61.460  -21.149 0.4000000060
34101  49.295  -61.966  -21.405 0.5000000000
33025  50.020  -62.144  -20.747 0.5000000000
33003  50.117  -62.018  -20.233 0.5000000000
32029  50.474  -63.639  -20.419 0.5000000000
34076  47.554  -60.752  -20.911 0.5000000000
33043  47.937  -61.684  -21.582 0.5000000000
33078  48.578  -62.057  -21.930 0.5000000000
31014  47.490  -63.297  -21.722 0.5000000000
29911  48.164  -63.879  -21.814 0.5000000000
31043  49.148  -63.416  -21.992 0.5000000000
31042  49.737  -63.568  -21.772 0.5000000000
27602  38.509  -66.825  -15.207 0.1000000015
27601  39.060  -67.122  -15.627 0.1000000015
27616  39.333  -66.814  -16.122 0.1000000015
28722  39.118  -65.621  -16.621 0.1000000015
27635  40.385  -66.538  -17.018 0.1000000015
28742  39.770  -65.718  -16.991 0.1000000015
28741  40.341  -65.899  -17.288 0.1000000015
29832  39.774  -65.091  -17.168 0.1000000015
28739  42.198  -65.689  -18.240 0.1000000015
29830  41.503  -64.751  -17.932 0.1000000015
29829  42.409  -64.489  -18.231 0.2000000030
30950  41.851  -63.766  -17.827 0.2000000030
30947  44.565  -63.458  -17.737 0.2000000030
29825  46.039  -63.917  -18.001 0.2000000030
32952  51.365  -61.738  -16.081 0.1000000015
32974  51.169  -61.430  -16.643 0.2000000030
32975  50.226  -61.193  -16.857 0.2000000030
33961  51.697  -60.459  -15.507 0.1000000015
32936  51.440  -61.199  -15.646 0.1000000015
31953  49.937  -61.787  -16.040 0.1000000015
31969  49.972  -61.669  -16.261 0.1000000015
32976  49.344  -61.379  -17.546 0.1000000015
32985  49.437  -61.758  -18.641 0.2000000030
32977  48.970  -61.529  -17.252 0.1000000015
31989  49.131  -61.997  -18.364 0.1000000015
32007  49.477  -62.503  -18.969 0.3000000119
33076  49.509  -62.352  -21.478 0.5000000000
32059  50.179  -62.715  -21.099 0.5000000000
32046  50.310  -62.639  -20.710 0.5000000000
32058  50.395  -63.091  -21.066 0.5000000000
33077  49.127  -62.063  -21.728 0.5000000000
32094  49.448  -62.779  -21.826 0.5000000000
32093  49.931  -62.925  -21.481 0.5000000000
32095  48.882  -62.653  -22.045 0.5000000000
27603  37.803  -65.902  -15.124 0.1000000015
29804  37.483  -64.820  -15.480 0.1000000015
30935  37.612  -64.008  -15.982 0.1000000015
29815  38.237  -64.841  -16.298 0.1000000015
30934  38.383  -63.775  -16.513 0.1000000015
29814  39.029  -64.468  -16.917 0.1000000015
30952  39.909  -63.957  -17.320 0.1000000015
30933  39.055  -63.510  -16.992 0.1000000015
30951  40.934  -63.926  -17.605 0.1000000015
31995  41.300  -63.039  -17.550 0.2000000030
30949  42.774  -63.545  -17.964 0.2000000030
31993  43.176  -62.898  -17.482 0.2000000030
30948  43.704  -63.401  -17.824 0.2000000030
31992  43.719  -62.918  -17.458 0.2000000030
30946  45.423  -63.381  -17.619 0.2000000030
30945  46.345  -63.194  -17.573 0.2000000030
35059  50.030  -59.867  -15.357 0.1000000015
33962  50.706  -60.637  -15.393 0.1000000015
32938  49.072  -61.284  -15.653 0.1000000015
31954  49.359  -61.668  -16.071 0.1000000015
32955  49.282  -61.405  -16.853 0.1000000015
30944  47.466  -62.813  -17.740 0.1000000015
30969  47.835  -63.244  -18.299 0.2000000030
31971  48.735  -61.572  -16.824 0.1000000015
31990  48.677  -62.034  -17.827 0.1000000015
32008  49.004  -62.561  -18.646 0.2000000030
30968  48.402  -63.063  -18.477 0.2000000030
30904  36.891  -63.579  -14.594 0.1000000015
30916  37.148  -63.953  -15.252 0.1000000015
32929  37.212  -61.666  -13.929 0.1000000015
31959  37.333  -62.911  -15.372 0.1000000015
33971  37.648  -61.233  -15.100 0.1000000015
32943  37.786  -61.868  -15.472 0.1000000015
31980  39.623  -62.703  -17.169 0.1000000015
31981  38.597  -62.732  -16.527 0.1000000015
31979  40.648  -62.326  -17.383 0.1000000015
31978  41.665  -62.171  -17.383 0.1000000015
31977  42.708  -62.159  -17.237 0.1000000015
31976  43.869  -62.358  -17.116 0.2000000030
30931  44.774  -62.836  -17.361 0.2000000030
31975  44.997  -62.110  -16.926 0.2000000030
30930  45.685  -62.682  -17.220 0.2000000030
31974  45.951  -62.015  -16.736 0.1000000015
36261  49.808  -58.271  -16.471 0.1000000015
36237  49.378  -59.107  -15.706 0.1000000015
35060  48.975  -59.898  -15.338 0.1000000015
30929  46.597  -62.528  -17.055 0.2000000030
35061  47.951  -59.882  -15.408 0.1000000015
33964  48.552  -60.631  -15.401 0.1000000015
31972  47.775  -61.941  -16.801 0.1000000015
31991  48.136  -62.156  -17.401 0.1000000015
33952  37.461  -60.981  -14.492 0.1000000015
35067  37.747  -60.586  -15.033 0.1000000015
33970  38.107  -60.949  -15.656 0.1000000015
33988  39.306  -60.888  -16.663 0.1000000015
32961  40.964  -61.384  -17.270 0.1000000015
32960  42.056  -61.289  -17.142 0.1000000015
32959  43.174  -61.315  -16.821 0.1000000015
32958  44.323  -61.363  -16.640 0.2000000030
33983  44.856  -60.694  -16.385 0.1000000015
36264  46.800  -58.449  -16.294 0.1000000015
36240  46.385  -59.049  -15.819 0.1000000015
35063  46.014  -59.741  -15.765 0.1000000015
33967  45.639  -60.431  -16.097 0.1000000015
32942  45.830  -61.031  -16.284 0.1000000015
32957  45.368  -61.356  -16.523 0.1000000015
36262  48.695  -58.493  -16.275 0.1000000015
36239  47.348  -59.137  -15.725 0.1000000015
35062  46.978  -59.822  -15.557 0.1000000015
33966  46.663  -60.476  -15.738 0.1000000015
31957  47.073  -61.421  -16.054 0.1000000015
32956  46.126  -61.460  -16.423 0.1000000015
31973  46.867  -61.841  -16.457 0.1000000015
33965  47.583  -60.549  -15.519 0.1000000015
32940  47.254  -61.095  -15.769 0.1000000015
31956  47.604  -61.531  -16.106 0.1000000015
30928  47.196  -62.338  -16.946 0.1000000015
35066  38.084  -59.781  -15.383 0.1000000015
35085  39.441  -59.940  -16.697 0.1000000015
33987  40.209  -60.641  -17.023 0.1000000015
33986  41.288  -60.471  -17.101 0.1000000015
33985  42.428  -60.374  -16.851 0.1000000015
38555  44.961  -56.339  -16.953 0.1000000015
37412  44.409  -57.401  -17.050 0.1000000015
36267  44.021  -58.437  -16.644 0.1000000015
35081  43.716  -59.251  -16.432 0.1000000015
33984  43.727  -60.265  -16.466 0.1000000015
38554  46.186  -56.438  -17.016 0.1000000015
36266  44.961  -58.325  -16.638 0.1000000015
35065  44.403  -59.433  -16.320 0.1000000015
33968  44.639  -60.006  -16.273 0.1000000015
38575  46.582  -57.038  -17.178 0.1000000015
37410  46.391  -57.642  -16.982 0.1000000015
37411  45.433  -57.452  -17.039 0.1000000015
36242  44.680  -58.996  -16.344 0.1000000015
35064  45.144  -59.597  -16.163 0.1000000015
35084  40.441  -59.700  -17.025 0.1000000015
37415  40.992  -57.523  -17.211 0.1000000015
35083  41.583  -59.546  -17.049 0.1000000015
37414  42.242  -57.478  -17.181 0.1000000015
36269  41.881  -58.552  -17.129 0.1000000015
35082  42.708  -59.410  -16.700 0.1000000015
38556  43.845  -56.308  -17.003 0.1000000015
37413  43.364  -57.430  -17.095 0.1000000015
39642  45.590  -55.533  -16.242 0.1000000015
24281  51.491  -68.739  -21.922 0.4000000060
28829  48.898  -65.378  -22.192 0.5000000000
25426  51.264  -68.057  -21.359 0.4000000060
27686  49.982  -67.105  -20.628 0.4000000060
21958  46.758  -71.672  -18.833 0.1000000015
25421  44.959  -68.343  -19.080 0.1000000015
24269  48.773  -69.715  -20.428 0.2000000030
27661  49.518  -66.350  -20.439 0.4000000060
28779  49.750  -65.620  -20.267 0.4000000060
21926  42.218  -71.544  -16.391 0.1000000015
24232  44.666  -69.825  -17.842 0.1000000015
27664  46.528  -66.892  -20.027 0.2000000030
27663  47.743  -66.893  -20.310 0.2000000030
27662  48.641  -66.379  -20.347 0.3000000119
29916  44.212  -64.091  -21.549 0.5000000000
24217  42.366  -69.800  -16.210 0.1000000015
25371  42.369  -69.015  -16.610 0.1000000015
26518  43.484  -68.144  -18.176 0.1000000015
27649  43.434  -66.812  -18.657 0.1000000015
27666  45.001  -66.924  -19.559 0.1000000015
28767  43.683  -65.887  -18.788 0.1000000015
29859  43.925  -64.910  -18.613 0.2000000030
29853  49.809  -64.248  -19.750 0.4000000060
32064  44.379  -62.334  -21.042 0.5000000000
32063  45.362  -62.384  -21.162 0.5000000000
34077  46.360  -60.611  -20.776 0.5000000000
26501  40.525  -67.688  -16.203 0.1000000015
27615  40.387  -67.068  -16.613 0.1000000015
26500  41.126  -67.698  -16.658 0.1000000015
27634  40.959  -66.850  -17.227 0.1000000015
28740  41.221  -65.814  -17.744 0.1000000015
29860  43.073  -65.190  -18.452 0.1000000015
33997  51.775  -60.986  -17.138 0.2000000030
35098  50.440  -60.462  -17.642 0.2000000030
35123  49.795  -59.313  -19.011 0.2000000030
30988  49.971  -62.962  -19.399 0.4000000060
35149  48.315  -59.888  -20.426 0.5000000000
35148  48.828  -59.888  -20.174 0.4000000060
36302  49.581  -58.869  -19.524 0.2000000030
34050  49.337  -60.852  -20.326 0.4000000060
34073  49.604  -61.727  -20.808 0.5000000000
34049  49.859  -61.493  -20.323 0.5000000000
36339  47.489  -58.857  -20.906 0.5000000000
36324  48.000  -59.393  -20.566 0.5000000000
34075  48.409  -61.084  -21.113 0.5000000000
33042  48.684  -61.593  -21.609 0.5000000000
28710  38.019  -65.592  -15.758 0.1000000015
27617  38.613  -66.144  -16.086 0.1000000015
28721  39.878  -66.284  -16.806 0.1000000015
29831  40.598  -64.901  -17.564 0.1000000015
31994  42.254  -62.922  -17.569 0.2000000030
32953  50.431  -61.630  -16.290 0.1000000015
32937  50.272  -61.450  -15.759 0.1000000015
28699  37.436  -65.344  -14.786 0.1000000015
29794  37.039  -64.453  -14.537 0.1000000015
31958  38.009  -62.493  -15.889 0.1000000015
31996  40.471  -63.180  -17.430 0.1000000015
36236  50.436  -59.052  -15.735 0.1000000015
33963  49.613  -60.684  -15.397 0.1000000015
30943  48.136  -62.497  -17.868 0.2000000030
31955  48.456  -61.550  -16.142 0.1000000015
30891  36.869  -63.616  -13.693 0.1000000015
31948  36.977  -62.657  -14.304 0.1000000015
33943  37.558  -60.606  -13.563 0.1000000015
32944  37.321  -61.860  -14.804 0.1000000015
32964  38.353  -61.818  -16.082 0.1000000015
32962  39.930  -61.590  -17.123 0.1000000015
32963  39.042  -61.793  -16.679 0.1000000015
36238  48.337  -59.180  -15.709 0.1000000015
32939  48.088  -61.201  -15.638 0.1000000015
35046  37.684  -60.084  -14.454 0.1000000015
35086  38.636  -60.308  -16.221 0.1000000015
33989  38.658  -61.138  -16.276 0.1000000015
36265  45.883  -58.355  -16.468 0.1000000015
37431  46.915  -57.336  -17.089 0.1000000015
37408  48.044  -57.886  -16.739 0.1000000015
36263  47.723  -58.533  -16.231 0.1000000015
36241  45.481  -59.013  -16.114 0.1000000015
32941  46.503  -61.119  -16.075 0.1000000015
36272  38.727  -59.257  -16.214 0.1000000015
36271  39.600  -58.913  -16.725 0.1000000015
36268  42.978  -58.442  -16.806 0.1000000015
36243  44.188  -59.044  -16.387 0.1000000015
33969  44.113  -59.725  -16.348 0.1000000015
36270  40.662  -58.670  -17.121 0.1000000015
38558  41.527  -56.456  -17.005 0.1000000015
39643  44.429  -55.439  -16.254 0.1000000015
38557  42.702  -56.364  -17.066 0.1000000015
22019  49.452  -71.582  -23.524 0.1000000015
22047  48.952  -70.929  -24.145 0.1000000015
22046  49.623  -70.939  -24.154 0.1000000015
23184  50.141  -70.439  -24.422 0.1000000015
23156  50.725  -70.263  -23.894 0.1000000015
20941  50.145  -72.158  -22.752 0.1000000015
22005  50.567  -71.383  -22.576 0.1000000015
22020  48.734  -71.635  -23.309 0.2000000030
21993  50.591  -71.373  -21.735 0.1000000015
23186  48.317  -70.452  -24.801 0.2000000030
23187  47.523  -70.489  -24.545 0.2000000030
23185  49.298  -70.333  -24.943 0.1000000015
23155  51.006  -69.857  -23.448 0.1000000015
23188  46.385  -70.522  -24.679 0.2000000030
23211  47.502  -70.022  -25.259 0.2000000030
24328  50.010  -69.963  -24.914 0.2000000030
23210  48.413  -69.941  -25.383 0.2000000030
24348  49.669  -69.391  -25.189 0.2000000030
24327  50.603  -69.449  -24.495 0.3000000119
25454  51.014  -68.704  -23.787 0.3000000119
25484  49.967  -68.728  -24.854 0.3000000119
25455  50.549  -68.491  -24.125 0.3000000119
24350  47.690  -69.403  -25.574 0.2000000030
24349  48.643  -69.281  -25.515 0.2000000030
23213  45.238  -70.506  -25.516 0.2000000030
25485  49.004  -68.522  -25.172 0.2000000030
24351  46.690  -69.553  -25.533 0.2000000030
22072  42.296  -71.289  -25.893 0.1000000015
23212  46.453  -70.168  -25.284 0.2000000030
25456  49.649  -68.247  -24.618 0.3000000119
26613  49.939  -67.977  -24.005 0.4000000060
22070  43.994  -71.023  -25.321 0.1000000015
25487  47.022  -68.878  -25.644 0.2000000030
25486  47.943  -68.692  -25.517 0.2000000030
22071  43.182  -70.869  -25.733 0.1000000015
26614  49.045  -67.864  -24.351 0.4000000060
23214  44.306  -70.556  -25.597 0.2000000030
23227  44.957  -70.107  -25.887 0.2000000030
22093  42.334  -70.898  -26.692 0.1000000015
22115  41.990  -70.838  -27.222 0.2000000030
22092  42.797  -70.607  -26.250 0.1000000015
24352  45.536  -69.836  -25.755 0.2000000030
25488  46.111  -69.069  -25.672 0.2000000030
26641  47.233  -68.217  -25.377 0.2000000030
23215  43.751  -70.614  -25.596 0.1000000015
26617  46.438  -67.855  -24.931 0.4000000060
27741  47.843  -67.427  -24.283 0.4000000060
24369  44.880  -69.882  -25.886 0.3000000119
24353  44.577  -69.755  -25.832 0.3000000119
23228  44.508  -70.199  -25.779 0.2000000030
24370  43.989  -70.017  -25.854 0.4000000060
27724  47.517  -66.901  -23.561 0.4000000060
25489  45.153  -69.187  -25.605 0.3000000119
24354  43.586  -69.802  -25.919 0.4000000060
33980  52.970  -60.597  -16.622 0.1000000015
32951  52.290  -61.306  -15.982 0.1000000015
27742  46.898  -67.200  -24.333 0.4000000060
25458  45.723  -68.482  -25.293 0.4000000060
27743  45.841  -67.160  -24.219 0.5000000000
25490  44.138  -69.224  -25.565 0.4000000060
25459  44.675  -68.511  -25.104 0.4000000060
32972  52.637  -61.056  -16.510 0.1000000015
33996  53.064  -60.637  -17.299 0.1000000015
26618  45.288  -67.834  -24.626 0.5000000000
35096  52.104  -60.317  -17.717 0.1000000015
35106  52.332  -59.456  -18.455 0.1000000015
36288  51.311  -59.054  -18.641 0.1000000015
20943  49.288  -72.479  -23.014 0.1000000015
23138  50.802  -70.504  -23.051 0.1000000015
22018  50.236  -71.283  -23.535 0.1000000015
20942  49.756  -72.243  -23.086 0.1000000015
19834  50.002  -72.672  -22.283 0.1000000015
21973  50.205  -71.360  -21.016 0.1000000015
27723  48.714  -67.218  -23.582 0.4000000060
35107  51.288  -59.668  -18.063 0.1000000015
22007  47.924  -71.680  -22.770 0.1000000015
26639  48.707  -68.036  -24.900 0.3000000119
26616  47.449  -67.675  -24.917 0.4000000060
19823  49.784  -73.368  -21.961 0.1000000015
19863  31.932  -73.307  -25.247 0.1000000015
18760  32.145  -74.550  -25.746 0.1000000015
19899  34.031  -74.132  -27.664 0.1000000015
19864  31.548  -74.231  -25.090 0.1000000015
19880  33.946  -73.276  -27.258 0.1000000015
18746  31.103  -74.804  -24.734 0.1000000015
17733  29.805  -75.875  -23.975 0.1000000015
18761  31.608  -74.988  -25.260 0.1000000015
4241  30.184  -91.390  -16.381 0.1000000015
13145  27.908  -80.354  -21.157 0.1000000015
14964  27.675  -79.178  -21.789 0.1000000015
20995  33.106  -72.469  -26.224 0.1000000015
14978  27.981  -78.183  -22.115 0.1000000015
19881  32.871  -73.410  -26.350 0.1000000015
16815  28.792  -76.730  -23.156 0.1000000015
20994  33.780  -72.405  -26.556 0.1000000015
16814  29.226  -76.596  -23.681 0.1000000015
19898  34.942  -73.420  -27.794 0.1000000015
4221  31.099  -91.121  -15.935 0.1000000015
4879  29.771  -90.795  -16.758 0.1000000015
5542  29.941  -90.055  -17.302 0.1000000015
5526  32.234  -90.164  -16.646 0.1000000015
5527  31.816  -90.179  -16.143 0.1000000015
4240  30.994  -91.713  -16.640 0.1000000015
4260  30.819  -91.828  -17.474 0.1000000015
6224  30.282  -88.312  -17.933 0.1000000015
10488  29.437  -83.512  -19.753 0.1000000015
12278  28.593  -81.187  -20.654 0.1000000015
20978  32.707  -72.287  -25.609 0.1000000015
20960  32.013  -72.319  -24.590 0.1000000015
19851  31.151  -73.573  -24.281 0.1000000015
22100  33.976  -71.684  -26.087 0.1000000015
21013  35.408  -72.781  -27.282 0.1000000015
18788  35.541  -74.617  -28.239 0.1000000015
4896  30.286  -90.974  -17.628 0.1000000015
5556  30.796  -89.845  -18.258 0.1000000015
5540  32.663  -89.978  -17.085 0.1000000015
4877  32.237  -90.871  -16.905 0.1000000015
4239  31.675  -91.549  -16.764 0.1000000015
4279  31.076  -91.672  -17.959 0.1000000015
6222  31.181  -89.110  -18.487 0.1000000015
6223  30.518  -88.803  -18.172 0.1000000015
7902  30.507  -86.615  -18.463 0.1000000015
8764  29.771  -85.559  -18.498 0.1000000015
9619  30.098  -84.501  -19.258 0.1000000015
11379  29.982  -81.796  -20.244 0.1000000015
11380  29.207  -81.941  -20.343 0.1000000015
13144  28.912  -80.255  -20.674 0.1000000015
14017  28.378  -79.484  -21.033 0.1000000015
18736  29.728  -74.817  -22.708 0.1000000015
22081  33.546  -71.291  -25.417 0.1000000015
20961  31.523  -72.818  -24.303 0.1000000015
19838  30.648  -73.567  -23.293 0.1000000015
17721  29.522  -75.471  -23.263 0.1000000015
22098  35.261  -72.036  -26.530 0.1000000015
20993  34.783  -72.537  -27.093 0.1000000015
7055  32.175  -87.727  -18.641 0.1000000015
6207  32.991  -89.297  -17.334 0.1000000015
4895  33.117  -90.644  -17.463 0.1000000015
4238  32.122  -91.445  -17.049 0.1000000015
3643  32.040  -91.942  -18.017 0.1000000015
5555  31.562  -90.088  -18.481 0.1000000015
6238  32.248  -88.663  -18.611 0.1000000015
7056  31.198  -87.499  -18.543 0.1000000015
8762  31.842  -85.552  -19.017 0.1000000015
10487  30.490  -83.470  -19.674 0.1000000015
11365  30.892  -82.150  -19.865 0.1000000015
4257  33.551  -90.878  -17.829 0.1000000015
4258  32.578  -91.394  -17.640 0.1000000015
4277  32.586  -91.453  -18.119 0.1000000015
5553  33.231  -90.318  -18.493 0.1000000015
11366  29.841  -82.631  -20.082 0.1000000015
12277  29.532  -81.076  -20.485 0.1000000015
14952  29.994  -78.396  -20.279 0.1000000015
14016  29.145  -79.353  -20.642 0.1000000015
15867  30.336  -77.451  -20.201 0.1000000015
14953  29.259  -78.518  -20.631 0.1000000015
17702  29.799  -75.505  -21.267 0.1000000015
15868  29.246  -77.531  -20.765 0.1000000015
20925  31.010  -72.761  -22.154 0.1000000015
18719  29.778  -74.967  -21.742 0.1000000015
15886  28.860  -77.258  -21.230 0.1000000015
22029  32.962  -70.995  -23.922 0.1000000015
20945  31.418  -72.465  -23.654 0.1000000015
20936  30.904  -72.811  -22.900 0.1000000015
23218  34.467  -70.514  -25.101 0.1000000015
22080  34.625  -71.200  -25.744 0.1000000015
20992  35.902  -72.430  -26.595 0.1000000015
20975  36.976  -72.598  -25.828 0.1000000015
20976  36.314  -72.022  -25.846 0.1000000015
7900  32.550  -86.613  -18.756 0.1000000015
5525  34.288  -89.485  -17.355 0.1000000015
4893  34.462  -90.349  -17.826 0.1000000015
4275  33.973  -90.767  -17.991 0.1000000015
5552  34.423  -89.960  -18.486 0.1000000015
5565  33.327  -89.571  -18.584 0.1000000015
5566  32.617  -89.257  -18.592 0.1000000015
6237  32.932  -88.616  -18.626 0.1000000015
9618  31.151  -84.502  -19.292 0.1000000015
12254  31.792  -81.351  -19.803 0.1000000015
4894  33.944  -90.419  -17.626 0.1000000015
4276  33.455  -91.036  -18.049 0.1000000015
13125  30.794  -80.530  -20.340 0.1000000015
13142  30.843  -79.916  -20.305 0.1000000015
14000  31.284  -79.373  -20.012 0.1000000015
14014  30.504  -79.238  -20.257 0.1000000015
14951  31.054  -78.503  -19.952 0.1000000015
18717  31.192  -73.955  -20.877 0.1000000015
17701  30.424  -75.119  -20.836 0.1000000015
23196  33.585  -70.590  -24.043 0.1000000015
23170  34.229  -70.242  -23.409 0.1000000015
23171  33.251  -70.756  -23.315 0.1000000015
22011  32.427  -71.518  -22.638 0.1000000015
19815  30.994  -73.312  -21.511 0.1000000015
18718  30.346  -74.393  -21.523 0.1000000015
23169  34.883  -69.940  -23.825 0.1000000015
20935  31.547  -72.179  -22.584 0.1000000015
24329  35.876  -69.843  -24.092 0.1000000015
23217  35.460  -70.644  -25.263 0.1000000015
22079  35.645  -71.558  -25.861 0.1000000015
6192  36.019  -89.086  -16.891 0.1000000015
6193  35.471  -88.795  -16.651 0.1000000015
5550  35.593  -89.510  -18.055 0.1000000015
5563  34.714  -89.481  -18.602 0.1000000015
8761  32.941  -85.514  -18.842 0.1000000015
5523  35.306  -89.393  -17.249 0.1000000015
4905  34.634  -90.201  -18.300 0.1000000015
5564  34.141  -89.596  -18.608 0.1000000015
7053  34.294  -87.722  -18.803 0.1000000015
7899  33.656  -86.631  -18.760 0.1000000015
10485  32.583  -83.389  -19.139 0.1000000015
11364  32.093  -82.385  -19.472 0.1000000015
9616  33.368  -84.324  -18.840 0.1000000015
12253  32.723  -81.519  -19.343 0.1000000015
13123  32.387  -80.536  -19.647 0.1000000015
13124  31.480  -80.358  -20.047 0.1000000015
14941  31.699  -78.950  -19.839 0.1000000015
14940  32.460  -78.973  -19.789 0.1000000015
15866  31.395  -77.402  -19.992 0.1000000015
16770  31.803  -76.460  -20.206 0.1000000015
17679  31.156  -75.502  -20.433 0.1000000015
19814  31.924  -73.330  -21.070 0.1000000015
18694  31.776  -74.617  -20.586 0.1000000015
23150  33.007  -70.985  -22.782 0.1000000015
20923  32.631  -72.453  -21.497 0.1000000015
24312  35.187  -69.848  -23.131 0.1000000015
24303  34.631  -70.457  -22.513 0.1000000015
24311  36.215  -69.655  -23.457 0.1000000015
23193  36.485  -70.309  -24.478 0.1000000015
23216  36.134  -70.897  -25.305 0.1000000015
22078  36.770  -71.391  -25.257 0.1000000015
7897  35.791  -86.744  -19.152 0.1000000015
8759  35.225  -85.573  -18.844 0.1000000015
6206  36.113  -89.089  -17.850 0.1000000015
6219  35.878  -89.061  -18.567 0.1000000015
6235  34.778  -88.732  -18.783 0.1000000015
7898  34.755  -86.681  -18.864 0.1000000015
8738  34.774  -85.141  -18.729 0.1000000015
10462  34.944  -84.016  -18.720 0.1000000015
5537  35.183  -89.843  -17.755 0.1000000015
7052  35.297  -87.723  -19.055 0.1000000015
10463  34.136  -83.535  -18.706 0.1000000015
12252  33.809  -81.741  -18.884 0.1000000015
13997  33.998  -79.879  -19.553 0.1000000015
10484  33.344  -83.288  -18.886 0.1000000015
11363  33.016  -82.494  -19.042 0.1000000015
14949  32.995  -78.340  -20.030 0.1000000015
16769  32.832  -76.463  -20.238 0.1000000015
17678  32.267  -75.567  -20.389 0.1000000015
20922  33.689  -72.583  -21.326 0.1000000015
19794  32.390  -74.025  -20.721 0.1000000015
23132  34.408  -71.024  -22.063 0.1000000015
22009  33.866  -71.306  -22.081 0.1000000015
21999  33.408  -71.840  -21.805 0.1000000015
24302  35.181  -70.245  -22.316 0.1000000015
24301  35.919  -69.719  -22.485 0.1000000015
23168  36.822  -69.855  -23.744 0.1000000015
7049  37.919  -87.334  -19.316 0.1000000015
6205  36.675  -88.567  -17.461 0.1000000015
7032  37.409  -87.957  -18.897 0.1000000015
7050  37.195  -87.520  -19.312 0.1000000015
7896  36.805  -86.759  -19.397 0.1000000015
9614  35.702  -84.945  -18.972 0.1000000015
6177  36.459  -88.637  -15.983 0.1000000015
6191  36.677  -88.513  -16.593 0.1000000015
6218  36.688  -88.538  -18.373 0.1000000015
7051  36.274  -87.669  -19.278 0.1000000015
10461  35.467  -84.391  -18.876 0.1000000015
11341  35.531  -83.699  -18.912 0.1000000015
12236  34.559  -82.275  -18.781 0.1000000015
11342  35.006  -83.062  -18.742 0.1000000015
14012  33.614  -79.052  -19.840 0.1000000015
15864  33.428  -77.367  -20.237 0.1000000015
18692  33.495  -75.058  -20.525 0.1000000015
18693  32.837  -74.771  -20.551 0.1000000015
19812  34.121  -73.483  -20.956 0.1000000015
23130  35.854  -70.649  -21.387 0.1000000015
21998  34.341  -71.704  -21.618 0.1000000015
24287  37.281  -69.564  -21.745 0.1000000015
24299  37.750  -69.459  -22.494 0.1000000015
7015  37.301  -87.937  -18.023 0.1000000015
7895  37.846  -86.648  -19.607 0.1000000015
9613  36.650  -84.925  -19.341 0.1000000015
11360  36.164  -82.912  -19.227 0.1000000015
12250  35.827  -81.650  -19.330 0.1000000015
13995  35.613  -80.306  -19.681 0.1000000015
14011  34.652  -79.180  -19.891 0.1000000015
14948  34.060  -78.266  -20.150 0.1000000015
16767  34.810  -76.271  -20.640 0.1000000015
16768  33.842  -76.402  -20.296 0.1000000015
18714  34.648  -74.367  -20.849 0.1000000015
17676  34.180  -75.453  -20.524 0.1000000015
20921  34.618  -72.581  -21.028 0.1000000015
21986  35.940  -71.671  -20.755 0.1000000015
23116  37.188  -70.593  -20.582 0.1000000015
23118  35.676  -71.105  -21.148 0.1000000015
21997  35.152  -71.696  -21.049 0.1000000015
24275  37.709  -69.816  -20.930 0.1000000015
24298  38.877  -69.612  -22.649 0.1000000015
23146  40.242  -70.052  -22.899 0.1000000015
7031  38.112  -87.219  -18.665 0.1000000015
7894  38.606  -86.713  -19.542 0.1000000015
9612  37.615  -84.851  -19.702 0.1000000015
10482  36.982  -83.940  -19.451 0.1000000015
12249  37.087  -81.682  -19.870 0.1000000015
13119  36.132  -80.769  -19.755 0.1000000015
14947  35.234  -78.323  -20.376 0.1000000015
16789  35.292  -76.105  -20.919 0.1000000015
20911  36.358  -72.425  -20.552 0.1000000015
19811  35.061  -73.524  -20.863 0.1000000015
20920  35.564  -72.641  -20.719 0.1000000015
24274  38.777  -69.757  -20.793 0.1000000015
24285  39.369  -69.483  -21.530 0.1000000015
24295  41.749  -69.886  -22.194 0.1000000015
23162  42.379  -71.053  -23.389 0.1000000015
7879  38.959  -86.572  -18.975 0.1000000015
8779  38.727  -85.988  -20.167 0.1000000015
9611  38.506  -84.741  -20.141 0.1000000015
12248  37.878  -82.326  -20.243 0.1000000015
8756  38.283  -85.692  -19.992 0.1000000015
10481  37.913  -83.887  -19.824 0.1000000015
13141  36.868  -80.621  -20.322 0.1000000015
14010  35.959  -79.654  -20.138 0.1000000015
14946  36.149  -78.709  -20.658 0.1000000015
16766  35.470  -76.597  -20.979 0.1000000015
17698  36.111  -75.391  -21.276 0.1000000015
18713  35.561  -74.463  -20.893 0.1000000015
20903  44.105  -72.412  -20.503 0.1000000015
20904  43.180  -72.329  -20.336 0.1000000015
20905  42.202  -72.317  -20.295 0.1000000015
20907  40.198  -72.267  -20.368 0.1000000015
20908  39.188  -72.270  -20.281 0.1000000015
19792  36.691  -73.374  -20.595 0.1000000015
19810  35.966  -73.624  -20.688 0.1000000015
21978  43.848  -71.465  -20.433 0.1000000015
21979  42.823  -71.317  -20.308 0.1000000015
21981  40.742  -71.347  -20.276 0.1000000015
20910  37.210  -72.367  -20.400 0.1000000015
21976  45.425  -71.659  -20.872 0.1000000015
23108  45.104  -71.180  -20.868 0.1000000015
23110  43.523  -70.602  -20.803 0.1000000015
23111  42.262  -70.340  -20.737 0.1000000015
23113  40.285  -70.514  -20.362 0.1000000015
23115  38.214  -70.501  -20.424 0.1000000015
21996  46.155  -71.756  -21.291 0.1000000015
23126  45.503  -70.891  -21.467 0.1000000015
24273  39.838  -69.802  -20.726 0.1000000015
23128  43.021  -70.171  -21.662 0.1000000015
24284  40.419  -69.601  -21.411 0.1000000015
23160  44.340  -71.012  -23.539 0.1000000015
24294  42.431  -70.061  -22.209 0.1000000015
23161  43.337  -71.039  -23.439 0.1000000015
8754  40.152  -85.633  -19.851 0.1000000015
7893  39.535  -86.136  -19.712 0.1000000015
8777  39.918  -85.470  -20.361 0.1000000015
9629  39.591  -84.640  -20.583 0.1000000015
10503  39.028  -83.957  -20.452 0.1000000015
9630  39.037  -84.731  -20.407 0.1000000015
11377  38.840  -82.837  -20.872 0.1000000015
12274  38.117  -81.671  -21.006 0.1000000015
12275  37.412  -81.140  -20.554 0.1000000015
14009  36.954  -79.956  -20.727 0.1000000015
14021  36.715  -79.266  -20.819 0.1000000015
14962  35.957  -77.963  -20.827 0.1000000015
15885  36.163  -77.197  -21.243 0.1000000015
18690  38.194  -74.078  -20.741 0.1000000015
19809  36.391  -73.825  -20.675 0.1000000015
19788  40.673  -73.222  -20.607 0.1000000015
19791  37.700  -73.229  -20.506 0.1000000015
19785  43.455  -73.259  -20.663 0.1000000015
22008  47.243  -71.142  -22.537 0.1000000015
23125  46.375  -71.171  -21.738 0.1000000015
9610  40.973  -84.783  -19.837 0.1000000015
10501  40.384  -83.776  -21.147 0.1000000015
9628  40.710  -84.423  -20.761 0.1000000015
11376  39.448  -82.888  -21.206 0.1000000015
12273  38.789  -82.126  -21.351 0.1000000015
10502  39.772  -83.602  -21.015 0.1000000015
11378  38.288  -82.453  -20.587 0.1000000015
12297  38.450  -81.183  -21.628 0.1000000015
13140  37.491  -80.636  -20.978 0.1000000015
14020  37.538  -79.678  -21.474 0.1000000015
14961  36.828  -78.398  -21.193 0.1000000015
16787  36.714  -76.426  -21.546 0.1000000015
18710  38.695  -74.927  -21.170 0.1000000015
17696  38.246  -75.718  -21.561 0.1000000015
17697  37.191  -75.564  -21.476 0.1000000015
19786  42.581  -73.197  -20.595 0.1000000015
18686  41.559  -73.957  -20.972 0.1000000015
18689  39.184  -74.136  -20.716 0.1000000015
18712  36.598  -74.409  -20.898 0.1000000015
19804  45.689  -74.237  -21.513 0.1000000015
19806  43.708  -74.174  -21.083 0.1000000015
19790  38.674  -73.213  -20.460 0.1000000015
20919  46.380  -72.997  -21.341 0.1000000015
19783  45.307  -73.291  -21.097 0.1000000015
10522  40.784  -83.496  -21.237 0.1000000015
10523  40.234  -83.410  -21.244 0.1000000015
11402  39.954  -82.712  -21.446 0.1000000015
13152  38.544  -80.826  -21.898 0.1000000015
13153  38.051  -80.723  -21.564 0.1000000015
13160  38.253  -80.256  -21.960 0.1000000015
14960  37.798  -78.565  -21.857 0.1000000015
15884  37.266  -77.510  -21.630 0.1000000015
18709  39.735  -74.975  -21.203 0.1000000015
18688  40.201  -74.111  -20.793 0.1000000015
19784  44.376  -73.329  -20.843 0.1000000015
20918  47.318  -73.100  -21.915 0.1000000015
11401  40.862  -82.587  -21.356 0.1000000015
12303  39.636  -81.017  -22.062 0.1000000015
12296  39.095  -81.503  -21.782 0.1000000015
13158  39.429  -80.364  -22.214 0.1000000015
12304  39.267  -80.838  -22.171 0.1000000015
14033  38.357  -79.514  -22.157 0.1000000015
15883  38.063  -77.761  -22.067 0.1000000015
16786  37.947  -76.741  -21.857 0.1000000015
17695  39.236  -75.744  -21.668 0.1000000015
18687  41.129  -74.015  -20.918 0.1000000015
18708  40.784  -74.811  -21.331 0.1000000015
19805  44.674  -74.245  -21.308 0.1000000015
19807  42.798  -73.946  -21.018 0.1000000015
20933  48.295  -73.040  -22.611 0.1000000015
22006  48.522  -72.340  -22.878 0.1000000015
14031  39.530  -79.635  -22.026 0.1000000015
13159  38.857  -80.434  -22.223 0.1000000015
14032  39.092  -79.547  -22.416 0.1000000015
14977  38.679  -78.494  -22.356 0.1000000015
15904  38.645  -77.470  -22.296 0.1000000015
16785  38.814  -76.465  -21.979 0.1000000015
19802  47.692  -74.150  -22.306 0.1000000015
18707  41.881  -74.361  -21.339 0.1000000015
19825  48.515  -74.004  -22.602 0.1000000015
14976  39.425  -78.683  -22.211 0.1000000015
15902  40.196  -77.714  -22.034 0.1000000015
16801  40.813  -76.930  -22.258 0.1000000015
16802  39.953  -77.109  -22.398 0.1000000015
15903  39.371  -77.787  -22.408 0.1000000015
17712  41.132  -76.260  -22.176 0.1000000015
16784  39.643  -76.448  -22.181 0.1000000015
17694  40.330  -75.761  -21.876 0.1000000015
18702  47.017  -75.264  -22.138 0.1000000015
18703  46.000  -75.210  -21.832 0.1000000015
18704  44.971  -75.170  -21.741 0.1000000015
18705  43.986  -75.065  -21.588 0.1000000015
18706  43.023  -74.749  -21.586 0.1000000015
16799  42.647  -76.540  -21.946 0.1000000015
17713  40.382  -76.522  -22.284 0.1000000015
17711  42.064  -76.112  -22.093 0.1000000015
17690  44.227  -75.985  -21.955 0.1000000015
17692  42.454  -75.421  -21.911 0.1000000015
17693  41.436  -75.466  -21.860 0.1000000015
17691  43.378  -75.648  -21.930 0.1000000015
11382  27.409  -82.072  -20.617 0.1000000015
15869  28.853  -78.082  -20.889 0.1000000015
14022  27.796  -79.544  -21.473 0.1000000015
15887  28.536  -77.726  -21.466 0.1000000015
18776  32.732  -74.717  -26.441 0.1000000015
16791  28.524  -77.152  -21.992 0.1000000015
19852  30.610  -74.060  -23.782 0.1000000015
16805  29.032  -76.248  -22.749 0.1000000015
18747  30.522  -74.594  -24.147 0.1000000015
17732  30.511  -75.645  -24.442 0.1000000015
17720  29.989  -75.167  -23.931 0.1000000015
4222  30.517  -91.129  -15.632 0.1000000015
13154  27.506  -79.944  -21.555 0.1000000015
12279  27.700  -81.310  -20.935 0.1000000015
16806  28.598  -76.885  -22.576 0.1000000015
3612  31.521  -92.042  -17.157 0.1000000015
7034  30.893  -88.180  -18.417 0.1000000015
11367  28.996  -82.729  -20.144 0.1000000015
22082  32.753  -71.656  -24.904 0.1000000015
19837  31.009  -73.120  -23.664 0.1000000015
4910  30.997  -91.044  -18.168 0.1000000015
4909  32.030  -90.967  -18.386 0.1000000015
7033  31.588  -88.412  -18.564 0.1000000015
8763  30.788  -85.568  -18.934 0.1000000015
7903  30.044  -86.308  -18.317 0.1000000015
7901  31.497  -86.594  -18.729 0.1000000015
12276  30.407  -81.140  -20.339 0.1000000015
13143  30.013  -80.083  -20.495 0.1000000015
18728  30.188  -74.228  -22.555 0.1000000015
17714  29.428  -75.428  -22.187 0.1000000015
23219  33.761  -70.630  -24.730 0.1000000015
22030  32.471  -71.343  -23.427 0.1000000015
9617  32.222  -84.451  -19.115 0.1000000015
10486  31.555  -83.392  -19.427 0.1000000015
4918  33.692  -90.151  -18.522 0.1000000015
16772  29.807  -76.505  -20.657 0.1000000015
16771  30.771  -76.482  -20.227 0.1000000015
20934  32.118  -71.965  -21.993 0.1000000015
7054  33.255  -87.680  -18.690 0.1000000015
4875  34.456  -89.963  -17.498 0.1000000015
6236  33.826  -88.689  -18.683 0.1000000015
22000  32.733  -71.748  -21.990 0.1000000015
6220  35.222  -89.141  -18.681 0.1000000015
8760  34.143  -85.502  -18.718 0.1000000015
9592  34.398  -84.565  -18.703 0.1000000015
13122  33.369  -80.671  -19.359 0.1000000015
13998  32.980  -79.674  -19.648 0.1000000015
14950  32.010  -78.246  -19.873 0.1000000015
24300  36.800  -69.512  -22.535 0.1000000015
23167  37.371  -70.063  -23.755 0.1000000015
22059  37.119  -70.840  -24.686 0.1000000015
8758  36.263  -85.820  -19.189 0.1000000015
6233  36.619  -88.380  -19.108 0.1000000015
6234  35.712  -88.511  -19.006 0.1000000015
12237  34.082  -82.354  -18.719 0.1000000015
13121  34.392  -80.751  -19.212 0.1000000015
19813  33.059  -73.459  -20.936 0.1000000015
24288  36.488  -69.699  -21.909 0.1000000015
24309  38.010  -69.778  -23.206 0.1000000015
10483  36.075  -84.133  -19.133 0.1000000015
11361  35.295  -82.276  -18.978 0.1000000015
13996  35.010  -80.048  -19.542 0.1000000015
15863  34.456  -77.313  -20.401 0.1000000015
18715  33.717  -74.444  -20.711 0.1000000015
17700  34.409  -74.907  -20.724 0.1000000015
24276  36.687  -70.054  -21.241 0.1000000015
24286  38.297  -69.457  -21.639 0.1000000015
8757  37.272  -85.818  -19.540 0.1000000015
7918  38.534  -86.305  -19.922 0.1000000015
17699  35.058  -75.418  -20.859 0.1000000015
21984  37.688  -71.402  -20.282 0.1000000015
24297  39.915  -69.645  -22.253 0.1000000015
23147  39.597  -69.852  -22.892 0.1000000015
23145  41.152  -70.293  -22.801 0.1000000015
7917  39.017  -86.227  -20.132 0.1000000015
11359  37.423  -82.941  -19.714 0.1000000015
15862  35.344  -77.272  -20.756 0.1000000015
23114  39.260  -70.480  -20.359 0.1000000015
23144  42.014  -70.487  -22.725 0.1000000015
24296  40.869  -69.742  -22.167 0.1000000015
24282  42.244  -69.884  -21.709 0.1000000015
23143  42.863  -70.523  -22.655 0.1000000015
11358  38.269  -83.055  -20.188 0.1000000015
16788  35.762  -76.185  -21.239 0.1000000015
20906  41.204  -72.306  -20.367 0.1000000015
21980  41.758  -71.309  -20.260 0.1000000015
21983  38.704  -71.348  -20.203 0.1000000015
20909  38.180  -72.301  -20.272 0.1000000015
18691  37.352  -74.008  -20.719 0.1000000015
23112  41.243  -70.538  -20.444 0.1000000015
20901  45.695  -72.419  -20.975 0.1000000015
23127  44.303  -70.462  -21.612 0.1000000015
24272  40.829  -69.952  -20.740 0.1000000015
24283  41.561  -69.757  -21.314 0.1000000015
23129  42.315  -69.925  -21.298 0.1000000015
21995  47.085  -71.780  -21.903 0.1000000015
23142  43.850  -70.538  -22.580 0.1000000015
22024  43.696  -71.378  -24.336 0.1000000015
18711  37.689  -74.785  -21.135 0.1000000015
19787  41.674  -73.416  -20.707 0.1000000015
19789  39.676  -73.201  -20.537 0.1000000015
21994  47.606  -72.375  -22.238 0.1000000015
19803  46.715  -74.218  -21.832 0.1000000015
16803  39.173  -77.041  -22.368 0.1000000015
24355  42.614  -69.690  -26.300 0.3000000119
25491  43.094  -69.235  -25.617 0.3000000119
25460  43.573  -68.543  -25.061 0.3000000119
26619  44.025  -67.644  -24.425 0.4000000060
25461  42.527  -68.642  -25.049 0.3000000119
18811  43.993  -74.967  -29.446 0.1000000015
19942  43.789  -73.589  -30.474 0.1000000015
21048  43.028  -72.582  -30.759 0.2000000030
23297  40.722  -70.604  -30.359 0.3000000119
25542  39.788  -68.862  -29.337 0.4000000060
25509  39.249  -68.969  -27.164 0.4000000060
22163  41.229  -71.541  -30.588 0.2000000030
24429  40.333  -69.725  -30.151 0.3000000119
26622  40.198  -67.919  -23.958 0.4000000060
17812  43.575  -75.424  -28.783 0.1000000015
22162  42.307  -71.544  -30.710 0.3000000119
26664  39.273  -68.093  -27.824 0.4000000060
25464  39.061  -68.225  -24.912 0.4000000060
17811  44.646  -75.457  -28.779 0.1000000015
27710  41.164  -66.140  -22.537 0.5000000000
23296  41.652  -70.581  -30.544 0.3000000119
25561  40.071  -69.220  -29.862 0.3000000119
25510  38.851  -68.390  -26.304 0.4000000060
28836  41.946  -65.371  -21.895 0.4000000060
29917  43.185  -64.195  -21.443 0.4000000060
26674  39.555  -68.274  -28.622 0.4000000060
25495  38.709  -68.208  -25.591 0.4000000060
26624  38.477  -67.366  -24.509 0.4000000060
26602  39.877  -67.444  -23.487 0.5000000000
19919  45.662  -74.248  -29.476 0.2000000030
18831  44.308  -74.328  -29.950 0.2000000030
24450  41.091  -69.666  -30.430 0.3000000119
25560  40.700  -68.541  -30.021 0.3000000119
17810  45.730  -75.427  -28.664 0.1000000015
26656  38.808  -67.680  -26.847 0.4000000060
26673  40.153  -67.880  -29.139 0.4000000060
26657  38.569  -67.813  -26.048 0.4000000060
27731  40.486  -66.870  -22.996 0.5000000000
27711  40.042  -66.092  -22.554 0.5000000000
29942  42.233  -64.963  -21.698 0.4000000060
27795  39.635  -67.588  -28.345 0.4000000060
26643  38.457  -67.490  -25.446 0.4000000060
27732  39.412  -66.787  -23.010 0.5000000000
28820  41.445  -64.919  -21.619 0.4000000060
19941  45.166  -73.641  -30.003 0.2000000030
21047  44.279  -72.575  -30.702 0.2000000030
22161  43.453  -71.525  -30.784 0.2000000030
23295  42.696  -70.532  -30.644 0.4000000060
23294  43.828  -70.458  -30.728 0.2000000030
24449  41.982  -69.626  -30.434 0.3000000119
24448  43.040  -69.491  -30.485 0.4000000060
25559  41.407  -68.171  -30.066 0.3000000119
28837  40.683  -65.326  -21.923 0.5000000000
29918  42.030  -64.491  -21.467 0.4000000060
25581  42.070  -68.456  -30.220 0.4000000060
27794  40.242  -66.890  -28.334 0.4000000060
27783  39.373  -67.008  -27.645 0.4000000060
27733  38.361  -66.457  -23.489 0.5000000000
21046  45.473  -72.429  -30.492 0.2000000030
19918  46.190  -73.941  -29.459 0.2000000030
22160  44.634  -71.458  -30.773 0.2000000030
31019  42.650  -63.288  -21.093 0.4000000060
26690  40.807  -67.773  -29.499 0.3000000119
27774  38.526  -67.135  -26.083 0.4000000060
18809  46.075  -74.692  -29.187 0.2000000030
25580  43.488  -68.489  -30.312 0.4000000060
26689  41.543  -67.695  -29.682 0.3000000119
27759  38.355  -66.415  -25.449 0.5000000000
28838  39.552  -65.342  -22.243 0.5000000000
34078  45.670  -61.042  -20.775 0.4000000060
19917  46.999  -73.649  -29.467 0.2000000030
27773  38.982  -66.256  -26.605 0.4000000060
29943  39.933  -64.716  -21.762 0.5000000000
31020  41.503  -63.260  -21.031 0.4000000060
36323  48.351  -59.084  -20.450 0.4000000060
18807  47.600  -74.215  -29.432 0.2000000030
21045  46.509  -72.202  -30.333 0.2000000030
23293  44.981  -70.373  -30.803 0.2000000030
26688  42.452  -67.264  -29.390 0.4000000060
28857  37.925  -65.590  -24.414 0.5000000000
27713  38.412  -65.829  -22.897 0.5000000000
16913  47.396  -75.524  -29.318 0.2000000030
26708  42.954  -67.754  -29.818 0.4000000060
26672  41.006  -67.204  -28.951 0.3000000119
27758  38.657  -66.160  -25.975 0.5000000000
27746  38.144  -66.503  -24.452 0.5000000000
29919  40.791  -64.261  -21.437 0.5000000000
17822  47.920  -74.936  -29.640 0.2000000030
35174  46.319  -59.496  -20.846 0.4000000060
36338  48.223  -58.465  -20.845 0.2000000030
33026  44.514  -60.927  -20.648 0.4000000060
32065  43.274  -62.162  -20.833 0.4000000060
19940  46.259  -73.094  -29.847 0.2000000030
24447  44.216  -69.401  -30.666 0.4000000060
31021  40.360  -63.053  -21.143 0.4000000060
32066  42.165  -62.329  -20.731 0.4000000060
19916  47.697  -73.499  -29.664 0.2000000030
22159  45.764  -71.340  -30.682 0.2000000030
24446  45.350  -69.325  -30.730 0.2000000030
21044  47.411  -72.083  -30.338 0.2000000030
34055  44.318  -60.259  -20.555 0.4000000060
33028  43.035  -60.972  -20.556 0.4000000060
32049  41.901  -61.556  -20.620 0.4000000060
27782  40.092  -65.980  -27.518 0.3000000119
29944  39.040  -64.602  -21.953 0.5000000000
32067  41.119  -62.018  -20.844 0.4000000060
27810  41.850  -66.981  -28.942 0.4000000060
27781  40.869  -65.816  -27.689 0.3000000119
27772  39.477  -65.896  -27.093 0.4000000060
26687  43.410  -66.947  -29.376 0.4000000060
29959  37.770  -64.726  -25.022 0.5000000000
22158  46.770  -71.209  -30.552 0.2000000030
34056  43.453  -60.228  -20.538 0.4000000060
29920  39.667  -63.902  -21.500 0.5000000000
29945  37.954  -64.277  -22.520 0.5000000000
28897  40.080  -65.259  -27.357 0.4000000060
28870  38.385  -65.256  -25.523 0.5000000000
29952  37.742  -64.684  -23.312 0.5000000000
28883  38.634  -64.643  -26.061 0.5000000000
28882  39.129  -65.247  -26.267 0.5000000000
34053  45.902  -60.051  -20.676 0.4000000060
33027  43.812  -60.890  -20.586 0.4000000060
28858  37.592  -64.729  -24.329 0.5000000000
24389  41.466  -70.397  -27.628 0.3000000119
24373  41.127  -69.850  -27.301 0.3000000119
24356  41.566  -69.531  -26.535 0.2000000030
25492  42.030  -69.136  -25.733 0.2000000030
22130  40.618  -71.076  -28.068 0.2000000030
24390  40.681  -70.224  -27.977 0.3000000119
24409  40.091  -70.356  -28.444 0.3000000119
23261  40.006  -70.833  -28.864 0.2000000030
23275  39.898  -70.674  -29.434 0.2000000030
21049  41.874  -72.529  -30.681 0.2000000030
16001  46.697  -76.742  -29.933 0.1000000015
16002  46.220  -77.331  -30.177 0.1000000015
27854  46.398  -66.712  -32.019 0.1000000015
23230  42.567  -70.506  -26.679 0.1000000015
24372  42.159  -70.161  -27.089 0.2000000030
22094  41.572  -71.258  -26.673 0.1000000015
23249  41.221  -70.847  -27.950 0.2000000030
22117  40.787  -71.225  -27.478 0.1000000015
17809  46.672  -75.297  -28.997 0.1000000015
16918  47.652  -75.519  -29.752 0.1000000015
23290  47.778  -70.216  -31.128 0.1000000015
24444  47.102  -69.295  -31.069 0.1000000015
25577  46.590  -68.334  -30.870 0.1000000015
27822  46.224  -66.902  -30.950 0.1000000015
22176  48.455  -71.229  -31.434 0.1000000015
25575  47.424  -68.687  -31.708 0.1000000015
26704  46.698  -67.538  -31.236 0.1000000015
27823  45.707  -66.249  -30.672 0.1000000015
26720  46.933  -67.348  -31.822 0.1000000015
30056  45.208  -65.198  -30.988 0.1000000015
30023  44.508  -64.303  -30.057 0.1000000015
30039  44.727  -64.402  -30.611 0.1000000015
31141  43.728  -63.438  -30.665 0.1000000015
23248  41.906  -70.678  -27.423 0.2000000030
22116  41.706  -70.944  -27.306 0.1000000015
25579  44.658  -68.401  -30.440 0.1000000015
27793  41.485  -66.130  -28.147 0.3000000119
19938  48.020  -72.916  -30.097 0.1000000015
22157  47.627  -71.145  -30.635 0.1000000015
23292  46.065  -70.292  -30.793 0.1000000015
25578  45.724  -68.329  -30.543 0.1000000015
26686  44.488  -66.717  -29.572 0.2000000030
27792  42.818  -65.686  -28.548 0.3000000119
29992  40.839  -64.720  -27.887 0.3000000119
29994  39.528  -64.376  -27.252 0.3000000119
19937  48.466  -72.805  -30.604 0.1000000015
26685  45.346  -66.557  -30.046 0.1000000015
27791  43.299  -65.496  -28.713 0.2000000030
30009  41.417  -64.512  -28.212 0.3000000119
21071  48.541  -72.038  -31.700 0.1000000015
28918  45.198  -65.232  -30.155 0.1000000015
31130  43.172  -63.528  -29.361 0.2000000030
31114  41.707  -63.300  -28.691 0.3000000119
31129  43.860  -63.482  -29.996 0.1000000015
32175  42.485  -62.030  -29.190 0.2000000030
32177  41.091  -62.355  -28.571 0.4000000060
31158  43.651  -63.732  -31.215 0.1000000015
32196  42.971  -62.403  -29.775 0.1000000015
33213  42.420  -61.291  -29.377 0.3000000119
23157  47.302  -70.624  -23.791 0.1000000015
29946  37.419  -63.584  -23.027 0.4000000060
29971  37.606  -64.193  -25.277 0.4000000060
29978  39.603  -64.893  -27.013 0.3000000119
29979  38.957  -64.317  -26.749 0.4000000060
29980  38.418  -64.229  -26.309 0.4000000060
31097  39.352  -63.621  -27.547 0.4000000060
32161  38.436  -62.709  -27.430 0.4000000060
32178  39.910  -62.625  -28.168 0.4000000060
33196  39.504  -61.438  -28.218 0.5000000000
33193  42.293  -61.579  -28.920 0.3000000119
33195  40.483  -61.296  -28.492 0.5000000000
31159  42.753  -63.453  -31.324 0.2000000030
32209  43.173  -63.056  -30.660 0.1000000015
33194  41.665  -61.119  -28.793 0.4000000060
28947  43.748  -65.245  -31.622 0.1000000015
30060  42.253  -64.364  -31.479 0.1000000015
32211  41.825  -62.031  -31.094 0.2000000030
33230  42.332  -61.306  -30.134 0.2000000030
27857  43.728  -66.699  -32.367 0.1000000015
27837  42.715  -66.062  -31.825 0.1000000015
32230  41.632  -62.628  -31.308 0.2000000030
26745  42.985  -67.530  -32.447 0.1000000015
27858  42.671  -66.630  -32.077 0.1000000015
31022  39.238  -62.873  -21.403 0.4000000060
31045  37.748  -63.198  -22.529 0.4000000060
31067  37.354  -63.589  -25.540 0.4000000060
29960  37.395  -64.142  -24.725 0.4000000060
31080  37.514  -63.476  -26.194 0.4000000060
31056  37.050  -63.306  -24.452 0.4000000060
32179  39.108  -62.236  -27.965 0.4000000060
33197  38.666  -61.526  -27.832 0.4000000060
33182  37.919  -61.624  -27.321 0.4000000060
34217  39.836  -60.369  -28.329 0.5000000000
34216  40.640  -60.105  -28.840 0.4000000060
33231  41.604  -61.303  -30.793 0.3000000119
34236  41.589  -60.336  -29.727 0.4000000060
35318  40.483  -59.573  -29.020 0.4000000060
28950  40.573  -65.272  -31.299 0.2000000030
30061  41.202  -64.348  -31.342 0.2000000030
33252  40.821  -61.650  -31.014 0.2000000030
26721  41.393  -66.675  -31.642 0.1000000015
28949  41.652  -65.281  -31.512 0.2000000030
22226  43.385  -71.860  -33.709 0.1000000015
32070  38.670  -62.333  -21.794 0.4000000060
32068  40.055  -62.000  -21.279 0.4000000060
32104  37.512  -62.486  -23.425 0.4000000060
33164  37.091  -61.751  -25.905 0.4000000060
32112  37.173  -62.407  -24.220 0.4000000060
33183  37.325  -61.726  -26.709 0.4000000060
34202  38.381  -60.513  -27.427 0.4000000060
34203  37.672  -60.956  -26.917 0.4000000060
34201  39.216  -59.769  -27.844 0.3000000119
35319  39.955  -59.203  -28.979 0.4000000060
35302  39.919  -59.289  -28.345 0.4000000060
32212  40.032  -61.787  -30.846 0.3000000119
33232  40.488  -61.029  -30.672 0.3000000119
34237  40.734  -59.881  -29.429 0.4000000060
27840  39.988  -66.218  -31.253 0.2000000030
28951  39.575  -65.369  -30.917 0.2000000030
31162  39.926  -63.312  -31.087 0.2000000030
32231  40.597  -62.453  -31.161 0.2000000030
26722  40.655  -66.932  -31.575 0.2000000030
19983  42.411  -73.426  -33.807 0.1000000015
21092  42.466  -72.754  -33.690 0.1000000015
23348  41.987  -70.927  -33.290 0.1000000015
34057  42.609  -60.243  -20.632 0.3000000119
33050  39.829  -61.221  -21.849 0.4000000060
33049  40.709  -61.089  -21.188 0.3000000119
33101  38.324  -61.779  -23.427 0.4000000060
33120  38.807  -61.461  -24.213 0.4000000060
33121  37.922  -61.723  -24.270 0.4000000060
34162  37.437  -61.181  -25.709 0.4000000060
33146  37.399  -61.515  -25.067 0.4000000060
34179  37.915  -60.116  -26.586 0.4000000060
35289  39.338  -58.956  -27.711 0.4000000060
35290  38.672  -59.213  -27.116 0.3000000119
33216  37.968  -60.917  -29.691 0.3000000119
34239  38.683  -60.240  -29.748 0.3000000119
35320  38.950  -59.071  -29.299 0.3000000119
36492  39.143  -58.549  -28.589 0.3000000119
36471  39.409  -58.477  -28.045 0.3000000119
27825  37.875  -65.837  -30.585 0.2000000030
28932  38.310  -65.211  -30.632 0.2000000030
32214  38.206  -62.395  -30.427 0.3000000119
34256  39.812  -60.392  -30.300 0.3000000119
34238  39.916  -59.647  -29.796 0.3000000119
27841  38.684  -66.166  -30.792 0.2000000030
31163  39.144  -63.272  -30.924 0.2000000030
35154  43.044  -59.631  -20.765 0.3000000119
36343  43.681  -58.657  -21.937 0.3000000119
35155  42.516  -59.774  -20.829 0.3000000119
34080  41.512  -60.204  -21.272 0.4000000060
34058  41.968  -60.421  -20.762 0.3000000119
33099  40.038  -61.278  -23.671 0.3000000119
34127  40.275  -60.955  -23.141 0.4000000060
33144  39.302  -61.024  -24.674 0.4000000060
33119  39.703  -61.368  -24.200 0.4000000060
34160  38.919  -60.337  -25.036 0.4000000060
33145  38.341  -61.089  -24.818 0.4000000060
36425  38.648  -58.258  -25.251 0.3000000119
35271  38.308  -58.992  -26.072 0.4000000060
34161  37.995  -60.445  -25.597 0.4000000060
36474  36.426  -57.831  -28.465 0.3000000119
36473  37.145  -57.966  -28.145 0.2000000030
37632  37.291  -57.431  -27.525 0.2000000030
36453  38.551  -58.019  -26.840 0.2000000030
35322  36.583  -59.714  -29.268 0.3000000119
35321  37.717  -59.395  -29.142 0.3000000119
36493  38.012  -58.510  -28.677 0.2000000030
36472  38.351  -58.020  -27.818 0.2000000030
36452  38.936  -58.449  -27.486 0.2000000030
30064  36.222  -65.010  -31.027 0.2000000030
32216  36.210  -62.856  -30.467 0.3000000119
32215  37.140  -62.639  -30.218 0.3000000119
33235  37.559  -61.689  -29.925 0.3000000119
36341  45.269  -58.351  -21.559 0.3000000119
35175  45.473  -59.057  -20.998 0.3000000119
35176  44.558  -58.898  -21.036 0.3000000119
35256  39.535  -59.506  -24.817 0.3000000119
38702  37.881  -56.054  -26.106 0.2000000030
38688  38.547  -56.213  -25.602 0.2000000030
37565  38.890  -57.655  -24.832 0.2000000030
36424  39.043  -58.769  -24.835 0.2000000030
39770  37.234  -55.303  -27.393 0.2000000030
37610  37.366  -56.886  -26.918 0.2000000030
37595  38.077  -56.853  -25.903 0.2000000030
37582  38.592  -57.170  -25.244 0.2000000030
25614  43.331  -68.576  -32.727 0.1000000015
26746  41.730  -67.295  -31.939 0.1000000015
31146  36.043  -63.918  -30.842 0.3000000119
24371  43.019  -70.159  -26.292 0.2000000030
27809  42.653  -66.481  -28.848 0.3000000119
36340  46.244  -58.505  -21.274 0.3000000119
24445  46.347  -69.282  -30.827 0.1000000015
26707  44.019  -67.587  -29.984 0.3000000119
28896  40.877  -65.291  -27.707 0.2000000030
23291  46.989  -70.244  -30.860 0.1000000015
23260  40.479  -70.830  -28.376 0.1000000015
28944  46.017  -66.265  -31.610 0.1000000015
23231  42.192  -70.550  -27.118 0.2000000030
22156  48.267  -71.199  -30.914 0.1000000015
23310  47.779  -69.763  -31.564 0.1000000015
26705  45.985  -67.292  -30.602 0.1000000015
27836  45.818  -66.041  -31.169 0.1000000015
30038  45.126  -64.925  -30.682 0.1000000015
30024  43.737  -64.321  -29.306 0.1000000015
26706  45.075  -67.448  -30.184 0.2000000030
28910  41.524  -65.284  -28.069 0.3000000119
28919  44.444  -65.025  -29.407 0.2000000030
28909  42.229  -65.120  -28.335 0.3000000119
31115  40.627  -63.666  -28.227 0.4000000060
31078  38.759  -63.771  -27.038 0.4000000060
30007  43.250  -64.346  -28.931 0.3000000119
30008  42.627  -64.084  -28.772 0.3000000119
31113  42.480  -62.914  -29.163 0.3000000119
31046  37.367  -62.994  -22.999 0.4000000060
32162  37.643  -62.366  -27.028 0.4000000060
31161  40.864  -63.413  -31.277 0.2000000030
32103  37.992  -62.226  -22.880 0.4000000060
32125  37.007  -62.554  -25.269 0.4000000060
30062  39.991  -64.322  -31.080 0.2000000030
33080  39.228  -61.318  -22.703 0.4000000060
33234  38.571  -61.218  -30.132 0.3000000119
32232  39.606  -62.570  -30.952 0.2000000030
30041  38.632  -64.045  -30.782 0.2000000030
34104  40.398  -60.752  -22.434 0.4000000060
34081  40.725  -60.595  -21.752 0.4000000060
34128  39.708  -61.135  -23.188 0.4000000060
31145  36.852  -63.670  -30.460 0.2000000030
31144  37.801  -63.397  -30.516 0.2000000030
34102  41.847  -59.872  -22.500 0.4000000060
35257  38.714  -59.380  -25.293 0.4000000060
36437  38.330  -57.740  -25.956 0.2000000030
37652  35.945  -57.557  -29.158 0.2000000030
37633  36.499  -57.060  -28.139 0.2000000030
37611  36.913  -56.778  -27.454 0.2000000030
37631  37.883  -57.523  -27.103 0.2000000030
34126  41.054  -60.665  -23.046 0.3000000119
35197  43.010  -59.056  -21.989 0.2000000030
34125  42.141  -60.210  -22.969 0.3000000119
36342  44.336  -58.473  -21.689 0.2000000030
36358  44.936  -58.110  -22.189 0.2000000030
22144  39.898  -71.129  -29.765 0.1000000015
22165  39.705  -72.097  -29.980 0.1000000015
22164  40.183  -71.570  -30.196 0.1000000015
23229  43.430  -70.305  -25.865 0.1000000015
19944  41.436  -73.366  -30.451 0.1000000015
21050  40.846  -72.483  -30.535 0.1000000015
37473  48.685  -58.445  -20.645 0.1000000015
37490  49.436  -57.332  -21.437 0.1000000015
38620  48.837  -57.183  -21.648 0.1000000015
37492  46.955  -57.791  -21.611 0.1000000015
37512  48.047  -57.069  -22.211 0.1000000015
37493  45.935  -57.783  -21.801 0.1000000015
37513  47.417  -57.299  -22.315 0.1000000015
37542  45.848  -57.699  -22.996 0.1000000015
36386  43.860  -58.765  -22.861 0.1000000015
35221  43.104  -59.389  -22.774 0.2000000030
36385  44.994  -58.257  -23.031 0.1000000015
35219  45.408  -59.363  -23.587 0.2000000030
33117  41.209  -61.665  -24.028 0.2000000030
34124  43.404  -60.424  -23.483 0.2000000030
33096  42.669  -61.378  -23.703 0.2000000030
33097  41.626  -61.269  -23.571 0.2000000030
34122  45.893  -60.238  -23.884 0.2000000030
34123  44.681  -60.526  -23.884 0.2000000030
33116  42.011  -61.850  -24.207 0.2000000030
33142  41.319  -61.373  -24.585 0.2000000030
33143  40.268  -61.081  -24.568 0.2000000030
34159  39.878  -60.453  -24.820 0.2000000030
36408  40.703  -58.482  -24.505 0.1000000015
35218  46.582  -59.486  -23.817 0.2000000030
34157  41.900  -60.807  -25.146 0.2000000030
35254  41.457  -59.965  -24.947 0.1000000015
35240  41.889  -59.282  -24.864 0.1000000015
35241  41.076  -59.252  -24.642 0.1000000015
37491  48.310  -57.675  -21.385 0.1000000015
37472  49.445  -58.126  -20.352 0.1000000015
37471  50.352  -57.585  -20.558 0.1000000015
38631  49.211  -56.925  -22.083 0.1000000015
38652  48.961  -56.902  -22.626 0.1000000015
35220  44.193  -59.389  -23.383 0.2000000030
33095  43.761  -61.417  -24.082 0.2000000030
33237  35.581  -62.051  -30.715 0.2000000030
34242  36.005  -60.684  -29.867 0.2000000030
34259  35.810  -60.948  -30.273 0.2000000030
32234  35.568  -62.774  -31.542 0.2000000030
34285  35.718  -60.970  -31.931 0.2000000030
36495  35.820  -59.086  -29.403 0.2000000030
35351  35.606  -60.193  -31.510 0.2000000030
36511  35.536  -59.220  -30.253 0.2000000030
33266  35.969  -61.735  -32.334 0.2000000030
37653  35.857  -58.392  -29.212 0.2000000030
36528  35.593  -59.329  -31.148 0.1000000015
35350  35.957  -59.553  -31.894 0.2000000030
37669  35.922  -57.564  -30.306 0.2000000030
37670  35.662  -58.348  -29.833 0.2000000030
36526  36.939  -58.205  -31.942 0.1000000015
37683  37.377  -57.301  -31.665 0.1000000015
38788  36.881  -56.743  -31.068 0.1000000015
36542  38.389  -58.452  -32.646 0.1000000015
36556  38.957  -59.114  -33.046 0.1000000015
36405  47.604  -58.717  -23.849 0.1000000015
39811  36.706  -55.732  -29.618 0.1000000015
38787  38.208  -56.315  -31.406 0.1000000015
38775  36.365  -56.547  -30.129 0.1000000015
37702  38.727  -57.486  -32.352 0.1000000015
37682  38.128  -57.150  -31.955 0.1000000015
37701  39.754  -57.307  -32.527 0.1000000015
38803  39.149  -56.687  -32.077 0.1000000015
37699  41.372  -57.103  -33.104 0.1000000015
34141  46.673  -60.493  -24.197 0.1000000015
35236  48.442  -59.528  -24.524 0.1000000015
35237  47.399  -59.403  -24.006 0.1000000015
39754  37.768  -55.499  -26.614 0.1000000015
39792  36.615  -55.605  -28.788 0.1000000015
38774  37.221  -56.018  -30.685 0.1000000015
41019  37.591  -54.759  -29.726 0.1000000015
38786  39.435  -56.002  -31.668 0.1000000015
38801  41.399  -56.398  -32.806 0.1000000015
39859  41.037  -55.771  -32.361 0.1000000015
34140  47.807  -60.558  -24.554 0.1000000015
34143  44.621  -61.395  -24.425 0.1000000015
42107  38.479  -53.708  -28.640 0.1000000015
39769  38.015  -54.936  -26.895 0.1000000015
42119  39.444  -53.213  -29.661 0.1000000015
42120  38.707  -53.670  -29.393 0.1000000015
40992  37.455  -54.458  -28.779 0.1000000015
40967  37.432  -54.519  -28.062 0.1000000015
42134  39.636  -53.580  -30.329 0.1000000015
41018  38.235  -54.400  -29.957 0.1000000015
42154  40.836  -53.647  -30.999 0.1000000015
41035  39.730  -54.807  -30.987 0.1000000015
39843  39.080  -55.627  -31.175 0.1000000015
39825  38.507  -55.267  -30.707 0.1000000015
42152  42.368  -53.401  -31.397 0.1000000015
42153  41.466  -53.795  -31.298 0.1000000015
39842  39.812  -55.302  -31.348 0.1000000015
41033  41.392  -54.718  -31.840 0.1000000015
33111  47.278  -61.478  -24.810 0.1000000015
33112  46.199  -61.656  -24.747 0.1000000015
39753  38.604  -55.299  -26.273 0.1000000015
43255  41.910  -52.521  -30.437 0.1000000015
43256  40.819  -52.728  -30.203 0.1000000015
43276  42.224  -52.924  -30.983 0.1000000015
39738  39.221  -55.692  -25.634 0.1000000015
35365  36.361  -59.931  -32.487 0.1000000015
36543  37.467  -58.759  -32.503 0.1000000015
39841  40.598  -55.355  -31.859 0.1000000015
39858  41.699  -55.549  -32.556 0.1000000015
40965  39.150  -54.076  -27.385 0.1000000015
20011  36.544  -73.000  -33.840 0.1000000015
22227  36.509  -71.084  -34.889 0.1000000015
18871  36.907  -73.562  -33.454 0.1000000015
17879  37.358  -75.405  -34.328 0.1000000015
16975  38.262  -76.978  -35.099 0.1000000015
15163  38.264  -78.317  -35.740 0.1000000015
19970  36.831  -72.422  -32.863 0.1000000015
22210  36.282  -70.985  -33.784 0.1000000015
18890  36.637  -74.021  -34.141 0.1000000015
17858  38.204  -74.964  -33.735 0.1000000015
23363  36.325  -70.151  -34.515 0.1000000015
23351  36.079  -69.977  -33.774 0.1000000015
22191  36.586  -71.135  -32.761 0.1000000015
21077  37.755  -71.998  -32.436 0.1000000015
19988  37.438  -73.324  -32.981 0.1000000015
22242  36.943  -70.946  -35.611 0.1000000015
24514  35.756  -69.192  -33.372 0.1000000015
23331  36.898  -70.140  -32.114 0.1000000015
23380  36.779  -70.162  -35.312 0.1000000015
24554  36.617  -69.323  -34.951 0.1000000015
25680  37.017  -68.428  -35.183 0.1000000015
24552  38.112  -69.115  -36.178 0.1000000015
24553  37.275  -69.243  -35.606 0.1000000015
25679  37.776  -68.200  -35.849 0.1000000015
14260  37.972  -79.454  -36.542 0.1000000015
3611  32.010  -91.867  -17.345 0.1000000015
3613  31.164  -92.098  -17.156 0.1000000015
3626  32.122  -91.898  -17.625 0.1000000015
3627  31.818  -92.068  -17.628 0.1000000015
3628  31.372  -92.081  -17.390 0.1000000015
3642  32.196  -91.835  -17.815 0.1000000015
4256  34.017  -90.666  -17.853 0.1000000015
4259  31.427  -92.050  -17.623 0.1000000015
4261  30.051  -91.317  -17.165 0.1000000015
4278  31.592  -91.809  -18.016 0.1000000015
4876  34.110  -90.002  -17.452 0.1000000015
4878  31.575  -90.880  -16.266 0.1000000015
4892  34.756  -90.244  -18.129 0.1000000015
4897  29.916  -90.846  -17.275 0.1000000015
4906  34.263  -90.441  -18.243 0.1000000015
4907  33.482  -90.695  -18.325 0.1000000015
4908  32.824  -90.776  -18.404 0.1000000015
4917  34.023  -90.237  -18.480 0.1000000015
5522  35.514  -89.412  -17.389 0.1000000015
5524  34.878  -89.354  -17.225 0.1000000015
5536  35.671  -89.407  -17.594 0.1000000015
5538  34.873  -89.835  -17.505 0.1000000015
5539  33.584  -89.890  -17.375 0.1000000015
5541  30.427  -90.330  -17.907 0.1000000015
5551  34.981  -89.831  -18.373 0.1000000015
5554  32.534  -90.078  -18.538 0.1000000015
6209  30.332  -89.570  -17.889 0.1000000015
6221  31.945  -89.278  -18.589 0.1000000015
7035  30.395  -87.787  -18.112 0.1000000015
7036  30.118  -87.883  -17.736 0.1000000015
7057  30.659  -87.447  -18.356 0.1000000015
7916  39.424  -85.931  -20.244 0.1000000015
8737  35.037  -85.192  -18.757 0.1000000015
8755  38.604  -85.341  -20.200 0.1000000015
8776  40.522  -85.196  -20.105 0.1000000015
8778  39.019  -85.470  -20.322 0.1000000015
9590  35.430  -84.728  -18.863 0.1000000015
9591  35.140  -84.852  -18.778 0.1000000015
9615  35.354  -85.124  -18.847 0.1000000015
9635  41.288  -83.668  -21.158 0.1000000015
9636  41.125  -83.918  -21.082 0.1000000015
10480  38.495  -83.805  -20.166 0.1000000015
10504  27.776  -82.577  -20.297 0.1000000015
11343  34.294  -82.779  -18.700 0.1000000015
11357  38.677  -83.397  -20.397 0.1000000015
11362  33.748  -82.692  -18.771 0.1000000015
11403  39.219  -82.416  -21.387 0.1000000015
12251  34.877  -81.553  -19.009 0.1000000015
12255  31.105  -81.122  -20.173 0.1000000015
13120  35.321  -80.822  -19.373 0.1000000015
13155  27.003  -80.365  -21.814 0.1000000015
13999  32.034  -79.648  -19.753 0.1000000015
14013  33.017  -79.004  -19.802 0.1000000015
14015  29.789  -79.122  -20.459 0.1000000015
14023  27.396  -79.568  -21.902 0.1000000015
14942  31.347  -78.948  -19.913 0.1000000015
14954  28.652  -78.648  -20.982 0.1000000015
14963  28.045  -78.791  -21.562 0.1000000015
15183  38.452  -78.865  -35.972 0.1000000015
15184  37.475  -78.640  -36.461 0.1000000015
15865  32.412  -77.382  -20.106 0.1000000015
15905  28.272  -77.543  -22.432 0.1000000015
15912  28.968  -77.112  -23.912 0.1000000015
16790  28.989  -76.629  -21.603 0.1000000015
16804  38.643  -76.941  -22.172 0.1000000015
16919  47.184  -76.108  -30.041 0.1000000015
16920  46.643  -76.679  -30.224 0.1000000015
16958  37.879  -76.232  -34.661 0.1000000015
16959  37.339  -76.063  -34.822 0.1000000015
17675  34.695  -75.701  -20.660 0.1000000015
17677  33.244  -75.605  -20.360 0.1000000015
17680  30.332  -75.782  -20.613 0.1000000015
17731  31.378  -75.859  -25.084 0.1000000015
17808  47.324  -74.881  -29.292 0.2000000030
17880  36.755  -74.795  -34.580 0.1000000015
18695  30.904  -74.665  -20.744 0.1000000015
18716  32.998  -74.161  -20.714 0.1000000015
18729  29.822  -74.714  -22.122 0.1000000015
18735  30.123  -74.524  -23.402 0.1000000015
18790  33.854  -74.951  -27.621 0.1000000015
18808  46.854  -74.430  -29.207 0.1000000015
18810  45.122  -74.731  -29.395 0.2000000030
18829  48.388  -73.294  -30.306 0.1000000015
18843  48.492  -73.473  -30.644 0.1000000015
18844  48.333  -74.175  -31.042 0.2000000030
18845  47.819  -74.682  -31.599 0.2000000030
18870  37.528  -74.265  -33.567 0.1000000015
18889  36.985  -74.675  -34.081 0.1000000015
19793  36.119  -73.021  -20.596 0.1000000015
19795  31.797  -73.947  -20.746 0.1000000015
19808  42.223  -73.753  -20.906 0.1000000015
19822  50.076  -72.708  -21.870 0.1000000015
19826  30.597  -73.463  -22.306 0.1000000015
19850  31.627  -72.989  -24.626 0.1000000015
19879  34.522  -73.023  -27.442 0.1000000015
19939  47.179  -72.898  -29.896 0.2000000030
19958  48.286  -73.665  -31.608 0.2000000030
19965  48.014  -73.268  -32.176 0.2000000030
19969  37.280  -72.593  -32.714 0.1000000015
19989  36.797  -72.907  -33.081 0.1000000015
20855  42.366  -72.154  -16.848 0.1000000015
20902  44.958  -72.452  -20.742 0.1000000015
20917  47.831  -72.903  -22.368 0.1000000015
20924  31.617  -72.550  -21.700 0.1000000015
20931  50.288  -72.131  -22.124 0.1000000015
20944  31.988  -71.808  -23.919 0.1000000015
20946  30.956  -72.965  -23.384 0.1000000015
20977  33.364  -71.958  -26.056 0.1000000015
21012  35.955  -73.081  -27.319 0.1000000015
21043  48.157  -72.018  -30.505 0.1000000015
21063  48.692  -72.031  -30.993 0.1000000015
21072  48.125  -72.110  -32.348 0.2000000030
21078  37.005  -71.938  -32.653 0.1000000015
21096  36.511  -72.104  -33.281 0.1000000015
21113  36.489  -72.082  -34.367 0.1000000015
21925  42.918  -71.868  -16.737 0.1000000015
21943  45.646  -71.806  -18.162 0.1000000015
21977  44.697  -71.632  -20.623 0.1000000015
21982  39.731  -71.340  -20.231 0.1000000015
21985  36.751  -71.511  -20.491 0.1000000015
22010  33.214  -71.302  -22.283 0.1000000015
22012  31.899  -71.801  -23.168 0.1000000015
22031  31.916  -71.822  -23.545 0.1000000015
22060  33.150  -71.056  -24.562 0.1000000015
22061  32.509  -71.476  -24.241 0.1000000015
22099  34.671  -71.836  -26.376 0.1000000015
22186  47.774  -71.148  -32.634 0.1000000015
22206  42.835  -71.957  -33.625 0.1000000015
22207  42.163  -71.825  -33.507 0.1000000015
22223  45.582  -71.217  -33.844 0.1000000015
22224  44.956  -71.637  -33.842 0.1000000015
23092  45.634  -70.598  -18.224 0.1000000015
23100  46.457  -70.379  -19.004 0.1000000015
23104  51.020  -69.545  -21.279 0.3000000119
23109  44.559  -70.883  -20.846 0.1000000015
23117  36.292  -70.793  -20.915 0.1000000015
23131  35.183  -70.837  -21.738 0.1000000015
23148  34.686  -70.648  -22.265 0.1000000015
23149  33.959  -70.692  -22.571 0.1000000015
23151  32.652  -71.173  -22.983 0.1000000015
23172  32.817  -71.013  -23.120 0.1000000015
23194  35.284  -70.078  -24.456 0.1000000015
23195  34.339  -70.232  -24.285 0.1000000015
23209  49.037  -69.779  -25.400 0.2000000030
23247  42.155  -70.729  -27.059 0.1000000015
23289  48.254  -70.708  -31.265 0.1000000015
23309  48.073  -70.287  -31.729 0.1000000015
23311  38.068  -69.977  -31.698 0.1000000015
23344  46.660  -70.407  -33.307 0.1000000015
23346  43.908  -70.610  -33.644 0.2000000030
23347  43.046  -71.049  -33.548 0.1000000015
23360  45.310  -70.813  -33.856 0.1000000015
24251  44.849  -69.471  -18.202 0.1000000015
24270  48.046  -69.274  -20.309 0.2000000030
24271  41.493  -70.089  -20.755 0.1000000015
24277  36.185  -70.395  -21.327 0.1000000015
24289  35.849  -70.182  -21.763 0.1000000015
24290  35.429  -70.409  -21.961 0.1000000015
24293  51.386  -68.787  -22.717 0.5000000000
24306  51.195  -69.172  -23.600 0.3000000119
24307  50.995  -69.712  -23.935 0.3000000119
24310  37.177  -69.613  -23.222 0.1000000015
24313  34.621  -70.235  -22.770 0.1000000015
24326  50.983  -68.909  -24.133 0.3000000119
24330  35.485  -69.813  -23.796 0.1000000015
24347  50.224  -69.093  -24.885 0.3000000119
24368  45.156  -70.128  -25.824 0.2000000030
24443  47.459  -69.297  -31.490 0.1000000015
24458  47.652  -69.277  -31.932 0.1000000015
24460  37.208  -69.229  -31.691 0.1000000015
24485  36.700  -69.531  -31.938 0.2000000030
24487  35.668  -68.497  -32.505 0.2000000030
24507  46.156  -69.817  -33.362 0.1000000015
24512  41.733  -70.119  -32.959 0.2000000030
24529  45.953  -70.318  -33.594 0.1000000015
24530  45.673  -70.312  -33.601 0.1000000015
25401  45.377  -69.232  -18.727 0.1000000015
25427  50.841  -68.335  -20.997 0.4000000060
25433  51.507  -67.867  -21.714 0.4000000060
25443  40.635  -68.044  -24.097 0.4000000060
25457  49.120  -68.144  -24.803 0.3000000119
25465  38.534  -67.898  -25.079 0.4000000060
25483  50.418  -68.899  -24.664 0.3000000119
25541  40.145  -68.405  -29.540 0.3000000119
25576  47.155  -68.494  -31.337 0.1000000015
25582  41.434  -69.048  -30.346 0.3000000119
25592  39.301  -68.153  -31.674 0.2000000030
25595  36.522  -67.985  -31.457 0.3000000119
25596  35.997  -67.887  -31.636 0.3000000119
25618  38.855  -69.288  -31.745 0.2000000030
25619  36.158  -68.386  -31.773 0.1000000015
25645  44.070  -69.208  -32.899 0.2000000030
25647  35.661  -68.418  -33.360 0.2000000030
25648  35.514  -67.915  -32.924 0.2000000030
25664  35.694  -67.961  -33.511 0.2000000030
25681  36.481  -68.635  -34.628 0.2000000030
26532  44.554  -67.937  -19.037 0.1000000015
26553  51.035  -66.902  -20.972 0.5000000000
26554  50.826  -67.028  -20.911 0.5000000000
26574  51.320  -66.811  -21.449 0.5000000000
26575  51.250  -67.062  -21.335 0.5000000000
26581  51.447  -66.884  -21.651 0.5000000000
26585  51.640  -66.998  -22.025 0.5000000000
26586  51.449  -67.580  -22.362 0.5000000000
26595  50.721  -67.514  -23.123 0.5000000000
26603  39.017  -67.287  -23.624 0.5000000000
26612  50.467  -67.934  -23.629 0.5000000000
26615  48.252  -67.745  -24.725 0.4000000060
26621  42.040  -68.191  -24.511 0.5000000000
26623  39.440  -67.821  -24.157 0.4000000060
26640  48.093  -68.082  -25.188 0.3000000119
26642  46.512  -68.474  -25.458 0.2000000030
26703  47.282  -68.024  -31.699 0.1000000015
26709  42.247  -67.737  -29.837 0.3000000119
26719  47.342  -67.963  -32.146 0.1000000015
26726  36.162  -67.317  -31.321 0.3000000119
26748  39.666  -68.011  -31.747 0.2000000030
26749  35.480  -67.224  -32.309 0.3000000119
26772  35.483  -67.002  -32.969 0.2000000030
26783  36.903  -67.221  -34.683 0.2000000030
26800  37.487  -67.299  -35.146 0.2000000030
27658  51.181  -66.174  -20.959 0.5000000000
27683  51.287  -66.500  -21.370 0.5000000000
27685  50.495  -67.202  -20.748 0.4000000060
27688  48.530  -66.982  -20.469 0.3000000119
27702  51.311  -66.562  -22.169 0.5000000000
27712  38.999  -66.044  -22.653 0.5000000000
27719  51.291  -67.051  -22.482 0.5000000000
27720  51.023  -66.981  -22.649 0.5000000000
27729  42.623  -66.855  -23.368 0.5000000000
27740  48.432  -67.615  -24.271 0.4000000060
27745  44.100  -67.073  -23.850 0.5000000000
27806  45.430  -65.958  -29.996 0.1000000015
27807  44.867  -65.853  -29.601 0.1000000015
27808  43.734  -65.805  -29.003 0.2000000030
27824  38.295  -65.755  -30.617 0.2000000030
27826  37.127  -65.941  -30.625 0.3000000119
27835  46.292  -66.678  -31.371 0.1000000015
27838  42.037  -66.275  -31.735 0.1000000015
27839  41.057  -66.116  -31.481 0.1000000015
27843  36.484  -66.448  -30.896 0.3000000119
27859  42.173  -66.744  -31.895 0.1000000015
27874  36.096  -65.939  -33.580 0.2000000030
27885  37.087  -66.440  -34.552 0.2000000030
27886  36.278  -66.494  -33.994 0.2000000030
27887  35.927  -66.521  -33.646 0.2000000030
27900  37.707  -66.507  -34.968 0.2000000030
28711  37.650  -65.426  -15.310 0.1000000015
28723  38.461  -65.564  -16.244 0.1000000015
28777  50.845  -65.672  -20.666 0.5000000000
28818  51.268  -65.960  -21.374 0.5000000000
28819  41.806  -64.952  -21.641 0.4000000060
28826  50.944  -65.697  -21.920 0.5000000000
28839  38.625  -65.266  -22.539 0.5000000000
28845  46.172  -66.104  -22.723 0.5000000000
28850  38.002  -65.338  -23.237 0.5000000000
28851  37.689  -64.923  -23.794 0.5000000000
28869  38.729  -65.868  -25.917 0.5000000000
28881  39.508  -65.563  -27.018 0.4000000060
28908  43.269  -64.967  -28.696 0.3000000119
28920  43.874  -65.004  -29.002 0.2000000030
28930  45.469  -65.508  -30.834 0.1000000015
28931  39.137  -64.769  -30.761 0.2000000030
28933  37.338  -65.262  -30.646 0.2000000030
28934  36.596  -65.498  -30.816 0.2000000030
28945  45.375  -65.731  -31.304 0.1000000015
28948  42.728  -65.353  -31.673 0.1000000015
28952  38.937  -65.393  -30.715 0.2000000030
28954  35.560  -65.467  -31.864 0.3000000119
28963  46.138  -66.366  -31.844 0.1000000015
28967  43.331  -65.996  -31.886 0.1000000015
28978  36.308  -65.031  -33.460 0.3000000119
29803  37.815  -65.001  -15.931 0.1000000015
29816  37.727  -64.675  -15.978 0.1000000015
29876  51.127  -65.627  -20.879 0.5000000000
29877  50.899  -65.232  -20.713 0.5000000000
29889  51.174  -65.497  -21.034 0.5000000000
29912  47.794  -63.947  -21.734 0.5000000000
29921  38.780  -63.796  -21.737 0.5000000000
29931  50.918  -65.299  -21.538 0.5000000000
29953  37.331  -64.166  -23.689 0.4000000060
29970  37.965  -64.279  -25.818 0.4000000060
29993  40.201  -64.494  -27.660 0.3000000119
30010  40.763  -64.413  -28.047 0.3000000119
30022  44.941  -64.678  -30.393 0.1000000015
30025  43.219  -64.064  -29.092 0.3000000119
30040  39.292  -64.247  -30.869 0.2000000030
30042  37.579  -64.384  -30.601 0.2000000030
30043  36.645  -64.629  -30.737 0.2000000030
30044  36.129  -64.574  -30.953 0.2000000030
30057  44.845  -64.838  -31.047 0.1000000015
30063  39.396  -63.844  -30.944 0.2000000030
30065  35.836  -64.696  -31.352 0.4000000060
30088  36.398  -64.299  -33.405 0.3000000119
30089  35.970  -64.389  -32.921 0.3000000119
30099  38.456  -64.373  -34.969 0.1000000015
30112  38.987  -63.990  -35.237 0.1000000015
30932  44.121  -63.001  -17.485 0.2000000030
30966  50.028  -64.071  -19.788 0.4000000060
31012  50.509  -63.796  -21.219 0.5000000000
31013  48.134  -63.524  -21.851 0.5000000000
31023  38.326  -63.161  -21.924 0.4000000060
31044  48.587  -63.261  -21.988 0.5000000000
31051  37.073  -63.154  -23.605 0.4000000060
31052  36.973  -62.931  -23.817 0.4000000060
31057  36.913  -62.973  -24.052 0.4000000060
31066  37.688  -63.762  -26.069 0.4000000060
31079  38.098  -63.605  -26.644 0.4000000060
31096  40.023  -63.861  -27.915 0.4000000060
31098  38.649  -63.445  -27.178 0.4000000060
31116  39.984  -63.464  -27.980 0.4000000060
31128  44.245  -63.869  -30.202 0.1000000015
31140  44.283  -63.886  -30.453 0.1000000015
31142  43.185  -63.226  -30.916 0.1000000015
31143  38.513  -63.162  -30.716 0.2000000030
31157  44.357  -64.008  -30.956 0.1000000015
31160  41.839  -63.496  -31.390 0.1000000015
31176  35.829  -63.411  -32.475 0.3000000119
31187  36.057  -63.732  -32.920 0.3000000119
31196  39.128  -63.047  -34.981 0.1000000015
31199  36.920  -63.697  -33.752 0.2000000030
31209  39.453  -63.233  -35.261 0.1000000015
31970  49.554  -61.574  -16.360 0.1000000015
31982  37.994  -63.175  -16.039 0.1000000015
32045  50.512  -63.297  -20.766 0.5000000000
32047  43.093  -61.537  -20.651 0.4000000060
32048  42.612  -61.582  -20.619 0.4000000060
32060  48.130  -62.677  -21.906 0.5000000000
32069  39.270  -61.949  -21.537 0.4000000060
32092  50.273  -63.214  -21.262 0.5000000000
32096  38.167  -62.484  -22.334 0.4000000060
32097  37.725  -62.670  -22.807 0.4000000060
32105  37.125  -62.736  -23.796 0.4000000060
32113  36.993  -62.750  -23.999 0.4000000060
32140  37.795  -62.893  -26.912 0.4000000060
32141  37.252  -62.795  -26.367 0.4000000060
32160  39.203  -62.804  -27.782 0.4000000060
32176  42.023  -62.185  -28.813 0.3000000119
32195  43.238  -62.998  -30.358 0.1000000015
32210  42.505  -62.514  -30.756 0.1000000015
32213  39.119  -61.951  -30.658 0.2000000030
32217  35.610  -63.108  -30.902 0.3000000119
32229  42.237  -62.944  -31.313 0.2000000030
32233  38.893  -62.669  -30.783 0.2000000030
32245  36.136  -62.605  -32.763 0.3000000119
32254  37.877  -62.016  -33.761 0.2000000030
32255  37.303  -62.519  -33.654 0.3000000119
32261  39.962  -61.956  -34.879 0.1000000015
32263  38.182  -62.482  -34.145 0.1000000015
32264  37.629  -62.776  -33.936 0.3000000119
32272  41.991  -61.877  -35.998 0.1000000015
32275  39.672  -62.719  -35.127 0.1000000015
32954  49.820  -61.428  -16.588 0.1000000015
33029  42.248  -60.937  -20.583 0.4000000060
33030  41.505  -60.979  -20.754 0.3000000119
33041  49.807  -62.330  -21.133 0.5000000000
33047  44.081  -61.535  -20.779 0.4000000060
33048  43.460  -61.421  -20.671 0.4000000060
33051  38.922  -61.699  -22.015 0.4000000060
33052  38.505  -62.053  -22.121 0.4000000060
33079  39.816  -61.056  -22.415 0.4000000060
33081  38.464  -61.866  -22.544 0.4000000060
33098  40.775  -61.264  -23.609 0.4000000060
33100  39.285  -61.378  -23.592 0.4000000060
33102  37.710  -62.102  -23.837 0.4000000060
33118  40.538  -61.441  -24.156 0.3000000119
33214  41.971  -60.626  -29.344 0.4000000060
33215  38.410  -60.778  -29.851 0.3000000119
33217  37.129  -61.103  -29.579 0.3000000119
33233  39.537  -61.151  -30.495 0.3000000119
33236  36.435  -61.648  -30.001 0.3000000119
33251  41.321  -61.963  -31.140 0.2000000030
33253  35.640  -61.833  -31.617 0.2000000030
33275  39.151  -61.254  -33.979 0.1000000015
33278  36.882  -61.670  -33.328 0.3000000119
33280  41.267  -61.195  -35.216 0.1000000015
33982  45.432  -60.862  -16.314 0.1000000015
34054  45.289  -60.457  -20.660 0.4000000060
34079  42.154  -59.969  -20.895 0.3000000119
34100  49.454  -61.986  -21.189 0.5000000000
34103  41.405  -60.038  -22.224 0.4000000060
34105  39.863  -61.006  -22.763 0.4000000060
34121  46.391  -60.103  -23.951 0.2000000030
34142  45.530  -61.098  -24.309 0.2000000030
34158  40.858  -60.675  -24.924 0.2000000030
34180  37.481  -61.007  -26.239 0.4000000060
34215  41.401  -60.323  -29.219 0.4000000060
34218  39.075  -60.676  -28.027 0.4000000060
34235  42.159  -60.728  -29.806 0.4000000060
34240  37.408  -60.341  -29.431 0.3000000119
34241  36.454  -60.665  -29.634 0.2000000030
34253  42.204  -60.799  -30.044 0.2000000030
34254  41.896  -60.674  -30.178 0.3000000119
34255  40.966  -60.230  -30.300 0.4000000060
34257  39.156  -60.701  -30.208 0.3000000119
34258  36.121  -61.001  -29.898 0.2000000030
34273  35.575  -61.014  -31.112 0.2000000030
34284  36.260  -60.838  -32.673 0.2000000030
34298  38.022  -60.729  -33.470 0.2000000030
34300  36.587  -61.219  -33.097 0.3000000119
34304  40.368  -60.670  -34.456 0.1000000015
35109  49.493  -60.391  -18.810 0.2000000030
35151  45.575  -59.711  -20.738 0.4000000060
35152  44.865  -59.614  -20.703 0.4000000060
35153  43.948  -59.535  -20.692 0.3000000119
35177  43.524  -58.989  -21.261 0.3000000119
35178  42.408  -59.517  -21.329 0.3000000119
35179  41.774  -59.706  -21.790 0.4000000060
35198  42.152  -59.588  -22.259 0.4000000060
35199  41.726  -59.696  -22.073 0.4000000060
35217  47.104  -59.106  -23.788 0.1000000015
35222  42.442  -59.697  -22.660 0.4000000060
35238  46.889  -59.811  -24.000 0.2000000030
35239  42.243  -59.262  -25.029 0.1000000015
35242  40.285  -59.139  -24.602 0.1000000015
35255  40.500  -59.877  -24.757 0.1000000015
35301  40.314  -59.473  -28.813 0.4000000060
35323  35.819  -60.089  -29.813 0.2000000030
35335  35.503  -60.130  -30.672 0.2000000030
35364  37.113  -59.725  -32.801 0.3000000119
35366  35.885  -60.270  -32.153 0.2000000030
35377  39.444  -59.761  -33.693 0.2000000030
35379  37.732  -60.073  -33.179 0.2000000030
35386  41.603  -59.623  -34.538 0.1000000015
35388  40.096  -60.031  -34.148 0.1000000015
36359  44.184  -58.400  -22.374 0.1000000015
36360  43.537  -58.827  -22.452 0.1000000015
36383  47.287  -58.441  -23.698 0.1000000015
36387  43.488  -58.965  -22.707 0.2000000030
36409  39.730  -58.483  -24.536 0.1000000015
36410  39.054  -58.155  -24.685 0.2000000030
36491  39.728  -58.746  -28.501 0.3000000119
36494  36.605  -58.597  -28.800 0.3000000119
36527  36.166  -58.698  -31.545 0.2000000030
36541  39.334  -58.195  -32.797 0.1000000015
36544  36.626  -59.116  -32.237 0.1000000015
36553  41.502  -58.222  -33.852 0.1000000015
37409  47.209  -57.893  -16.768 0.1000000015
37494  45.395  -57.898  -21.989 0.1000000015
37514  46.392  -57.458  -22.391 0.1000000015
37515  45.549  -57.773  -22.483 0.2000000030
37541  46.839  -57.575  -23.132 0.1000000015
37543  45.451  -57.833  -22.867 0.1000000015
37596  37.663  -56.643  -26.374 0.2000000030
37609  37.943  -57.272  -26.497 0.2000000030
37684  36.426  -57.697  -31.166 0.1000000015
37685  35.758  -58.435  -30.739 0.2000000030
37700  40.716  -57.161  -32.776 0.1000000015
37703  37.806  -57.848  -32.255 0.1000000015
37710  41.065  -57.708  -33.324 0.1000000015
37720  43.087  -57.823  -34.340 0.1000000015
38619  49.025  -57.017  -21.783 0.1000000015
38632  48.595  -56.938  -22.084 0.1000000015
38703  37.383  -56.090  -26.685 0.1000000015
38719  37.031  -56.245  -27.176 0.2000000030
38720  36.700  -56.183  -27.711 0.2000000030
38741  36.490  -56.165  -28.332 0.1000000015
38761  36.298  -56.409  -29.013 0.2000000030
38773  37.831  -55.686  -30.785 0.1000000015
38785  40.028  -55.738  -31.791 0.1000000015
38789  36.330  -57.111  -30.688 0.1000000015
38802  40.265  -56.299  -32.247 0.1000000015
38804  38.550  -56.892  -31.975 0.1000000015
38812  41.748  -56.830  -33.193 0.1000000015
39771  36.697  -55.611  -28.089 0.2000000030
39791  36.967  -54.993  -28.384 0.1000000015
39810  37.110  -54.968  -29.301 0.1000000015
39824  39.323  -55.112  -30.916 0.1000000015
39826  37.462  -55.280  -30.175 0.1000000015
39827  36.895  -55.864  -30.175 0.1000000015
39840  41.266  -55.297  -32.191 0.1000000015
40947  38.634  -54.619  -26.948 0.1000000015
40966  38.108  -54.265  -27.572 0.1000000015
40991  37.898  -54.059  -28.374 0.1000000015
41005  37.997  -54.033  -29.122 0.1000000015
41006  37.654  -54.497  -29.391 0.1000000015
41016  39.936  -53.931  -30.662 0.1000000015
41017  39.344  -54.400  -30.605 0.1000000015
41034  40.377  -54.358  -31.159 0.1000000015
41053  42.113  -54.877  -32.320 0.1000000015
41054  41.618  -55.110  -32.241 0.1000000015
42083  38.815  -53.635  -28.024 0.1000000015
42084  38.287  -53.856  -28.136 0.1000000015
42118  39.899  -53.030  -30.137 0.1000000015
42131  41.827  -53.132  -31.009 0.1000000015
42132  41.196  -53.171  -30.781 0.1000000015
42133  40.363  -53.388  -30.577 0.1000000015
42135  39.002  -53.769  -30.070 0.1000000015
43238  39.653  -52.914  -29.227 0.1000000015
43275  42.789  -52.735  -31.023 0.1000000015
