#!ascii label  , from subject sub-01 vox2ras=TkReg
277
27703  50.803  -66.309  -22.380 0.0000000000
27794  40.242  -66.890  -28.334 0.0000000000
23211  47.502  -70.022  -25.259 0.0000000000
27728  43.553  -66.782  -23.526 0.0000000000
23249  41.221  -70.847  -27.950 0.0000000000
24370  43.989  -70.017  -25.854 0.0000000000
22094  41.572  -71.258  -26.673 0.0000000000
25464  39.061  -68.225  -24.912 0.0000000000
28820  41.445  -64.919  -21.619 0.0000000000
25456  49.649  -68.247  -24.618 0.0000000000
25458  45.723  -68.482  -25.293 0.0000000000
25492  42.030  -69.136  -25.733 0.0000000000
25525  39.418  -69.008  -28.334 0.0000000000
22164  40.183  -71.570  -30.196 0.0000000000
27661  49.518  -66.350  -20.439 0.0000000000
23123  51.243  -69.651  -21.700 0.0000000000
22019  49.452  -71.582  -23.524 0.0000000000
29915  45.143  -64.032  -21.644 0.0000000000
22071  43.182  -70.869  -25.733 0.0000000000
26657  38.569  -67.813  -26.048 0.0000000000
26624  38.477  -67.366  -24.509 0.0000000000
24349  48.643  -69.281  -25.515 0.0000000000
25488  46.111  -69.069  -25.672 0.0000000000
23231  42.192  -70.550  -27.118 0.0000000000
24355  42.614  -69.690  -26.300 0.0000000000
24373  41.127  -69.850  -27.301 0.0000000000
24357  40.474  -69.451  -26.584 0.0000000000
24409  40.091  -70.356  -28.444 0.0000000000
23297  40.722  -70.604  -30.359 0.0000000000
21973  50.205  -71.360  -21.016 0.0000000000
23138  50.802  -70.504  -23.051 0.0000000000
19834  50.002  -72.672  -22.283 0.0000000000
27726  45.242  -66.644  -23.535 0.0000000000
28834  44.146  -65.509  -22.517 0.0000000000
31021  40.360  -63.053  -21.143 0.0000000000
31019  42.650  -63.288  -21.093 0.0000000000
23212  46.453  -70.168  -25.284 0.0000000000
24352  45.536  -69.836  -25.755 0.0000000000
23214  44.306  -70.556  -25.597 0.0000000000
22092  42.797  -70.607  -26.250 0.0000000000
22116  41.706  -70.944  -27.306 0.0000000000
26601  40.868  -67.605  -23.620 0.0000000000
27709  42.257  -66.235  -22.714 0.0000000000
27731  40.486  -66.870  -22.996 0.0000000000
28838  39.552  -65.342  -22.243 0.0000000000
27810  41.850  -66.981  -28.942 0.0000000000
26596  50.203  -67.540  -23.427 0.0000000000
27743  45.841  -67.160  -24.219 0.0000000000
26619  44.025  -67.644  -24.425 0.0000000000
25489  45.153  -69.187  -25.605 0.0000000000
25460  43.573  -68.543  -25.061 0.0000000000
26620  42.901  -67.979  -24.474 0.0000000000
25463  40.284  -68.360  -24.731 0.0000000000
25509  39.249  -68.969  -27.164 0.0000000000
26674  39.555  -68.274  -28.622 0.0000000000
23261  40.006  -70.833  -28.864 0.0000000000
23275  39.898  -70.674  -29.434 0.0000000000
25561  40.071  -69.220  -29.862 0.0000000000
26690  40.807  -67.773  -29.499 0.0000000000
28778  50.405  -65.625  -20.451 0.0000000000
27684  51.189  -66.555  -21.164 0.0000000000
26577  50.387  -67.741  -20.783 0.0000000000
25435  51.526  -68.109  -22.267 0.0000000000
25454  51.014  -68.704  -23.787 0.0000000000
24328  50.010  -69.963  -24.914 0.0000000000
23186  48.317  -70.452  -24.801 0.0000000000
22020  48.734  -71.635  -23.309 0.0000000000
23187  47.523  -70.489  -24.545 0.0000000000
29917  43.185  -64.195  -21.443 0.0000000000
28825  51.235  -65.892  -21.698 0.0000000000
29932  50.536  -64.742  -21.571 0.0000000000
28827  50.433  -65.469  -22.047 0.0000000000
27783  39.373  -67.008  -27.645 0.0000000000
27774  38.526  -67.135  -26.083 0.0000000000
24350  47.690  -69.403  -25.574 0.0000000000
25487  47.022  -68.878  -25.644 0.0000000000
24351  46.690  -69.553  -25.533 0.0000000000
24389  41.466  -70.397  -27.628 0.0000000000
24372  42.159  -70.161  -27.089 0.0000000000
24390  40.681  -70.224  -27.977 0.0000000000
22162  42.307  -71.544  -30.710 0.0000000000
20916  50.199  -72.237  -21.437 0.0000000000
27727  44.354  -66.651  -23.505 0.0000000000
28847  44.668  -66.143  -22.973 0.0000000000
28848  43.819  -66.211  -22.984 0.0000000000
32067  41.119  -62.018  -20.844 0.0000000000
23213  45.238  -70.506  -25.516 0.0000000000
22069  44.582  -70.980  -25.319 0.0000000000
22072  42.296  -71.289  -25.893 0.0000000000
22093  42.334  -70.898  -26.692 0.0000000000
22115  41.990  -70.838  -27.222 0.0000000000
26622  40.198  -67.919  -23.958 0.0000000000
26602  39.877  -67.444  -23.487 0.0000000000
27733  38.361  -66.457  -23.489 0.0000000000
27713  38.412  -65.829  -22.897 0.0000000000
29944  39.040  -64.602  -21.953 0.0000000000
26613  49.939  -67.977  -24.005 0.0000000000
26597  49.563  -67.584  -23.707 0.0000000000
26614  49.045  -67.864  -24.351 0.0000000000
26618  45.288  -67.834  -24.626 0.0000000000
24369  44.880  -69.882  -25.886 0.0000000000
24353  44.577  -69.755  -25.832 0.0000000000
25491  43.094  -69.235  -25.617 0.0000000000
25461  42.527  -68.642  -25.049 0.0000000000
25462  41.489  -68.568  -25.009 0.0000000000
25493  40.878  -68.991  -25.764 0.0000000000
24374  40.157  -69.646  -27.313 0.0000000000
24358  39.762  -69.363  -26.719 0.0000000000
26664  39.273  -68.093  -27.824 0.0000000000
18814  40.292  -74.410  -28.894 0.0000000000
21051  40.080  -72.572  -30.198 0.0000000000
21052  39.571  -72.680  -29.709 0.0000000000
22165  39.705  -72.097  -29.980 0.0000000000
22144  39.898  -71.129  -29.765 0.0000000000
23296  41.652  -70.581  -30.544 0.0000000000
24429  40.333  -69.725  -30.151 0.0000000000
24450  41.091  -69.666  -30.430 0.0000000000
25560  40.700  -68.541  -30.021 0.0000000000
25559  41.407  -68.171  -30.066 0.0000000000
29880  49.193  -64.984  -19.841 0.0000000000
28779  49.750  -65.620  -20.267 0.0000000000
27659  51.013  -66.452  -20.897 0.0000000000
27660  50.454  -66.581  -20.649 0.0000000000
24267  50.713  -69.221  -20.999 0.0000000000
25428  50.163  -68.564  -20.789 0.0000000000
24266  51.160  -68.941  -21.350 0.0000000000
25426  51.264  -68.057  -21.359 0.0000000000
24281  51.491  -68.739  -21.922 0.0000000000
25440  51.160  -68.295  -23.131 0.0000000000
23137  51.224  -69.621  -22.651 0.0000000000
22018  50.236  -71.283  -23.535 0.0000000000
23156  50.725  -70.263  -23.894 0.0000000000
23184  50.141  -70.439  -24.422 0.0000000000
23185  49.298  -70.333  -24.943 0.0000000000
22046  49.623  -70.939  -24.154 0.0000000000
22007  47.924  -71.680  -22.770 0.0000000000
22021  48.021  -70.856  -23.770 0.0000000000
28836  41.946  -65.371  -21.895 0.0000000000
29941  42.705  -64.953  -21.795 0.0000000000
29942  42.233  -64.963  -21.698 0.0000000000
31018  43.757  -63.236  -21.163 0.0000000000
25495  38.709  -68.208  -25.591 0.0000000000
25485  49.004  -68.522  -25.172 0.0000000000
26639  48.707  -68.036  -24.900 0.0000000000
25486  47.943  -68.692  -25.517 0.0000000000
24371  43.019  -70.159  -26.292 0.0000000000
24354  43.586  -69.802  -25.919 0.0000000000
24356  41.566  -69.531  -26.535 0.0000000000
24391  39.841  -69.721  -28.037 0.0000000000
22163  41.229  -71.541  -30.588 0.0000000000
23105  50.675  -70.260  -21.201 0.0000000000
23124  50.981  -70.521  -22.135 0.0000000000
21993  50.591  -71.373  -21.735 0.0000000000
22005  50.567  -71.383  -22.576 0.0000000000
20941  50.145  -72.158  -22.752 0.0000000000
28833  45.036  -65.464  -22.495 0.0000000000
29939  44.613  -64.761  -22.090 0.0000000000
29919  40.791  -64.261  -21.437 0.0000000000
29918  42.030  -64.491  -21.467 0.0000000000
31020  41.503  -63.260  -21.031 0.0000000000
32066  42.165  -62.329  -20.731 0.0000000000
23227  44.957  -70.107  -25.887 0.0000000000
23228  44.508  -70.199  -25.779 0.0000000000
23215  43.751  -70.614  -25.596 0.0000000000
23229  43.430  -70.305  -25.865 0.0000000000
23230  42.567  -70.506  -26.679 0.0000000000
23248  41.906  -70.678  -27.423 0.0000000000
26600  42.060  -67.572  -23.880 0.0000000000
28849  43.088  -66.378  -22.983 0.0000000000
27730  41.582  -66.899  -23.154 0.0000000000
27710  41.164  -66.140  -22.537 0.0000000000
27711  40.042  -66.092  -22.554 0.0000000000
27732  39.412  -66.787  -23.010 0.0000000000
28837  40.683  -65.326  -21.923 0.0000000000
29943  39.933  -64.716  -21.762 0.0000000000
29920  39.667  -63.902  -21.500 0.0000000000
27721  50.503  -66.955  -22.872 0.0000000000
27704  50.169  -66.255  -22.520 0.0000000000
27722  49.792  -67.011  -23.137 0.0000000000
27744  44.809  -67.138  -24.037 0.0000000000
26598  43.714  -67.177  -23.926 0.0000000000
25490  44.138  -69.224  -25.565 0.0000000000
25459  44.675  -68.511  -25.104 0.0000000000
26599  43.144  -67.292  -23.959 0.0000000000
25442  41.228  -68.109  -24.257 0.0000000000
25494  39.530  -68.944  -25.890 0.0000000000
25510  38.851  -68.390  -26.304 0.0000000000
26656  38.808  -67.680  -26.847 0.0000000000
27795  39.635  -67.588  -28.345 0.0000000000
22130  40.618  -71.076  -28.068 0.0000000000
19922  39.678  -73.594  -29.220 0.0000000000
23260  40.479  -70.830  -28.376 0.0000000000
24410  39.761  -69.916  -28.898 0.0000000000
23274  40.077  -70.581  -29.978 0.0000000000
24430  39.907  -69.833  -29.638 0.0000000000
25542  39.788  -68.862  -29.337 0.0000000000
26673  40.153  -67.880  -29.139 0.0000000000
26672  41.006  -67.204  -28.951 0.0000000000
29852  50.054  -64.312  -19.940 0.0000000000
29879  49.765  -64.857  -19.998 0.0000000000
29878  50.301  -64.670  -20.206 0.0000000000
28776  51.066  -65.824  -20.795 0.0000000000
28800  51.256  -65.914  -21.039 0.0000000000
27696  51.563  -66.296  -22.100 0.0000000000
25429  49.250  -68.679  -20.610 0.0000000000
27686  49.982  -67.105  -20.628 0.0000000000
26576  50.885  -67.418  -20.966 0.0000000000
26582  51.566  -67.412  -21.852 0.0000000000
26593  51.452  -67.151  -22.328 0.0000000000
26594  51.154  -67.514  -22.771 0.0000000000
25441  50.828  -67.967  -23.376 0.0000000000
25455  50.549  -68.491  -24.125 0.0000000000
23155  51.006  -69.857  -23.448 0.0000000000
24327  50.603  -69.449  -24.495 0.0000000000
25484  49.967  -68.728  -24.854 0.0000000000
24348  49.669  -69.391  -25.189 0.0000000000
23210  48.413  -69.941  -25.383 0.0000000000
22047  48.952  -70.929  -24.145 0.0000000000
28835  43.092  -65.645  -22.433 0.0000000000
29940  43.661  -64.856  -21.998 0.0000000000
29916  44.212  -64.091  -21.549 0.0000000000
19822  50.076  -72.708  -21.870 0.0000000000
19946  39.997  -73.267  -29.908 0.0000000000
20931  50.288  -72.131  -22.124 0.0000000000
22048  48.271  -70.753  -24.121 0.0000000000
22049  47.946  -70.674  -24.202 0.0000000000
23104  51.020  -69.545  -21.279 0.0000000000
23209  49.037  -69.779  -25.400 0.0000000000
23247  42.155  -70.729  -27.059 0.0000000000
24293  51.386  -68.787  -22.717 0.0000000000
24306  51.195  -69.172  -23.600 0.0000000000
24307  50.995  -69.712  -23.935 0.0000000000
24326  50.983  -68.909  -24.133 0.0000000000
24347  50.224  -69.093  -24.885 0.0000000000
24368  45.156  -70.128  -25.824 0.0000000000
25427  50.841  -68.335  -20.997 0.0000000000
25433  51.507  -67.867  -21.714 0.0000000000
25443  40.635  -68.044  -24.097 0.0000000000
25457  49.120  -68.144  -24.803 0.0000000000
25465  38.534  -67.898  -25.079 0.0000000000
25483  50.418  -68.899  -24.664 0.0000000000
25541  40.145  -68.405  -29.540 0.0000000000
25582  41.434  -69.048  -30.346 0.0000000000
26553  51.035  -66.902  -20.972 0.0000000000
26554  50.826  -67.028  -20.911 0.0000000000
26574  51.320  -66.811  -21.449 0.0000000000
26575  51.250  -67.062  -21.335 0.0000000000
26581  51.447  -66.884  -21.651 0.0000000000
26585  51.640  -66.998  -22.025 0.0000000000
26586  51.449  -67.580  -22.362 0.0000000000
26595  50.721  -67.514  -23.123 0.0000000000
26603  39.017  -67.287  -23.624 0.0000000000
26612  50.467  -67.934  -23.629 0.0000000000
26621  42.040  -68.191  -24.511 0.0000000000
26623  39.440  -67.821  -24.157 0.0000000000
26640  48.093  -68.082  -25.188 0.0000000000
27658  51.181  -66.174  -20.959 0.0000000000
27683  51.287  -66.500  -21.370 0.0000000000
27685  50.495  -67.202  -20.748 0.0000000000
27702  51.311  -66.562  -22.169 0.0000000000
27712  38.999  -66.044  -22.653 0.0000000000
27719  51.291  -67.051  -22.482 0.0000000000
27720  51.023  -66.981  -22.649 0.0000000000
27729  42.623  -66.855  -23.368 0.0000000000
27745  44.100  -67.073  -23.850 0.0000000000
28777  50.845  -65.672  -20.666 0.0000000000
28818  51.268  -65.960  -21.374 0.0000000000
28819  41.806  -64.952  -21.641 0.0000000000
28826  50.944  -65.697  -21.920 0.0000000000
28839  38.625  -65.266  -22.539 0.0000000000
28850  38.002  -65.338  -23.237 0.0000000000
29853  49.809  -64.248  -19.750 0.0000000000
29876  51.127  -65.627  -20.879 0.0000000000
29877  50.899  -65.232  -20.713 0.0000000000
29889  51.174  -65.497  -21.034 0.0000000000
29921  38.780  -63.796  -21.737 0.0000000000
30966  50.028  -64.071  -19.788 0.0000000000
