#!ascii label  , from subject sub-01 vox2ras=TkReg
239
92916  25.214  -8.381  -41.277 0.0000000000
83082  24.136  -17.245  -37.363 0.0000000000
97453  23.122  -4.303  -43.838 0.0000000000
108380  19.333  5.630  -43.267 0.0000000000
80663  22.682  -19.030  -37.463 0.0000000000
100518  24.491  -1.317  -44.036 0.0000000000
102246  22.445  0.964  -44.671 0.0000000000
89891  23.730  -10.886  -41.281 0.0000000000
87671  24.618  -12.799  -39.854 0.0000000000
90914  25.904  -10.237  -39.575 0.0000000000
96295  25.392  -5.479  -40.739 0.0000000000
93916  26.206  -7.632  -38.569 0.0000000000
95182  24.283  -6.039  -42.610 0.0000000000
98539  25.539  -3.085  -42.478 0.0000000000
104123  20.428  2.830  -43.448 0.0000000000
103151  21.227  2.210  -45.270 0.0000000000
86581  24.943  -14.712  -37.497 0.0000000000
101412  22.654  -0.368  -44.651 0.0000000000
102237  22.006  0.469  -44.157 0.0000000000
91941  24.246  -9.454  -41.652 0.0000000000
89875  24.992  -10.816  -40.612 0.0000000000
91921  25.653  -9.349  -40.527 0.0000000000
83083  23.701  -17.792  -37.841 0.0000000000
96319  23.351  -5.241  -43.188 0.0000000000
96317  25.090  -4.929  -42.664 0.0000000000
97443  24.383  -3.885  -43.529 0.0000000000
102236  24.630  0.373  -43.783 0.0000000000
101402  25.396  -0.562  -43.188 0.0000000000
108364  20.141  5.702  -42.447 0.0000000000
105163  21.173  3.464  -42.444 0.0000000000
106292  20.118  4.006  -43.181 0.0000000000
108413  18.963  6.004  -46.064 0.0000000000
105218  19.951  4.255  -46.072 0.0000000000
104169  19.519  3.420  -45.207 0.0000000000
105204  21.285  3.667  -45.584 0.0000000000
104166  22.088  2.724  -45.334 0.0000000000
88716  25.744  -12.305  -38.503 0.0000000000
87638  24.783  -13.677  -38.946 0.0000000000
80641  21.789  -19.603  -36.740 0.0000000000
98552  24.017  -3.015  -44.000 0.0000000000
99602  23.104  -2.207  -44.422 0.0000000000
101411  23.538  -0.480  -44.715 0.0000000000
103134  23.689  0.973  -44.699 0.0000000000
87689  23.400  -12.766  -40.300 0.0000000000
88767  23.925  -12.164  -40.591 0.0000000000
88730  25.428  -12.017  -39.367 0.0000000000
89828  26.058  -11.668  -38.390 0.0000000000
95165  25.091  -6.498  -41.240 0.0000000000
93938  25.537  -7.528  -40.212 0.0000000000
95143  25.646  -6.680  -39.621 0.0000000000
92918  23.869  -8.565  -41.665 0.0000000000
93956  23.523  -7.628  -41.689 0.0000000000
93955  24.250  -7.591  -41.734 0.0000000000
96304  25.108  -5.363  -41.773 0.0000000000
97431  25.482  -4.038  -41.992 0.0000000000
99554  26.164  -2.418  -41.222 0.0000000000
99577  25.155  -2.241  -43.241 0.0000000000
100497  25.824  -1.383  -42.157 0.0000000000
103108  21.856  1.784  -42.608 0.0000000000
106294  18.725  4.462  -43.888 0.0000000000
104139  19.242  3.009  -44.470 0.0000000000
103138  20.618  2.038  -44.366 0.0000000000
103122  21.519  1.659  -43.824 0.0000000000
102247  21.938  1.445  -44.758 0.0000000000
104152  22.760  2.583  -44.985 0.0000000000
84337  24.155  -16.255  -38.803 0.0000000000
86609  24.294  -14.257  -39.302 0.0000000000
91904  26.083  -9.077  -39.544 0.0000000000
90898  26.389  -10.145  -38.667 0.0000000000
102229  22.249  0.100  -43.430 0.0000000000
92917  24.622  -8.512  -41.602 0.0000000000
91940  25.088  -9.437  -41.321 0.0000000000
91939  25.517  -8.900  -41.099 0.0000000000
78225  21.761  -20.910  -36.415 0.0000000000
79483  22.373  -20.428  -36.608 0.0000000000
96334  23.467  -4.779  -43.634 0.0000000000
97452  23.688  -4.133  -43.768 0.0000000000
102228  25.017  0.525  -43.160 0.0000000000
108365  19.491  6.150  -42.875 0.0000000000
107353  20.829  5.223  -42.115 0.0000000000
106278  20.606  4.316  -42.683 0.0000000000
106279  20.006  4.611  -43.084 0.0000000000
105217  20.470  4.057  -45.930 0.0000000000
88702  26.122  -12.309  -37.571 0.0000000000
87622  25.648  -13.342  -37.494 0.0000000000
84318  22.305  -16.962  -38.118 0.0000000000
99591  22.823  -2.442  -43.949 0.0000000000
102245  23.251  0.485  -44.880 0.0000000000
102244  23.952  0.372  -44.500 0.0000000000
109359  18.780  7.267  -42.349 0.0000000000
89877  23.593  -11.462  -40.937 0.0000000000
90934  25.334  -10.331  -40.463 0.0000000000
89857  25.259  -11.271  -40.059 0.0000000000
89843  25.870  -11.266  -38.928 0.0000000000
90899  26.103  -10.627  -38.961 0.0000000000
81796  22.096  -19.016  -37.227 0.0000000000
80640  22.644  -19.603  -37.034 0.0000000000
95155  25.409  -6.549  -40.428 0.0000000000
96284  25.636  -5.549  -39.740 0.0000000000
92919  23.084  -8.593  -41.573 0.0000000000
95183  23.696  -5.953  -42.671 0.0000000000
95167  23.941  -6.756  -42.152 0.0000000000
95166  24.648  -6.521  -41.994 0.0000000000
96305  24.753  -5.660  -42.574 0.0000000000
97442  25.034  -4.040  -42.971 0.0000000000
98514  25.915  -3.310  -41.051 0.0000000000
98527  25.927  -3.038  -41.772 0.0000000000
99600  24.099  -2.091  -44.319 0.0000000000
99590  24.717  -2.096  -43.661 0.0000000000
100507  25.618  -1.287  -42.957 0.0000000000
100486  25.976  -1.463  -41.124 0.0000000000
104109  21.710  2.681  -42.087 0.0000000000
104122  21.107  2.564  -43.017 0.0000000000
107412  18.635  5.228  -46.126 0.0000000000
108392  18.347  6.317  -45.420 0.0000000000
105180  18.493  4.265  -44.734 0.0000000000
104140  18.967  3.336  -44.797 0.0000000000
104168  20.388  2.902  -45.365 0.0000000000
104153  19.947  2.495  -44.698 0.0000000000
103152  20.603  2.098  -44.969 0.0000000000
103137  21.344  1.673  -44.740 0.0000000000
102238  21.900  1.288  -44.418 0.0000000000
105190  22.334  3.484  -44.796 0.0000000000
105189  22.922  3.148  -44.442 0.0000000000
104151  23.338  2.569  -44.399 0.0000000000
84353  23.304  -15.924  -39.347 0.0000000000
87672  23.980  -13.155  -40.101 0.0000000000
87652  24.537  -13.361  -39.494 0.0000000000
86593  25.208  -14.038  -37.686 0.0000000000
86594  24.730  -14.454  -38.338 0.0000000000
85491  24.541  -15.501  -37.782 0.0000000000
93928  25.792  -7.598  -39.447 0.0000000000
92899  25.754  -8.379  -40.004 0.0000000000
92883  26.203  -8.417  -38.972 0.0000000000
100528  22.713  -1.505  -44.256 0.0000000000
101404  22.155  -0.736  -43.922 0.0000000000
90952  23.853  -10.259  -41.593 0.0000000000
89890  24.124  -10.697  -41.327 0.0000000000
90951  24.473  -10.280  -41.368 0.0000000000
91922  25.297  -9.897  -40.883 0.0000000000
81812  23.115  -18.580  -37.702 0.0000000000
81782  23.775  -19.035  -36.506 0.0000000000
81795  23.671  -18.589  -37.028 0.0000000000
81781  24.185  -18.475  -36.179 0.0000000000
97410  25.632  -4.489  -40.127 0.0000000000
95184  23.129  -5.759  -42.482 0.0000000000
96318  24.269  -5.102  -43.308 0.0000000000
101410  24.246  -0.501  -44.278 0.0000000000
100517  25.125  -1.272  -43.513 0.0000000000
102235  25.135  0.013  -43.378 0.0000000000
102227  25.277  0.191  -42.736 0.0000000000
105164  20.542  3.410  -43.037 0.0000000000
107411  19.418  5.369  -46.291 0.0000000000
105207  19.288  4.087  -45.604 0.0000000000
104170  19.164  3.679  -45.140 0.0000000000
104167  21.426  2.825  -45.453 0.0000000000
103150  21.703  2.382  -45.338 0.0000000000
105203  21.844  3.304  -45.347 0.0000000000
105191  21.807  3.812  -45.115 0.0000000000
87651  25.045  -12.835  -39.211 0.0000000000
87637  25.293  -13.382  -38.321 0.0000000000
81813  22.388  -18.462  -37.477 0.0000000000
83084  22.757  -17.798  -37.851 0.0000000000
84317  23.254  -17.042  -38.442 0.0000000000
98554  22.954  -3.396  -43.707 0.0000000000
98553  23.353  -3.455  -44.031 0.0000000000
98568  23.139  -2.876  -44.161 0.0000000000
99601  23.548  -2.066  -44.501 0.0000000000
100526  23.870  -1.333  -44.539 0.0000000000
100527  23.206  -1.366  -44.624 0.0000000000
103119  24.166  1.456  -44.155 0.0000000000
108351  19.557  6.703  -42.382 0.0000000000
108366  18.766  6.334  -43.309 0.0000000000
88748  24.472  -12.258  -40.329 0.0000000000
89876  24.441  -11.228  -40.831 0.0000000000
89858  24.797  -11.772  -40.331 0.0000000000
88747  24.973  -12.205  -39.918 0.0000000000
88715  26.133  -11.886  -38.126 0.0000000000
93953  25.279  -7.492  -40.926 0.0000000000
92915  25.559  -8.348  -40.741 0.0000000000
95133  25.933  -6.829  -38.835 0.0000000000
96275  25.925  -5.992  -39.121 0.0000000000
91942  23.452  -9.496  -41.707 0.0000000000
93954  24.861  -7.517  -41.480 0.0000000000
97421  25.538  -4.397  -41.028 0.0000000000
98540  24.876  -2.928  -43.206 0.0000000000
99589  25.298  -1.809  -43.259 0.0000000000
99576  25.592  -2.153  -42.809 0.0000000000
99566  26.065  -2.262  -41.994 0.0000000000
103107  22.371  0.995  -43.116 0.0000000000
107355  18.758  5.841  -43.560 0.0000000000
107372  18.362  5.597  -43.938 0.0000000000
107371  19.033  5.262  -43.516 0.0000000000
106293  19.468  4.316  -43.435 0.0000000000
105178  19.214  3.507  -43.895 0.0000000000
104154  19.355  2.906  -45.006 0.0000000000
104138  19.989  2.604  -43.969 0.0000000000
104137  20.705  2.317  -43.661 0.0000000000
103123  20.648  2.087  -43.959 0.0000000000
103121  22.126  0.807  -43.719 0.0000000000
103136  22.091  1.891  -45.097 0.0000000000
103135  23.222  1.612  -44.815 0.0000000000
103120  23.721  2.070  -44.368 0.0000000000
84338  23.766  -16.365  -39.067 0.0000000000
84316  24.075  -16.558  -38.174 0.0000000000
86627  23.521  -14.222  -39.574 0.0000000000
85529  23.854  -15.030  -39.366 0.0000000000
85509  24.228  -15.566  -38.840 0.0000000000
90913  26.226  -9.669  -39.175 0.0000000000
91903  26.374  -9.171  -38.820 0.0000000000
89842  26.218  -10.813  -38.645 0.0000000000
79484  21.474  -20.282  -36.353 0.0000000000
80662  23.166  -19.162  -37.303 0.0000000000
87688  23.668  -12.574  -40.435 0.0000000000
88703  25.739  -12.861  -37.980 0.0000000000
90935  24.979  -10.376  -40.993 0.0000000000
92884  25.989  -8.278  -39.428 0.0000000000
93917  25.947  -7.499  -38.968 0.0000000000
93927  26.025  -7.892  -39.081 0.0000000000
96335  23.216  -4.805  -43.595 0.0000000000
98566  23.730  -2.478  -44.304 0.0000000000
98567  23.437  -2.692  -44.247 0.0000000000
101403  24.864  -0.549  -43.719 0.0000000000
104155  19.093  3.378  -45.008 0.0000000000
105177  19.919  3.408  -43.491 0.0000000000
105193  18.517  4.343  -44.964 0.0000000000
105205  20.615  3.686  -45.654 0.0000000000
105219  19.492  4.393  -46.081 0.0000000000
105230  20.351  4.328  -46.193 0.0000000000
105231  20.122  4.091  -46.393 0.0000000000
106295  18.320  4.674  -44.480 0.0000000000
106307  18.184  4.684  -45.104 0.0000000000
106329  19.770  4.729  -46.287 0.0000000000
106330  18.886  4.794  -46.088 0.0000000000
106341  19.784  4.494  -46.267 0.0000000000
107356  18.549  6.124  -43.607 0.0000000000
107370  19.601  5.201  -43.190 0.0000000000
108381  19.105  5.866  -43.356 0.0000000000
108414  18.389  5.682  -45.840 0.0000000000
