#!ascii label  , from subject sub-01 vox2ras=TkReg
674
72517  21.049  -25.736  -34.306 0.1428571492
72507  20.006  -25.928  -33.189 0.1428571492
74704  20.650  -24.429  -34.380 0.1428571492
72505  21.911  -26.415  -34.084 0.1428571492
73593  21.477  -25.329  -34.674 0.2857142985
73581  20.168  -25.439  -33.659 0.1428571492
73580  21.947  -25.818  -34.592 0.1428571492
75885  21.619  -23.638  -35.214 0.5714285970
74689  22.599  -24.611  -34.612 0.1428571492
75883  23.359  -23.186  -34.489 0.2857142985
75864  23.607  -23.700  -33.799 0.2857142985
77068  24.631  -22.512  -34.041 0.1428571492
75882  24.009  -23.016  -34.044 0.2857142985
80611  24.995  -19.752  -34.751 0.2857142985
79447  24.100  -20.480  -34.924 0.1428571492
81780  24.971  -18.324  -35.408 0.2857142985
80623  25.234  -19.038  -35.003 0.2857142985
84290  24.558  -16.865  -36.243 0.2857142985
83054  24.697  -17.433  -35.837 0.2857142985
85477  25.413  -15.297  -36.325 0.2857142985
87622  25.648  -13.342  -37.494 0.8571428657
86580  25.486  -14.293  -36.830 0.4285714328
85465  26.017  -15.368  -35.719 0.2857142985
89828  26.058  -11.668  -38.390 0.7142857313
88715  26.133  -11.886  -38.126 0.7142857313
88702  26.122  -12.309  -37.571 0.7142857313
86593  25.208  -14.038  -37.686 0.7142857313
90898  26.389  -10.145  -38.667 0.8571428657
89842  26.218  -10.813  -38.645 0.5714285970
90899  26.103  -10.627  -38.961 0.8571428657
88716  25.744  -12.305  -38.503 0.7142857313
92869  26.477  -8.425  -38.328 0.4285714328
90913  26.226  -9.669  -39.175 0.7142857313
96274  26.226  -5.667  -38.340 0.2857142985
96275  25.925  -5.992  -39.121 0.5714285970
92883  26.203  -8.417  -38.972 0.8571428657
93916  26.206  -7.632  -38.569 0.7142857313
91904  26.083  -9.077  -39.544 0.8571428657
97400  26.256  -4.509  -38.468 0.1428571492
96283  25.968  -5.228  -38.975 0.4285714328
95133  25.933  -6.829  -38.835 0.5714285970
93928  25.792  -7.598  -39.447 0.8571428657
99530  26.384  -2.548  -39.012 0.1428571492
97409  25.935  -4.446  -39.272 0.1428571492
93938  25.537  -7.528  -40.212 0.8571428657
100460  26.311  -1.601  -39.216 0.1428571492
99541  26.161  -2.445  -39.815 0.1428571492
98501  26.069  -3.463  -39.675 0.1428571492
98502  25.814  -3.730  -40.432 0.4285714328
96284  25.636  -5.549  -39.740 0.5714285970
93953  25.279  -7.492  -40.926 0.8571428657
100472  25.945  -1.564  -40.141 0.1428571492
100473  25.771  -1.069  -40.471 0.1428571492
99553  26.134  -2.458  -40.552 0.1428571492
98514  25.915  -3.310  -41.051 0.5714285970
96295  25.392  -5.479  -40.739 0.8571428657
95155  25.409  -6.549  -40.428 0.8571428657
101374  25.623  -0.547  -40.651 0.1428571492
101384  25.567  -0.602  -41.514 0.2857142985
100485  26.165  -1.960  -40.762 0.1428571492
99566  26.065  -2.262  -41.994 0.8571428657
97421  25.538  -4.397  -41.028 0.8571428657
97410  25.632  -4.489  -40.127 0.7142857313
97431  25.482  -4.038  -41.992 0.8571428657
102218  25.264  0.230  -41.835 0.1428571492
103095  25.106  0.929  -42.257 0.1428571492
100497  25.824  -1.383  -42.157 0.4285714328
99576  25.592  -2.153  -42.809 0.8571428657
101393  25.523  -0.575  -42.409 0.4285714328
98540  24.876  -2.928  -43.206 0.8571428657
98539  25.539  -3.085  -42.478 0.8571428657
97442  25.034  -4.040  -42.971 0.8571428657
103105  25.044  0.726  -42.790 0.1428571492
103106  24.772  1.303  -42.993 0.2857142985
102227  25.277  0.191  -42.736 0.5714285970
102235  25.135  0.013  -43.378 0.8571428657
101402  25.396  -0.562  -43.188 0.8571428657
99589  25.298  -1.809  -43.259 0.8571428657
99577  25.155  -2.241  -43.241 0.8571428657
99590  24.717  -2.096  -43.661 0.8571428657
104135  24.420  2.144  -43.299 0.2857142985
102236  24.630  0.373  -43.783 0.7142857313
102228  25.017  0.525  -43.160 0.5714285970
100518  24.491  -1.317  -44.036 0.8571428657
100526  23.870  -1.333  -44.539 0.8571428657
102244  23.952  0.372  -44.500 0.8571428657
101410  24.246  -0.501  -44.278 0.8571428657
101412  22.654  -0.368  -44.651 0.7142857313
100527  23.206  -1.366  -44.624 0.7142857313
103134  23.689  0.973  -44.699 0.8571428657
102245  23.251  0.485  -44.880 0.8571428657
101411  23.538  -0.480  -44.715 0.8571428657
102246  22.445  0.964  -44.671 0.8571428657
104152  22.760  2.583  -44.985 0.7142857313
103136  22.091  1.891  -45.097 0.8571428657
103151  21.227  2.210  -45.270 0.8571428657
104168  20.388  2.902  -45.365 0.7142857313
102247  21.938  1.445  -44.758 0.8571428657
107383  21.269  5.135  -45.267 0.1428571492
103150  21.703  2.382  -45.338 0.8571428657
104167  21.426  2.825  -45.453 0.7142857313
108402  20.896  6.351  -45.888 0.1428571492
105217  20.470  4.057  -45.930 0.5714285970
105218  19.951  4.255  -46.072 0.5714285970
107412  18.635  5.228  -46.126 0.5714285970
107410  20.187  5.314  -46.351 0.1428571492
110419  20.972  8.539  -45.552 0.1428571492
108392  18.347  6.317  -45.420 0.5714285970
111331  20.946  9.491  -44.896 0.1428571492
112231  21.294  10.840  -45.155 0.1428571492
140454  19.315  6.900  -45.724 0.1428571492
108413  18.963  6.004  -46.064 0.5714285970
111320  20.905  10.355  -44.158 0.1428571492
112232  20.742  11.562  -45.009 0.1428571492
140418  20.617  11.153  -44.526 0.1428571492
71364  20.848  -27.014  -33.205 0.1428571492
72492  20.088  -26.401  -33.024 0.1428571492
73592  22.185  -25.266  -34.819 0.2857142985
73579  22.626  -25.548  -34.206 0.1428571492
74687  24.003  -24.449  -33.295 0.2857142985
75865  23.002  -23.921  -34.319 0.2857142985
79446  25.386  -20.616  -34.170 0.2857142985
78187  24.627  -21.586  -34.407 0.1428571492
84302  24.929  -15.789  -36.454 0.2857142985
84303  24.479  -16.358  -36.892 0.2857142985
86581  24.943  -14.712  -37.497 0.5714285970
91891  26.672  -9.262  -38.140 0.2857142985
87637  25.293  -13.382  -38.321 0.7142857313
93900  26.627  -7.602  -37.849 0.1428571492
91921  25.653  -9.349  -40.527 0.8571428657
95143  25.646  -6.680  -39.621 0.7142857313
99554  26.164  -2.418  -41.222 0.8571428657
96304  25.108  -5.363  -41.773 0.8571428657
103119  24.166  1.456  -44.155 0.8571428657
104166  22.088  2.724  -45.334 0.8571428657
105204  21.285  3.667  -45.584 0.7142857313
106339  20.584  4.609  -46.234 0.2857142985
108412  20.032  6.278  -46.170 0.1428571492
113101  21.831  11.430  -45.555 0.1428571492
71352  20.214  -27.064  -32.618 0.1428571492
77085  23.043  -22.469  -35.182 0.2857142985
75884  22.579  -23.598  -35.058 0.4285714328
75897  21.750  -22.905  -35.436 0.2857142985
78188  23.675  -21.565  -34.933 0.1428571492
80610  25.925  -19.355  -34.429 0.2857142985
81768  25.814  -18.370  -34.966 0.2857142985
80624  24.415  -19.336  -35.371 0.2857142985
101361  26.111  -0.709  -39.344 0.1428571492
102207  25.323  0.279  -40.881 0.1428571492
95165  25.091  -6.498  -41.240 1.0000000000
103096  24.958  1.786  -41.950 0.1428571492
104120  24.597  2.463  -42.420 0.1428571492
104136  23.926  2.585  -43.740 0.2857142985
99602  23.104  -2.207  -44.422 0.8571428657
103120  23.721  2.070  -44.368 0.5714285970
105189  22.922  3.148  -44.442 0.5714285970
105190  22.334  3.484  -44.796 0.5714285970
105203  21.844  3.304  -45.347 0.7142857313
105216  20.904  4.114  -45.872 0.4285714328
106304  21.927  4.158  -44.676 0.2857142985
106305  21.525  4.463  -45.058 0.2857142985
107395  21.002  5.331  -45.792 0.1428571492
107396  20.654  5.580  -46.132 0.1428571492
108403  20.459  5.880  -46.189 0.1428571492
110411  19.817  8.411  -44.445 0.2857142985
108411  20.649  6.895  -46.036 0.1428571492
110410  20.331  8.717  -45.087 0.1428571492
111332  20.414  8.955  -44.618 0.1428571492
111307  20.436  10.267  -43.603 0.1428571492
113987  19.815  11.800  -44.688 0.1428571492
140413  20.924  12.220  -45.097 0.1428571492
105176  22.705  3.666  -44.081 0.4285714328
105191  21.807  3.812  -45.115 0.5714285970
72516  21.394  -25.973  -34.346 0.1428571492
73594  20.742  -25.184  -34.226 0.1428571492
72506  20.676  -26.335  -33.769 0.1428571492
72493  19.528  -26.198  -32.447 0.1428571492
74703  21.177  -24.482  -34.754 0.4285714328
74690  20.081  -24.402  -33.835 0.2857142985
74702  21.967  -24.595  -35.187 0.5714285970
74688  23.127  -24.601  -33.845 0.1428571492
77084  23.927  -22.412  -34.565 0.1428571492
88730  25.428  -12.017  -39.367 0.7142857313
91903  26.374  -9.171  -38.820 0.8571428657
98513  26.085  -3.085  -40.309 0.2857142985
98491  26.330  -3.525  -38.758 0.1428571492
100486  25.976  -1.463  -41.124 0.5714285970
98527  25.927  -3.038  -41.772 0.8571428657
100507  25.618  -1.287  -42.957 0.8571428657
100517  25.125  -1.272  -43.513 0.8571428657
99600  24.099  -2.091  -44.319 0.8571428657
103135  23.222  1.612  -44.815 0.8571428657
107411  19.418  5.369  -46.291 0.5714285970
105207  19.288  4.087  -45.604 0.5714285970
111341  21.890  9.875  -45.646 0.1428571492
140458  19.121  7.338  -45.378 0.4285714328
112240  21.983  10.893  -45.812 0.1428571492
109421  20.331  7.343  -45.831 0.1428571492
110420  19.748  7.876  -45.382 0.1428571492
104151  23.338  2.569  -44.399 0.5714285970
77086  22.500  -22.908  -35.331 0.4285714328
81781  24.185  -18.475  -36.179 0.5714285970
111321  20.407  9.259  -43.951 0.1428571492
81782  23.775  -19.035  -36.506 0.5714285970
81796  22.096  -19.016  -37.227 0.5714285970
81797  21.379  -18.630  -36.825 0.2857142985
83083  23.701  -17.792  -37.841 0.5714285970
81813  22.388  -18.462  -37.477 0.5714285970
79484  21.474  -20.282  -36.353 0.4285714328
81812  23.115  -18.580  -37.702 0.5714285970
81798  20.418  -18.561  -36.338 0.2857142985
83068  21.302  -18.138  -36.989 0.4285714328
84317  23.254  -17.042  -38.442 0.5714285970
84318  22.305  -16.962  -38.118 0.5714285970
84337  24.155  -16.255  -38.803 0.5714285970
85509  24.228  -15.566  -38.840 0.7142857313
85510  23.766  -15.687  -39.361 0.4285714328
83085  21.669  -17.806  -37.336 0.4285714328
83069  20.838  -17.995  -36.817 0.2857142985
85491  24.541  -15.501  -37.782 0.7142857313
87638  24.783  -13.677  -38.946 0.7142857313
86627  23.521  -14.222  -39.574 0.4285714328
87672  23.980  -13.155  -40.101 0.7142857313
87689  23.400  -12.766  -40.300 0.5714285970
88767  23.925  -12.164  -40.591 0.7142857313
88768  23.304  -12.104  -40.550 0.2857142985
87652  24.537  -13.361  -39.494 0.7142857313
89858  24.797  -11.772  -40.331 0.7142857313
89877  23.593  -11.462  -40.937 0.7142857313
89890  24.124  -10.697  -41.327 0.7142857313
89891  23.730  -10.886  -41.281 0.7142857313
89878  22.822  -11.198  -40.875 0.4285714328
90953  23.065  -10.445  -41.459 0.4285714328
89843  25.870  -11.266  -38.928 0.5714285970
88747  24.973  -12.205  -39.918 0.5714285970
89857  25.259  -11.271  -40.059 0.5714285970
89875  24.992  -10.816  -40.612 0.5714285970
90951  24.473  -10.280  -41.368 0.7142857313
91941  24.246  -9.454  -41.652 0.7142857313
92917  24.622  -8.512  -41.602 0.7142857313
91942  23.452  -9.496  -41.707 0.7142857313
92919  23.084  -8.593  -41.573 0.5714285970
93956  23.523  -7.628  -41.689 0.5714285970
92899  25.754  -8.379  -40.004 0.7142857313
91922  25.297  -9.897  -40.883 0.5714285970
91939  25.517  -8.900  -41.099 0.7142857313
91940  25.088  -9.437  -41.321 0.7142857313
93954  24.861  -7.517  -41.480 0.8571428657
91943  22.666  -9.490  -41.519 0.4285714328
93955  24.250  -7.591  -41.734 0.7142857313
95166  24.648  -6.521  -41.994 0.7142857313
95167  23.941  -6.756  -42.152 0.7142857313
92915  25.559  -8.348  -40.741 0.5714285970
95182  24.283  -6.039  -42.610 0.7142857313
95183  23.696  -5.953  -42.671 0.5714285970
96319  23.351  -5.241  -43.188 0.2857142985
96305  24.753  -5.660  -42.574 0.7142857313
97453  23.122  -4.303  -43.838 0.7142857313
98552  24.017  -3.015  -44.000 0.8571428657
96318  24.269  -5.102  -43.308 0.8571428657
96334  23.467  -4.779  -43.634 0.5714285970
97452  23.688  -4.133  -43.768 0.8571428657
98553  23.353  -3.455  -44.031 0.8571428657
98554  22.954  -3.396  -43.707 0.7142857313
96317  25.090  -4.929  -42.664 0.8571428657
97443  24.383  -3.885  -43.529 0.8571428657
98568  23.139  -2.876  -44.161 0.8571428657
99601  23.548  -2.066  -44.501 0.8571428657
102237  22.006  0.469  -44.157 0.7142857313
102238  21.900  1.288  -44.418 0.5714285970
102229  22.249  0.100  -43.430 0.7142857313
103137  21.344  1.673  -44.740 0.8571428657
103138  20.618  2.038  -44.366 0.7142857313
103122  21.519  1.659  -43.824 0.7142857313
104123  20.428  2.830  -43.448 0.7142857313
105178  19.214  3.507  -43.895 0.7142857313
105164  20.542  3.410  -43.037 0.5714285970
104153  19.947  2.495  -44.698 0.7142857313
104139  19.242  3.009  -44.470 0.7142857313
106292  20.118  4.006  -43.181 0.5714285970
105179  18.741  3.822  -44.470 0.4285714328
106293  19.468  4.316  -43.435 0.5714285970
106279  20.006  4.611  -43.084 0.5714285970
104154  19.355  2.906  -45.006 0.5714285970
106278  20.606  4.316  -42.683 0.5714285970
106294  18.725  4.462  -43.888 0.5714285970
107371  19.033  5.262  -43.516 0.5714285970
108380  19.333  5.630  -43.267 0.5714285970
107354  20.121  5.202  -42.733 0.4285714328
107353  20.829  5.223  -42.115 0.5714285970
106277  21.319  4.290  -42.072 0.4285714328
108365  19.491  6.150  -42.875 0.5714285970
107372  18.362  5.597  -43.938 0.5714285970
108350  20.106  6.214  -42.096 0.4285714328
106252  21.887  4.428  -40.447 0.4285714328
108351  19.557  6.703  -42.382 0.5714285970
108364  20.141  5.702  -42.447 0.5714285970
140515  18.724  7.806  -41.645 0.4285714328
87621  26.160  -13.190  -36.695 0.2857142985
90934  25.334  -10.331  -40.463 0.5714285970
140496  18.274  7.845  -42.023 0.2857142985
140503  19.347  7.288  -41.737 0.4285714328
109348  19.369  7.360  -41.154 0.2857142985
80640  22.644  -19.603  -37.034 0.5714285970
79483  22.373  -20.428  -36.608 0.5714285970
83066  24.317  -17.498  -36.635 0.2857142985
81794  24.070  -18.137  -36.764 0.4285714328
80641  21.789  -19.603  -36.740 0.5714285970
83082  24.136  -17.245  -37.363 0.5714285970
80642  20.835  -19.544  -36.166 0.2857142985
84319  21.333  -16.699  -37.764 0.4285714328
84339  22.709  -16.283  -38.984 0.4285714328
84353  23.304  -15.924  -39.347 0.5714285970
83086  20.583  -17.206  -37.182 0.2857142985
89811  26.546  -11.633  -37.254 0.2857142985
87674  22.037  -13.409  -39.595 0.2857142985
101404  22.155  -0.736  -43.922 0.7142857313
104137  20.705  2.317  -43.661 0.7142857313
105163  21.173  3.464  -42.444 0.5714285970
104169  19.519  3.420  -45.207 0.5714285970
104140  18.967  3.336  -44.797 0.5714285970
104170  19.164  3.679  -45.140 0.5714285970
105180  18.493  4.265  -44.734 0.5714285970
108366  18.766  6.334  -43.309 0.5714285970
109373  18.661  6.709  -42.848 0.2857142985
85511  22.074  -15.884  -38.871 0.4285714328
90914  25.904  -10.237  -39.575 0.7142857313
87651  25.045  -12.835  -39.211 0.5714285970
103152  20.603  2.098  -44.969 0.8571428657
86594  24.730  -14.454  -38.338 0.5714285970
99591  22.823  -2.442  -43.949 0.7142857313
81795  23.671  -18.589  -37.028 0.5714285970
80663  22.682  -19.030  -37.463 0.5714285970
80639  23.364  -19.525  -36.697 0.4285714328
83084  22.757  -17.798  -37.851 0.5714285970
78225  21.761  -20.910  -36.415 0.5714285970
84316  24.075  -16.558  -38.174 0.5714285970
84338  23.766  -16.365  -39.067 0.5714285970
84340  21.819  -16.275  -38.484 0.4285714328
85529  23.854  -15.030  -39.366 0.5714285970
85530  23.215  -15.208  -39.421 0.4285714328
86609  24.294  -14.257  -39.302 0.5714285970
87673  23.003  -13.310  -39.934 0.4285714328
86628  22.670  -14.303  -39.464 0.4285714328
87671  24.618  -12.799  -39.854 0.7142857313
88748  24.472  -12.258  -40.329 0.7142857313
88750  22.369  -12.585  -39.986 0.2857142985
89876  24.441  -11.228  -40.831 0.7142857313
90952  23.853  -10.259  -41.593 0.7142857313
92918  23.869  -8.565  -41.665 0.7142857313
92916  25.214  -8.381  -41.277 0.5714285970
93957  22.720  -7.636  -41.379 0.2857142985
95184  23.129  -5.759  -42.482 0.5714285970
96306  22.621  -5.731  -41.823 0.2857142985
104138  19.989  2.604  -43.969 0.8571428657
107355  18.758  5.841  -43.560 0.7142857313
109359  18.780  7.267  -42.349 0.5714285970
108337  19.647  6.936  -42.037 0.4285714328
84341  21.071  -16.043  -38.165 0.1428571492
85512  21.466  -15.537  -38.635 0.4285714328
75866  20.102  -23.523  -33.960 0.4285714328
83039  26.314  -17.678  -34.828 0.1428571492
83053  25.612  -17.324  -35.251 0.1428571492
86564  25.941  -14.669  -36.161 0.1428571492
86579  26.155  -14.011  -36.284 0.1428571492
84288  26.141  -16.258  -35.227 0.1428571492
83052  26.411  -16.981  -34.899 0.1428571492
86563  26.602  -14.344  -35.692 0.1428571492
87601  26.566  -13.526  -36.081 0.1428571492
89810  27.093  -11.020  -36.898 0.2857142985
90885  26.822  -10.097  -37.858 0.1428571492
100528  22.713  -1.505  -44.256 0.5714285970
114949  19.543  13.473  -43.923 0.1428571492
114950  18.911  13.619  -44.258 0.1428571492
140417  20.293  11.356  -44.074 0.1428571492
101394  22.557  -0.828  -42.972 0.4285714328
103107  22.371  0.995  -43.116 0.4285714328
112241  17.681  10.907  -45.819 0.2857142985
140470  18.368  8.158  -43.487 0.2857142985
108367  18.482  6.738  -43.689 0.2857142985
109388  18.833  8.290  -43.658 0.2857142985
102208  22.801  0.264  -40.993 0.1428571492
103123  20.648  2.087  -43.959 0.5714285970
111310  17.735  9.600  -43.348 0.2857142985
107384  17.921  5.503  -44.843 0.4285714328
103086  22.484  1.206  -41.111 0.4285714328
104122  21.107  2.564  -43.017 0.5714285970
140476  17.960  8.334  -43.218 0.2857142985
103087  22.157  1.708  -40.478 0.4285714328
104102  21.978  2.779  -41.007 0.2857142985
140504  18.098  8.603  -42.375 0.1428571492
140451  17.783  7.753  -42.661 0.1428571492
140497  17.809  8.085  -42.342 0.1428571492
104089  22.057  2.803  -39.919 0.1428571492
106264  21.619  4.282  -41.342 0.4285714328
112200  17.769  9.509  -42.788 0.1428571492
112211  17.327  10.036  -43.406 0.1428571492
105135  21.927  3.658  -40.870 0.2857142985
140516  18.579  8.221  -41.519 0.2857142985
108305  19.288  8.419  -40.723 0.1428571492
140456  17.973  9.565  -42.203 0.1428571492
140520  17.067  10.331  -42.895 0.1428571492
140461  17.109  10.693  -42.033 0.1428571492
77088  20.754  -22.466  -34.692 0.4285714328
78189  20.308  -21.767  -34.248 0.2857142985
85464  26.901  -15.344  -35.139 0.1428571492
87620  26.744  -12.846  -36.198 0.1428571492
100519  22.625  -1.686  -43.485 0.2857142985
105206  20.037  3.752  -45.582 0.4285714328
140467  18.814  7.358  -44.698 0.2857142985
111325  17.014  10.172  -44.584 0.2857142985
111309  18.381  9.473  -43.489 0.2857142985
112212  16.538  10.352  -44.071 0.2857142985
78175  19.797  -21.915  -33.724 0.2857142985
78186  25.321  -21.445  -33.986 0.1428571492
78173  25.172  -22.006  -33.981 0.1428571492
81767  26.594  -18.350  -34.413 0.1428571492
89826  26.914  -10.599  -37.506 0.1428571492
102209  22.465  0.970  -40.572 0.2857142985
107398  17.985  5.249  -45.378 0.4285714328
140479  16.439  10.396  -45.750 0.2857142985
112224  18.106  10.682  -44.397 0.2857142985
140464  19.194  7.996  -43.885 0.2857142985
112209  19.036  10.411  -43.580 0.2857142985
112233  18.031  10.839  -45.256 0.2857142985
113095  17.910  11.610  -45.555 0.1428571492
113995  17.910  12.659  -45.169 0.1428571492
113988  19.067  11.971  -44.644 0.1428571492
140510  16.089  11.163  -43.226 0.2857142985
112213  16.026  10.544  -45.153 0.2857142985
114954  18.602  12.860  -44.895 0.1428571492
140416  19.847  10.978  -43.549 0.1428571492
140424  18.990  11.275  -43.832 0.1428571492
91878  27.114  -9.273  -37.504 0.2857142985
113103  17.100  11.425  -46.032 0.2857142985
111308  19.514  9.622  -43.574 0.2857142985
77087  21.250  -22.877  -35.084 0.4285714328
75886  20.684  -23.574  -34.542 0.4285714328
89827  26.456  -11.165  -37.999 0.4285714328
106318  18.466  4.561  -45.637 0.4285714328
108404  18.001  5.690  -45.327 0.2857142985
140459  19.623  8.416  -43.942 0.2857142985
103121  22.126  0.807  -43.719 0.5714285970
103108  21.856  1.784  -42.608 0.5714285970
108382  18.078  6.391  -44.491 0.2857142985
140491  18.013  7.876  -42.209 0.2857142985
109374  18.248  6.714  -43.077 0.2857142985
140453  18.003  7.580  -43.252 0.2857142985
84277  26.956  -16.335  -34.801 0.1428571492
101385  22.817  -0.865  -41.800 0.2857142985
111324  17.560  10.191  -44.273 0.2857142985
140471  18.666  7.476  -43.765 0.2857142985
103097  22.426  1.053  -41.984 0.2857142985
103098  22.146  1.882  -41.558 0.4285714328
104109  21.710  2.681  -42.087 0.5714285970
105148  21.649  3.526  -41.654 0.4285714328
78174  20.182  -22.083  -33.862 0.2857142985
87600  27.205  -13.229  -35.611 0.1428571492
100508  22.765  -1.802  -42.462 0.2857142985
112210  18.446  10.568  -43.751 0.2857142985
113088  18.597  11.517  -44.650 0.2857142985
140501  14.416  12.790  -44.425 0.1428571492
140482  15.558  11.069  -45.778 0.1428571492
140514  14.295  14.327  -44.363 0.1428571492
140505  17.702  10.642  -41.058 0.1428571492
140522  13.187  14.602  -43.774 0.1428571492
140495  14.813  11.738  -44.992 0.1428571492
140487  15.390  12.184  -45.911 0.1428571492
140462  15.507  11.637  -42.015 0.1428571492
140506  15.711  12.421  -41.945 0.1428571492
140502  14.479  11.735  -43.653 0.1428571492
140535  13.943  14.667  -43.538 0.1428571492
140499  15.387  10.957  -44.398 0.1428571492
140525  14.361  12.975  -43.274 0.1428571492
140518  16.555  14.009  -41.071 0.1428571492
140523  13.980  14.892  -42.286 0.1428571492
95168  23.159  -6.574  -41.881 0.2857142985
112169  17.755  11.649  -40.853 0.1428571492
140524  15.349  14.603  -41.805 0.1428571492
116460  14.673  14.868  -44.033 0.1428571492
85478  24.897  -15.298  -36.919 0.2857142985
140489  15.039  11.687  -45.748 0.1428571492
113997  16.149  12.621  -45.638 0.1428571492
140500  14.495  13.593  -44.938 0.1428571492
114958  15.418  13.256  -45.527 0.1428571492
140507  16.378  13.398  -41.461 0.1428571492
112180  17.365  13.048  -40.829 0.1428571492
78224  22.252  -21.160  -36.471 0.4285714328
78205  23.199  -21.554  -35.593 0.2857142985
79448  23.486  -21.006  -35.314 0.1428571492
79482  22.960  -20.064  -36.655 0.2857142985
79463  23.323  -20.546  -36.065 0.1428571492
77103  22.837  -22.051  -35.721 0.2857142985
79462  23.876  -19.946  -35.577 0.1428571492
80625  23.833  -19.489  -36.072 0.2857142985
78206  22.704  -21.593  -36.204 0.2857142985
78208  20.828  -21.612  -35.309 0.2857142985
77106  21.062  -22.338  -35.179 0.2857142985
78207  21.704  -21.666  -36.143 0.2857142985
79465  21.177  -20.861  -35.995 0.2857142985
84354  22.894  -15.730  -39.320 0.2857142985
86629  21.801  -14.297  -39.190 0.2857142985
89879  22.204  -11.354  -40.405 0.1428571492
90936  22.552  -10.582  -41.094 0.2857142985
92900  22.303  -8.613  -41.235 0.1428571492
96320  22.855  -5.108  -42.547 0.1428571492
97454  22.884  -4.095  -43.349 0.1428571492
97445  22.726  -4.312  -42.629 0.1428571492
98542  22.727  -3.536  -42.833 0.1428571492
98528  22.525  -3.431  -42.141 0.1428571492
102219  22.651  0.122  -42.432 0.1428571492
102198  22.621  -0.342  -39.876 0.1428571492
107352  21.350  4.731  -41.721 0.1428571492
107340  20.750  5.804  -41.316 0.1428571492
106233  22.040  4.142  -39.786 0.1428571492
107329  20.810  6.240  -40.620 0.1428571492
108336  20.035  6.725  -41.383 0.1428571492
77069  20.150  -22.654  -33.928 0.2857142985
77104  22.286  -22.445  -35.721 0.1428571492
99568  22.746  -2.789  -42.039 0.1428571492
85531  22.313  -15.291  -39.125 0.2857142985
90937  21.925  -10.480  -40.645 0.1428571492
93939  21.905  -7.715  -40.886 0.1428571492
96296  21.501  -6.006  -40.597 0.1428571492
96307  22.166  -5.494  -41.105 0.1428571492
97432  22.409  -4.751  -41.521 0.1428571492
97422  22.295  -4.579  -40.973 0.1428571492
99579  22.790  -2.700  -43.040 0.1428571492
101375  22.782  -1.010  -40.593 0.1428571492
107328  21.389  5.416  -40.524 0.1428571492
107339  21.352  5.005  -41.248 0.1428571492
86610  20.969  -14.817  -38.559 0.2857142985
77105  21.466  -22.332  -35.520 0.2857142985
90954  22.401  -10.135  -41.246 0.1428571492
97444  23.020  -4.689  -43.295 0.1428571492
105122  22.104  3.596  -39.894 0.1428571492
99578  22.681  -3.146  -42.517 0.1428571492
79449  20.045  -20.900  -34.799 0.2857142985
87675  20.972  -13.485  -39.111 0.1428571492
98529  22.567  -3.607  -41.960 0.1428571492
97433  22.219  -5.018  -41.041 0.1428571492
77071  18.887  -22.324  -33.141 0.1428571492
77070  19.361  -22.474  -33.429 0.1428571492
77049  18.519  -22.286  -32.635 0.1428571492
79466  20.436  -20.333  -35.523 0.1428571492
92854  26.892  -8.437  -37.688 0.1428571492
92853  27.359  -8.452  -37.080 0.1428571492
105175  23.301  3.424  -43.742 0.1428571492
74691  19.407  -24.302  -33.141 0.1428571492
78190  19.520  -21.207  -34.143 0.1428571492
79467  19.811  -20.283  -35.059 0.1428571492
79485  20.972  -20.263  -36.023 0.1428571492
81783  20.026  -19.035  -35.829 0.1428571492
105162  23.901  3.511  -42.899 0.1428571492
106289  22.857  4.105  -43.589 0.1428571492
81799  19.831  -18.449  -36.038 0.1428571492
104121  24.235  2.775  -42.964 0.1428571492
75867  19.531  -23.445  -33.484 0.1428571492
80626  20.213  -19.623  -35.676 0.1428571492
75896  22.156  -23.131  -35.416 0.4285714328
79464  22.699  -20.960  -36.415 0.4285714328
80662  23.166  -19.162  -37.303 0.5714285970
81814  21.877  -18.494  -37.255 0.4285714328
83067  24.029  -17.894  -37.164 0.4285714328
85532  21.578  -14.858  -38.851 0.2857142985
87688  23.668  -12.574  -40.435 0.7142857313
88703  25.739  -12.861  -37.980 0.8571428657
88749  22.955  -12.564  -40.270 0.2857142985
89892  23.305  -11.017  -41.174 0.4285714328
90935  24.979  -10.376  -40.993 0.5714285970
92884  25.989  -8.278  -39.428 0.8571428657
93917  25.947  -7.499  -38.968 0.7142857313
93927  26.025  -7.892  -39.081 0.7142857313
96335  23.216  -4.805  -43.595 0.5714285970
98541  22.605  -3.384  -42.368 0.1428571492
98566  23.730  -2.478  -44.304 0.8571428657
98567  23.437  -2.692  -44.247 0.8571428657
99567  22.614  -3.262  -42.238 0.1428571492
101403  24.864  -0.549  -43.719 0.8571428657
104088  22.171  3.324  -40.117 0.2857142985
104101  22.104  3.239  -40.443 0.2857142985
104155  19.093  3.378  -45.008 0.5714285970
105134  22.103  3.703  -40.297 0.1428571492
105177  19.919  3.408  -43.491 0.5714285970
105192  18.810  3.974  -45.026 0.4285714328
105193  18.517  4.343  -44.964 0.5714285970
105205  20.615  3.686  -45.654 0.5714285970
105219  19.492  4.393  -46.081 0.5714285970
105229  20.967  4.233  -46.085 0.2857142985
105230  20.351  4.328  -46.193 0.5714285970
105231  20.122  4.091  -46.393 0.5714285970
106251  22.125  3.980  -40.081 0.1428571492
106295  18.320  4.674  -44.480 0.5714285970
106306  18.492  4.401  -45.198 0.4285714328
106307  18.184  4.684  -45.104 0.5714285970
106317  21.156  4.538  -45.629 0.4285714328
106319  18.084  4.879  -45.518 0.4285714328
106327  20.993  4.703  -45.914 0.2857142985
106328  19.995  4.899  -46.360 0.1428571492
106329  19.770  4.729  -46.287 0.5714285970
106330  18.886  4.794  -46.088 0.5714285970
106340  20.168  4.621  -46.297 0.1428571492
106341  19.784  4.494  -46.267 0.5714285970
107356  18.549  6.124  -43.607 0.7142857313
107370  19.601  5.201  -43.190 0.5714285970
107397  18.143  5.186  -45.779 0.4285714328
107409  20.678  5.060  -46.232 0.1428571492
107421  20.396  4.929  -46.326 0.1428571492
107422  20.166  5.011  -46.363 0.1428571492
108381  19.105  5.866  -43.356 0.5714285970
108414  18.389  5.682  -45.840 0.5714285970
109360  18.104  7.022  -42.641 0.2857142985
110386  18.687  8.760  -43.610 0.2857142985
110399  19.860  8.743  -43.918 0.1428571492
110400  19.362  8.703  -43.768 0.2857142985
111299  17.891  9.191  -42.748 0.1428571492
111306  20.709  10.517  -43.784 0.1428571492
111311  17.229  10.075  -43.933 0.2857142985
111322  19.813  9.082  -43.764 0.2857142985
111323  17.977  10.155  -43.767 0.2857142985
111333  17.321  10.276  -44.927 0.2857142985
111334  16.944  10.304  -45.181 0.2857142985
112225  17.716  10.413  -44.927 0.2857142985
112226  16.592  10.368  -44.971 0.2857142985
112234  17.360  10.467  -45.509 0.2857142985
112242  17.138  10.795  -46.115 0.2857142985
113073  18.452  11.115  -44.063 0.2857142985
113994  18.762  12.232  -44.925 0.1428571492
114956  15.912  13.700  -45.078 0.1428571492
117165  15.255  15.020  -41.863 0.1428571492
140414  20.606  10.876  -43.805 0.1428571492
140422  20.599  12.004  -45.111 0.1428571492
140430  20.445  12.327  -44.818 0.1428571492
140449  17.706  7.280  -42.843 0.2857142985
140450  17.798  6.939  -43.012 0.2857142985
140452  17.768  7.178  -43.066 0.2857142985
140457  15.887  11.469  -42.234 0.1428571492
140460  15.445  11.310  -42.138 0.1428571492
140463  18.135  5.623  -45.563 0.4285714328
140465  15.094  11.253  -42.075 0.1428571492
140466  15.249  11.583  -42.040 0.1428571492
140468  18.786  7.062  -45.420 0.4285714328
140469  18.590  7.889  -43.608 0.2857142985
140472  14.810  11.351  -44.300 0.1428571492
140473  14.282  11.350  -42.741 0.1428571492
140474  14.413  11.391  -42.552 0.1428571492
140475  14.810  11.560  -42.358 0.1428571492
140477  17.979  6.993  -43.177 0.2857142985
140478  17.779  7.899  -43.094 0.2857142985
140480  16.461  11.050  -46.241 0.2857142985
140481  16.339  11.843  -45.985 0.2857142985
140483  14.286  11.593  -42.755 0.1428571492
140484  17.918  6.881  -42.869 0.2857142985
140485  17.674  7.731  -42.994 0.2857142985
140486  15.878  10.500  -45.668 0.2857142985
140488  14.829  11.190  -43.974 0.1428571492
140490  14.445  12.084  -42.641 0.1428571492
140492  17.946  9.097  -42.562 0.1428571492
140493  14.818  12.022  -45.705 0.1428571492
140494  14.670  12.620  -45.463 0.1428571492
140508  15.780  14.193  -41.747 0.1428571492
140509  14.689  14.535  -42.048 0.1428571492
140511  14.536  11.269  -42.841 0.1428571492
140513  13.850  14.012  -44.008 0.1428571492
140519  16.221  14.181  -41.528 0.1428571492
140526  13.754  14.540  -43.729 0.1428571492
140527  14.611  14.969  -41.972 0.1428571492
140528  15.134  14.594  -41.825 0.1428571492
140532  13.596  14.728  -42.816 0.1428571492
140534  15.723  14.595  -41.769 0.1428571492
140536  15.943  14.738  -41.719 0.1428571492
140537  14.327  15.235  -43.331 0.1428571492
140538  16.087  14.273  -41.657 0.1428571492
140540  15.960  14.460  -41.734 0.1428571492
